2.948689814743963800e-09
2.072024402424038105e-09
1.414741419795787237e-09
9.577302320175908642e-10
6.541539315725997899e-10
4.528603184645573660e-10
3.173634028676704986e-10
2.225228504491147683e-10
1.535698368965590439e-10
1.026380463306953093e-10
6.559760201885373085e-11
3.979392453717015520e-11
2.286526504120396123e-11
4.840913597253191158e-09
3.465528668699200372e-09
2.397683235919731343e-09
1.618961165604111177e-09
1.094702274552842762e-09
7.484782113030077528e-10
5.198601200366942684e-10
3.646923776846021062e-10
2.547646604669840226e-10
1.741421743828520231e-10
1.146467990454515778e-10
7.190028726212398100e-11
4.274086903947439335e-11
5.621101335923080426e-09
4.047948329994359942e-09
2.816963300355929590e-09
1.905307860288755403e-09
1.284769562455027602e-09
8.751816038134334884e-10
6.054067390593546465e-10
4.239639785783935431e-10
2.967004623485465506e-10
2.039146964675090599e-10
1.353777162588672601e-10
8.577576346719390101e-11
5.155383202394294417e-11
6.111455811944975888e-09
4.414274745465743880e-09
3.080814537505733843e-09
2.085731541119659919e-09
1.404595225307953776e-09
9.550392608064527633e-10
6.593014017438772838e-10
4.612774701885268005e-10
3.230820406322046026e-10
2.226381137178534007e-10
1.484207175045394188e-10
9.450954859493014188e-11
5.710744742041513770e-11
6.554092067121206716e-09
4.744957088589640702e-09
3.318991731209268971e-09
2.248599071103703021e-09
1.512763501310665545e-09
1.027127577906131166e-09
7.079527328140576722e-10
4.949605113585986738e-10
3.468966471016289049e-10
2.395474989301067020e-10
1.601919373228405975e-10
1.023935110781216889e-10
6.212072059068434063e-11
9.807757862478999532e-09
7.213629694920562975e-09
5.133875776284568018e-09
3.515622278389125446e-09
2.352819007184348832e-09
1.583682196344259911e-09
1.077933463718442095e-09
7.471495778775225220e-10
5.235561157601915578e-10
3.652281540000310152e-10
2.490423068003521728e-10
1.632492657218270518e-10
1.018792708525650083e-10
1.270150743982418574e-08
9.455744343659967492e-09
6.805948937460437530e-09
4.721302741189520904e-09
3.165203130684309847e-09
2.118777462556271666e-09
1.430411956647183105e-09
9.826555062753484440e-10
6.852515453784933873e-10
4.790689718034282120e-10
3.297777775192737192e-10
2.195730053643690729e-10
1.397290542149176291e-10
1.463146663955829513e-08
1.096296929598974611e-08
7.933218026503094109e-09
5.537630145073060892e-09
3.720767272315078567e-09
2.484207166814702465e-09
1.671274661925827877e-09
1.142834047034814262e-09
7.946493092617066324e-10
5.557299951031061830e-10
3.839797348630996543e-10
2.574910880483729168e-10
1.653359718755802961e-10
1.637798012135041645e-08
1.232757207189060833e-08
8.954110981269735093e-09
6.277010437118799144e-09
4.224218058925471870e-09
2.815449924573250707e-09
1.889578082709025327e-09
1.287988335591985394e-09
8.937586552174102879e-10
6.251594918240429998e-10
4.331117851441229939e-10
2.918248596762645346e-10
1.885264336749151923e-10
1.813876875921642925e-08
1.381241939397965333e-08
1.010265564589547500e-08
7.153492922239591567e-09
4.863505594473747913e-09
3.232891629548828410e-09
2.163125515359059802e-09
1.462531371096641332e-09
1.007309845138562411e-09
7.016358750361953525e-10
4.866972034157070141e-10
3.302383050713203256e-10
2.158982973419736984e-10
2.234929488135012801e-08
1.728064693596202385e-08
1.276539020510561596e-08
9.128189520612148005e-09
6.276947415196831023e-09
4.171926257710622530e-09
2.778264943368879948e-09
1.863045715340157484e-09
1.272536073033956729e-09
8.820171696325634021e-10
6.125396475586906023e-10
4.187902924972978269e-10
2.773472673600953823e-10
2.626018527533550509e-08
2.051955573347136396e-08
1.526244664390581521e-08
1.098222654300380788e-08
7.607234050168454558e-09
5.060927769583208928e-09
3.359553079502415411e-09
2.241889316914872193e-09
1.522714662908803872e-09
1.051671963131052733e-09
7.305115851235928003e-10
5.016795378824793465e-10
3.348874200151640850e-10
2.955927912955435412e-08
2.349901327154729323e-08
1.768834965522265866e-08
1.282201727173648039e-08
8.986243698450829804e-09
6.034668755004192299e-09
3.987670129817773872e-09
2.650618335694830701e-09
1.783111695860427132e-09
1.220757832629284031e-09
8.440435598621290000e-10
5.803564162583496489e-10
3.902652815445630309e-10
3.701078690757738427e-08
3.007721362438582099e-08
2.300986414466917278e-08
1.685595727363365121e-08
1.195530235947911075e-08
8.123616143063456662e-09
5.351351995014097668e-09
3.538375530803142825e-09
2.354077699641452662e-09
1.595290323495006582e-09
1.096399402680050578e-09
7.545963047015044734e-10
5.115706330704056532e-10
5.095823453904238467e-08
4.319880816240815864e-08
3.429276035184661815e-08
2.575692190610580081e-08
1.861105733107788741e-08
1.297946816044368409e-08
8.658807378228521702e-09
5.669210325026971681e-09
3.719980514420758224e-09
2.465289271157598868e-09
1.660765357337628471e-09
1.131060777424047470e-09
7.686684640974584573e-10
8.697572933564774172e-07
6.763102020033286713e-07
5.177792308862198489e-07
3.820339334215092306e-07
2.531329754312323445e-07
1.669737409237646362e-07
1.076739889579409115e-07
7.089275601322754434e-08
4.823039868850066958e-08
3.409724707975752908e-08
2.460983487415838002e-08
1.760971987554220678e-08
1.213115564607069891e-08
1.102831774214833720e-06
8.601971386438732934e-07
6.578441792250811504e-07
4.882629908729056211e-07
3.246035104601929031e-07
2.139843045322221243e-07
1.379320108872123030e-07
9.064432071270116861e-08
6.147105167358280255e-08
4.334338166314628863e-08
3.125138758644116396e-08
2.238791425136977304e-08
1.546976351158753771e-08
1.313313657721800691e-06
1.026267517033865896e-06
7.843390841993279821e-07
5.842117928384219610e-07
3.891550676998355859e-07
2.564424733638598997e-07
1.652615213821816601e-07
1.084825777568330375e-07
7.342932455874399920e-08
5.169361377788370390e-08
3.724939123681026901e-08
2.670318989201418357e-08
1.848529990670077282e-08
5.780657500537884741e-07
5.156157276127959038e-07
4.053765071527945553e-07
3.056987993764663630e-07
2.380568949927119317e-07
1.559825966219374271e-07
1.035590892078240464e-07
6.519386176596517751e-08
4.169430920062572768e-08
2.729121452742250957e-08
1.862906351052495312e-08
1.319433425028811237e-08
9.475143910743658390e-09
8.366427280657874100e-07
7.501671303466143705e-07
5.922740155451862995e-07
4.460222707302898854e-07
3.478250479961125901e-07
2.295557809167020064e-07
1.518952251196578763e-07
9.569880086151463443e-08
6.116992911203435300e-08
3.994422669655362279e-08
2.719508839647082536e-08
1.922342341599533919e-08
1.379799550773943344e-08
4.829660135343594491e-07
4.821668501162840090e-07
4.240498314893615967e-07
3.275229156071090088e-07
2.462708685326549414e-07
1.919945583375688654e-07
1.202398063298089087e-07
8.110981476836950364e-08
4.998956510977457985e-08
3.124758775970221621e-08
2.002517208627457812e-08
1.339027822739463086e-08
9.322404672660261969e-09
2.675043739463614445e-07
2.836795726481118577e-07
2.704855718932689915e-07
2.246037043641567511e-07
1.671431755620803198e-07
1.295908520857443558e-07
9.358608532994163938e-08
5.794308489018881113e-08
3.681734472591241911e-08
2.292815375436534024e-08
1.417030819075821324e-08
9.031112992778787260e-09
5.999059191472453944e-09
7.887610982489021161e-05
6.108783075984295036e-05
4.682138632531966660e-05
3.524553569626774608e-05
2.306729064373242710e-05
1.535856724678747614e-05
9.830653807668636373e-06
6.440363410580784481e-06
4.359657411690118124e-06
3.073563260505685679e-06
2.221619534738747370e-06
1.598597567495383828e-06
1.109695904466421136e-06
4.233887814573476495e-05
3.808147482628674555e-05
3.004689524724729938e-05
2.249399364792204666e-05
1.774836155200162848e-05
1.159056966233243491e-05
7.766532773295737607e-06
4.846263145617059386e-06
3.095242847714080669e-06
2.020030786913637910e-06
1.374037667760034453e-06
9.716795465451597988e-07
6.985126758270590518e-07
2.604760648890878683e-05
2.608080111214743544e-05
2.301423710268033426e-05
1.778680706709777896e-05
1.331982009342612351e-05
1.047882269646968877e-05
6.507744469253386330e-06
4.444204012109264173e-06
2.728396261824572905e-06
1.700229954409925900e-06
1.085288457455201819e-06
7.247545797108936978e-07
5.042271919796744263e-07
1.810230095963932107e-05
1.924026553357727546e-05
1.841499316481021926e-05
1.534625953782062246e-05
1.141532213645039499e-05
8.830839260795202066e-06
6.442232956470938916e-06
3.948183343520381452e-06
2.518702121030990486e-06
1.569231430373578828e-06
9.679336754743674110e-07
6.161871995845925647e-07
4.083672378488513476e-07
1.373352803943927007e-05
1.514292735867023073e-05
1.527534276384416860e-05
1.358367498216916704e-05
1.050769625929087649e-05
7.798443482476435413e-06
6.151682176971457472e-06
3.774160845553573681e-06
2.577131920829286786e-06
1.540289742645155721e-06
9.308694845661421091e-07
5.655358758605047274e-07
3.589863539727609784e-07
