9.9900e-04 1.9001e+04 -1.6115e+00
1.0059e-03 1.8791e+04 -1.6109e+00
1.0129e-03 1.8583e+04 -1.6103e+00
1.0199e-03 1.8377e+04 -1.6097e+00
1.0270e-03 1.8174e+04 -1.6091e+00
1.0341e-03 1.7973e+04 -1.6085e+00
1.0413e-03 1.7774e+04 -1.6079e+00
1.0486e-03 1.7577e+04 -1.6073e+00
1.0558e-03 1.7383e+04 -1.6067e+00
1.0632e-03 1.7191e+04 -1.6062e+00
1.0705e-03 1.7001e+04 -1.6056e+00
1.0780e-03 1.6813e+04 -1.6050e+00
1.0854e-03 1.6628e+04 -1.6044e+00
1.0930e-03 1.6444e+04 -1.6039e+00
1.1006e-03 1.6263e+04 -1.6033e+00
1.1082e-03 1.6084e+04 -1.6027e+00
1.1159e-03 1.5906e+04 -1.6022e+00
1.1236e-03 1.5731e+04 -1.6016e+00
1.1314e-03 1.5558e+04 -1.6010e+00
1.1393e-03 1.5387e+04 -1.6005e+00
1.1472e-03 1.5217e+04 -1.5999e+00
1.1551e-03 1.5050e+04 -1.5994e+00
1.1632e-03 1.4884e+04 -1.5988e+00
1.1712e-03 1.4721e+04 -1.5983e+00
1.1794e-03 1.4559e+04 -1.5977e+00
1.1875e-03 1.4399e+04 -1.5972e+00
1.1958e-03 1.4241e+04 -1.5967e+00
1.2041e-03 1.4085e+04 -1.5961e+00
1.2124e-03 1.3930e+04 -1.5956e+00
1.2209e-03 1.3777e+04 -1.5950e+00
1.2293e-03 1.3626e+04 -1.5945e+00
1.2379e-03 1.3477e+04 -1.5940e+00
1.2465e-03 1.3329e+04 -1.5935e+00
1.2551e-03 1.3183e+04 -1.5929e+00
1.2638e-03 1.3038e+04 -1.5924e+00
1.2726e-03 1.2896e+04 -1.5919e+00
1.2814e-03 1.2754e+04 -1.5914e+00
1.2903e-03 1.2615e+04 -1.5909e+00
1.2993e-03 1.2477e+04 -1.5903e+00
1.3083e-03 1.2340e+04 -1.5898e+00
1.3174e-03 1.2206e+04 -1.5893e+00
1.3265e-03 1.2072e+04 -1.5888e+00
1.3357e-03 1.1940e+04 -1.5883e+00
1.3450e-03 1.1810e+04 -1.5878e+00
1.3543e-03 1.1681e+04 -1.5873e+00
1.3637e-03 1.1553e+04 -1.5868e+00
1.3732e-03 1.1427e+04 -1.5863e+00
1.3827e-03 1.1303e+04 -1.5858e+00
1.3923e-03 1.1179e+04 -1.5853e+00
1.4020e-03 1.1057e+04 -1.5849e+00
1.4117e-03 1.0937e+04 -1.5844e+00
1.4215e-03 1.0818e+04 -1.5839e+00
1.4313e-03 1.0700e+04 -1.5834e+00
1.4413e-03 1.0583e+04 -1.5829e+00
1.4513e-03 1.0468e+04 -1.5824e+00
1.4614e-03 1.0354e+04 -1.5820e+00
1.4715e-03 1.0242e+04 -1.5815e+00
1.4817e-03 1.0130e+04 -1.5810e+00
1.4920e-03 1.0020e+04 -1.5806e+00
1.5023e-03 9.9112e+03 -1.5801e+00
1.5128e-03 9.8036e+03 -1.5796e+00
1.5233e-03 9.6971e+03 -1.5792e+00
1.5338e-03 9.5917e+03 -1.5787e+00
1.5445e-03 9.4876e+03 -1.5782e+00
1.5552e-03 9.3846e+03 -1.5778e+00
1.5660e-03 9.2828e+03 -1.5773e+00
1.5769e-03 9.1821e+03 -1.5769e+00
1.5878e-03 9.0825e+03 -1.5764e+00
1.5988e-03 8.9841e+03 -1.5760e+00
1.6099e-03 8.8867e+03 -1.5755e+00
1.6211e-03 8.7904e+03 -1.5751e+00
1.6323e-03 8.6952e+03 -1.5747e+00
1.6437e-03 8.6010e+03 -1.5742e+00
1.6551e-03 8.5079e+03 -1.5738e+00
1.6666e-03 8.4158e+03 -1.5734e+00
1.6781e-03 8.3248e+03 -1.5729e+00
1.6898e-03 8.2347e+03 -1.5725e+00
1.7015e-03 8.1456e+03 -1.5721e+00
1.7133e-03 8.0576e+03 -1.5716e+00
1.7252e-03 7.9705e+03 -1.5712e+00
1.7372e-03 7.8844e+03 -1.5708e+00
1.7492e-03 7.7992e+03 -1.5704e+00
1.7614e-03 7.7150e+03 -1.5700e+00
1.7736e-03 7.6317e+03 -1.5695e+00
1.7859e-03 7.5493e+03 -1.5691e+00
1.7983e-03 7.4678e+03 -1.5687e+00
1.8108e-03 7.3872e+03 -1.5683e+00
1.8233e-03 7.3076e+03 -1.5679e+00
1.8360e-03 7.2288e+03 -1.5675e+00
1.8487e-03 7.1508e+03 -1.5671e+00
1.8616e-03 7.0738e+03 -1.5667e+00
1.8745e-03 6.9975e+03 -1.5663e+00
1.8875e-03 6.9222e+03 -1.5659e+00
1.9006e-03 6.8476e+03 -1.5655e+00
1.9138e-03 6.7739e+03 -1.5651e+00
1.9270e-03 6.7010e+03 -1.5647e+00
1.9404e-03 6.6289e+03 -1.5643e+00
1.9539e-03 6.5575e+03 -1.5639e+00
1.9674e-03 6.4870e+03 -1.5636e+00
1.9811e-03 6.4173e+03 -1.5632e+00
1.9948e-03 6.3483e+03 -1.5628e+00
2.0087e-03 6.2800e+03 -1.5624e+00
2.0226e-03 6.2125e+03 -1.5620e+00
2.0367e-03 6.1458e+03 -1.5617e+00
2.0508e-03 6.0798e+03 -1.5613e+00
2.0650e-03 6.0145e+03 -1.5609e+00
2.0794e-03 5.9499e+03 -1.5606e+00
2.0938e-03 5.8861e+03 -1.5602e+00
2.1083e-03 5.8229e+03 -1.5598e+00
2.1230e-03 5.7604e+03 -1.5595e+00
2.1377e-03 5.6987e+03 -1.5591e+00
2.1525e-03 5.6376e+03 -1.5587e+00
2.1675e-03 5.5771e+03 -1.5584e+00
2.1825e-03 5.5173e+03 -1.5580e+00
2.1976e-03 5.4582e+03 -1.5577e+00
2.2129e-03 5.3997e+03 -1.5573e+00
2.2283e-03 5.3419e+03 -1.5570e+00
2.2437e-03 5.2847e+03 -1.5566e+00
2.2593e-03 5.2281e+03 -1.5563e+00
2.2750e-03 5.1722e+03 -1.5559e+00
2.2908e-03 5.1168e+03 -1.5556e+00
2.3067e-03 5.0621e+03 -1.5553e+00
2.3227e-03 5.0079e+03 -1.5549e+00
2.3388e-03 4.9544e+03 -1.5546e+00
2.3550e-03 4.9014e+03 -1.5542e+00
2.3713e-03 4.8490e+03 -1.5539e+00
2.3878e-03 4.7972e+03 -1.5536e+00
2.4044e-03 4.7459e+03 -1.5532e+00
2.4211e-03 4.6952e+03 -1.5529e+00
2.4379e-03 4.6451e+03 -1.5526e+00
2.4548e-03 4.5955e+03 -1.5523e+00
2.4718e-03 4.5464e+03 -1.5519e+00
2.4890e-03 4.4979e+03 -1.5516e+00
2.5062e-03 4.4499e+03 -1.5513e+00
2.5236e-03 4.4024e+03 -1.5510e+00
2.5411e-03 4.3554e+03 -1.5507e+00
2.5588e-03 4.3090e+03 -1.5504e+00
2.5765e-03 4.2630e+03 -1.5500e+00
2.5944e-03 4.2176e+03 -1.5497e+00
2.6124e-03 4.1726e+03 -1.5494e+00
2.6306e-03 4.1281e+03 -1.5491e+00
2.6488e-03 4.0842e+03 -1.5488e+00
2.6672e-03 4.0407e+03 -1.5485e+00
2.6857e-03 3.9976e+03 -1.5482e+00
2.7043e-03 3.9551e+03 -1.5479e+00
2.7231e-03 3.9129e+03 -1.5476e+00
2.7420e-03 3.8713e+03 -1.5473e+00
2.7610e-03 3.8301e+03 -1.5470e+00
2.7802e-03 3.7893e+03 -1.5467e+00
2.7995e-03 3.7490e+03 -1.5464e+00
2.8189e-03 3.7091e+03 -1.5461e+00
2.8385e-03 3.6697e+03 -1.5458e+00
2.8582e-03 3.6307e+03 -1.5456e+00
2.8780e-03 3.5921e+03 -1.5453e+00
2.8980e-03 3.5539e+03 -1.5450e+00
2.9181e-03 3.5161e+03 -1.5447e+00
2.9383e-03 3.4788e+03 -1.5444e+00
2.9587e-03 3.4418e+03 -1.5441e+00
2.9793e-03 3.4053e+03 -1.5439e+00
2.9999e-03 3.3691e+03 -1.5436e+00
3.0208e-03 3.3333e+03 -1.5433e+00
3.0417e-03 3.2980e+03 -1.5430e+00
3.0628e-03 3.2629e+03 -1.5428e+00
3.0841e-03 3.2283e+03 -1.5425e+00
3.1055e-03 3.1941e+03 -1.5422e+00
3.1270e-03 3.1602e+03 -1.5420e+00
3.1487e-03 3.1267e+03 -1.5417e+00
3.1706e-03 3.0935e+03 -1.5414e+00
3.1926e-03 3.0607e+03 -1.5412e+00
3.2147e-03 3.0283e+03 -1.5409e+00
3.2371e-03 2.9962e+03 -1.5407e+00
3.2595e-03 2.9644e+03 -1.5404e+00
3.2821e-03 2.9330e+03 -1.5401e+00
3.3049e-03 2.9019e+03 -1.5399e+00
3.3279e-03 2.8712e+03 -1.5396e+00
3.3509e-03 2.8408e+03 -1.5394e+00
3.3742e-03 2.8107e+03 -1.5391e+00
3.3976e-03 2.7810e+03 -1.5389e+00
3.4212e-03 2.7515e+03 -1.5386e+00
3.4449e-03 2.7224e+03 -1.5384e+00
3.4688e-03 2.6936e+03 -1.5382e+00
3.4929e-03 2.6651e+03 -1.5379e+00
3.5172e-03 2.6369e+03 -1.5377e+00
3.5416e-03 2.6090e+03 -1.5374e+00
3.5661e-03 2.5814e+03 -1.5372e+00
3.5909e-03 2.5541e+03 -1.5369e+00
3.6158e-03 2.5271e+03 -1.5367e+00
3.6409e-03 2.5004e+03 -1.5365e+00
3.6662e-03 2.4740e+03 -1.5362e+00
3.6916e-03 2.4478e+03 -1.5360e+00
3.7172e-03 2.4220e+03 -1.5358e+00
3.7430e-03 2.3964e+03 -1.5356e+00
3.7690e-03 2.3711e+03 -1.5353e+00
3.7952e-03 2.3460e+03 -1.5351e+00
3.8215e-03 2.3213e+03 -1.5349e+00
3.8480e-03 2.2968e+03 -1.5347e+00
3.8747e-03 2.2725e+03 -1.5344e+00
3.9016e-03 2.2485e+03 -1.5342e+00
3.9287e-03 2.2248e+03 -1.5340e+00
3.9559e-03 2.2013e+03 -1.5338e+00
3.9834e-03 2.1781e+03 -1.5336e+00
4.0110e-03 2.1551e+03 -1.5333e+00
4.0389e-03 2.1324e+03 -1.5331e+00
4.0669e-03 2.1099e+03 -1.5329e+00
4.0951e-03 2.0877e+03 -1.5327e+00
4.1235e-03 2.0656e+03 -1.5325e+00
4.1522e-03 2.0439e+03 -1.5323e+00
4.1810e-03 2.0223e+03 -1.5321e+00
4.2100e-03 2.0010e+03 -1.5319e+00
4.2392e-03 1.9799e+03 -1.5317e+00
4.2686e-03 1.9591e+03 -1.5315e+00
4.2982e-03 1.9384e+03 -1.5312e+00
4.3281e-03 1.9180e+03 -1.5310e+00
4.3581e-03 1.8978e+03 -1.5308e+00
4.3884e-03 1.8778e+03 -1.5306e+00
4.4188e-03 1.8581e+03 -1.5304e+00
4.4495e-03 1.8385e+03 -1.5303e+00
4.4803e-03 1.8191e+03 -1.5301e+00
4.5114e-03 1.8000e+03 -1.5299e+00
4.5427e-03 1.7811e+03 -1.5297e+00
4.5743e-03 1.7623e+03 -1.5295e+00
4.6060e-03 1.7438e+03 -1.5293e+00
4.6380e-03 1.7254e+03 -1.5291e+00
4.6702e-03 1.7073e+03 -1.5289e+00
4.7026e-03 1.6893e+03 -1.5287e+00
4.7352e-03 1.6716e+03 -1.5285e+00
4.7681e-03 1.6540e+03 -1.5283e+00
4.8012e-03 1.6366e+03 -1.5282e+00
4.8345e-03 1.6194e+03 -1.5280e+00
4.8680e-03 1.6024e+03 -1.5278e+00
4.9018e-03 1.5855e+03 -1.5276e+00
4.9358e-03 1.5689e+03 -1.5274e+00
4.9701e-03 1.5524e+03 -1.5273e+00
5.0046e-03 1.5361e+03 -1.5271e+00
5.0393e-03 1.5199e+03 -1.5269e+00
5.0743e-03 1.5040e+03 -1.5267e+00
5.1095e-03 1.4882e+03 -1.5266e+00
5.1449e-03 1.4726e+03 -1.5264e+00
5.1806e-03 1.4571e+03 -1.5262e+00
5.2166e-03 1.4418e+03 -1.5260e+00
5.2528e-03 1.4267e+03 -1.5259e+00
5.2893e-03 1.4117e+03 -1.5257e+00
5.3260e-03 1.3969e+03 -1.5255e+00
5.3629e-03 1.3822e+03 -1.5254e+00
5.4001e-03 1.3677e+03 -1.5252e+00
5.4376e-03 1.3534e+03 -1.5250e+00
5.4753e-03 1.3392e+03 -1.5249e+00
5.5133e-03 1.3251e+03 -1.5247e+00
5.5516e-03 1.3112e+03 -1.5245e+00
5.5901e-03 1.2975e+03 -1.5244e+00
5.6289e-03 1.2839e+03 -1.5242e+00
5.6680e-03 1.2704e+03 -1.5241e+00
5.7073e-03 1.2571e+03 -1.5239e+00
5.7469e-03 1.2439e+03 -1.5237e+00
5.7868e-03 1.2309e+03 -1.5236e+00
5.8270e-03 1.2180e+03 -1.5234e+00
5.8674e-03 1.2052e+03 -1.5233e+00
5.9081e-03 1.1926e+03 -1.5231e+00
5.9491e-03 1.1801e+03 -1.5230e+00
5.9904e-03 1.1677e+03 -1.5228e+00
6.0320e-03 1.1555e+03 -1.5227e+00
6.0738e-03 1.1434e+03 -1.5225e+00
6.1160e-03 1.1314e+03 -1.5224e+00
6.1584e-03 1.1196e+03 -1.5222e+00
6.2012e-03 1.1078e+03 -1.5221e+00
6.2442e-03 1.0962e+03 -1.5219e+00
6.2875e-03 1.0848e+03 -1.5218e+00
6.3312e-03 1.0734e+03 -1.5216e+00
6.3751e-03 1.0622e+03 -1.5215e+00
6.4193e-03 1.0510e+03 -1.5214e+00
6.4639e-03 1.0400e+03 -1.5212e+00
6.5087e-03 1.0292e+03 -1.5211e+00
6.5539e-03 1.0184e+03 -1.5209e+00
6.5994e-03 1.0077e+03 -1.5208e+00
6.6452e-03 9.9719e+02 -1.5207e+00
6.6913e-03 9.8676e+02 -1.5205e+00
6.7377e-03 9.7644e+02 -1.5204e+00
6.7845e-03 9.6623e+02 -1.5203e+00
6.8316e-03 9.5612e+02 -1.5201e+00
6.8790e-03 9.4613e+02 -1.5200e+00
6.9267e-03 9.3623e+02 -1.5199e+00
6.9748e-03 9.2644e+02 -1.5197e+00
7.0232e-03 9.1676e+02 -1.5196e+00
7.0719e-03 9.0718e+02 -1.5195e+00
7.1210e-03 8.9769e+02 -1.5193e+00
7.1704e-03 8.8831e+02 -1.5192e+00
7.2202e-03 8.7903e+02 -1.5191e+00
7.2703e-03 8.6984e+02 -1.5190e+00
7.3208e-03 8.6075e+02 -1.5188e+00
7.3716e-03 8.5176e+02 -1.5187e+00
7.4227e-03 8.4286e+02 -1.5186e+00
7.4742e-03 8.3405e+02 -1.5185e+00
7.5261e-03 8.2534e+02 -1.5183e+00
7.5783e-03 8.1672e+02 -1.5182e+00
7.6309e-03 8.0819e+02 -1.5181e+00
7.6839e-03 7.9975e+02 -1.5180e+00
7.7372e-03 7.9140e+02 -1.5179e+00
7.7909e-03 7.8314e+02 -1.5177e+00
7.8450e-03 7.7496e+02 -1.5176e+00
7.8994e-03 7.6687e+02 -1.5175e+00
7.9542e-03 7.5886e+02 -1.5174e+00
8.0094e-03 7.5094e+02 -1.5173e+00
8.0650e-03 7.4310e+02 -1.5172e+00
8.1210e-03 7.3535e+02 -1.5170e+00
8.1773e-03 7.2767e+02 -1.5169e+00
8.2341e-03 7.2008e+02 -1.5168e+00
8.2912e-03 7.1257e+02 -1.5167e+00
8.3487e-03 7.0513e+02 -1.5166e+00
8.4067e-03 6.9778e+02 -1.5165e+00
8.4650e-03 6.9050e+02 -1.5164e+00
8.5238e-03 6.8329e+02 -1.5163e+00
8.5829e-03 6.7617e+02 -1.5161e+00
8.6425e-03 6.6911e+02 -1.5160e+00
8.7025e-03 6.6214e+02 -1.5159e+00
8.7628e-03 6.5523e+02 -1.5158e+00
8.8237e-03 6.4840e+02 -1.5157e+00
8.8849e-03 6.4164e+02 -1.5156e+00
8.9466e-03 6.3495e+02 -1.5155e+00
9.0086e-03 6.2833e+02 -1.5154e+00
9.0712e-03 6.2178e+02 -1.5153e+00
9.1341e-03 6.1530e+02 -1.5152e+00
9.1975e-03 6.0888e+02 -1.5151e+00
9.2613e-03 6.0254e+02 -1.5150e+00
9.3256e-03 5.9626e+02 -1.5149e+00
9.3903e-03 5.9004e+02 -1.5148e+00
9.4555e-03 5.8389e+02 -1.5147e+00
9.5211e-03 5.7781e+02 -1.5146e+00
9.5872e-03 5.7179e+02 -1.5145e+00
9.6537e-03 5.6583e+02 -1.5144e+00
9.7207e-03 5.5994e+02 -1.5143e+00
9.7881e-03 5.5410e+02 -1.5142e+00
9.8561e-03 5.4833e+02 -1.5141e+00
9.9245e-03 5.4262e+02 -1.5140e+00
9.9933e-03 5.3697e+02 -1.5139e+00
1.0063e-02 5.3138e+02 -1.5138e+00
1.0133e-02 5.2584e+02 -1.5137e+00
1.0203e-02 5.2037e+02 -1.5137e+00
1.0274e-02 5.1495e+02 -1.5136e+00
1.0345e-02 5.0958e+02 -1.5135e+00
1.0417e-02 5.0428e+02 -1.5134e+00
1.0489e-02 4.9903e+02 -1.5133e+00
1.0562e-02 4.9383e+02 -1.5132e+00
1.0635e-02 4.8869e+02 -1.5131e+00
1.0709e-02 4.8361e+02 -1.5130e+00
1.0783e-02 4.7857e+02 -1.5129e+00
1.0858e-02 4.7359e+02 -1.5128e+00
1.0933e-02 4.6866e+02 -1.5128e+00
1.1009e-02 4.6379e+02 -1.5127e+00
1.1086e-02 4.5896e+02 -1.5126e+00
1.1163e-02 4.5418e+02 -1.5125e+00
1.1240e-02 4.4946e+02 -1.5124e+00
1.1318e-02 4.4478e+02 -1.5123e+00
1.1397e-02 4.4015e+02 -1.5123e+00
1.1476e-02 4.3557e+02 -1.5122e+00
1.1555e-02 4.3104e+02 -1.5121e+00
1.1636e-02 4.2656e+02 -1.5120e+00
1.1716e-02 4.2212e+02 -1.5119e+00
1.1798e-02 4.1773e+02 -1.5118e+00
1.1879e-02 4.1339e+02 -1.5118e+00
1.1962e-02 4.0909e+02 -1.5117e+00
1.2045e-02 4.0483e+02 -1.5116e+00
1.2128e-02 4.0062e+02 -1.5115e+00
1.2213e-02 3.9646e+02 -1.5115e+00
1.2297e-02 3.9233e+02 -1.5114e+00
1.2383e-02 3.8826e+02 -1.5113e+00
1.2469e-02 3.8422e+02 -1.5112e+00
1.2555e-02 3.8022e+02 -1.5111e+00
1.2642e-02 3.7627e+02 -1.5111e+00
1.2730e-02 3.7236e+02 -1.5110e+00
1.2818e-02 3.6849e+02 -1.5109e+00
1.2907e-02 3.6466e+02 -1.5108e+00
1.2997e-02 3.6087e+02 -1.5108e+00
1.3087e-02 3.5712e+02 -1.5107e+00
1.3178e-02 3.5341e+02 -1.5106e+00
1.3269e-02 3.4973e+02 -1.5106e+00
1.3361e-02 3.4610e+02 -1.5105e+00
1.3454e-02 3.4250e+02 -1.5104e+00
1.3548e-02 3.3894e+02 -1.5103e+00
1.3642e-02 3.3542e+02 -1.5103e+00
1.3736e-02 3.3194e+02 -1.5102e+00
1.3832e-02 3.2849e+02 -1.5101e+00
1.3928e-02 3.2508e+02 -1.5101e+00
1.4024e-02 3.2170e+02 -1.5100e+00
1.4122e-02 3.1836e+02 -1.5099e+00
1.4220e-02 3.1505e+02 -1.5099e+00
1.4318e-02 3.1178e+02 -1.5098e+00
1.4418e-02 3.0854e+02 -1.5097e+00
1.4518e-02 3.0533e+02 -1.5097e+00
1.4618e-02 3.0216e+02 -1.5096e+00
1.4720e-02 2.9903e+02 -1.5095e+00
1.4822e-02 2.9592e+02 -1.5095e+00
1.4925e-02 2.9285e+02 -1.5094e+00
1.5028e-02 2.8981e+02 -1.5093e+00
1.5133e-02 2.8680e+02 -1.5093e+00
1.5238e-02 2.8382e+02 -1.5092e+00
1.5343e-02 2.8087e+02 -1.5092e+00
1.5450e-02 2.7796e+02 -1.5091e+00
1.5557e-02 2.7507e+02 -1.5090e+00
1.5665e-02 2.7222e+02 -1.5090e+00
1.5774e-02 2.6939e+02 -1.5089e+00
1.5883e-02 2.6659e+02 -1.5088e+00
1.5994e-02 2.6383e+02 -1.5088e+00
1.6105e-02 2.6109e+02 -1.5087e+00
1.6216e-02 2.5838e+02 -1.5087e+00
1.6329e-02 2.5570e+02 -1.5086e+00
1.6442e-02 2.5304e+02 -1.5085e+00
1.6556e-02 2.5042e+02 -1.5085e+00
1.6671e-02 2.4782e+02 -1.5084e+00
1.6787e-02 2.4525e+02 -1.5084e+00
1.6903e-02 2.4270e+02 -1.5083e+00
1.7021e-02 2.4018e+02 -1.5083e+00
1.7139e-02 2.3769e+02 -1.5082e+00
1.7258e-02 2.3522e+02 -1.5081e+00
1.7377e-02 2.3278e+02 -1.5081e+00
1.7498e-02 2.3037e+02 -1.5080e+00
1.7619e-02 2.2798e+02 -1.5080e+00
1.7742e-02 2.2561e+02 -1.5079e+00
1.7865e-02 2.2327e+02 -1.5079e+00
1.7989e-02 2.2096e+02 -1.5078e+00
1.8114e-02 2.1866e+02 -1.5078e+00
1.8239e-02 2.1640e+02 -1.5077e+00
1.8366e-02 2.1415e+02 -1.5077e+00
1.8493e-02 2.1193e+02 -1.5076e+00
1.8622e-02 2.0973e+02 -1.5076e+00
1.8751e-02 2.0756e+02 -1.5075e+00
1.8881e-02 2.0540e+02 -1.5074e+00
1.9012e-02 2.0327e+02 -1.5074e+00
1.9144e-02 2.0117e+02 -1.5073e+00
1.9277e-02 1.9908e+02 -1.5073e+00
1.9411e-02 1.9702e+02 -1.5072e+00
1.9545e-02 1.9497e+02 -1.5072e+00
1.9681e-02 1.9295e+02 -1.5071e+00
1.9818e-02 1.9095e+02 -1.5071e+00
1.9955e-02 1.8897e+02 -1.5070e+00
2.0094e-02 1.8701e+02 -1.5070e+00
2.0233e-02 1.8507e+02 -1.5069e+00
2.0373e-02 1.8315e+02 -1.5069e+00
2.0515e-02 1.8125e+02 -1.5069e+00
2.0657e-02 1.7938e+02 -1.5068e+00
2.0801e-02 1.7752e+02 -1.5068e+00
2.0945e-02 1.7568e+02 -1.5067e+00
2.1090e-02 1.7386e+02 -1.5067e+00
2.1237e-02 1.7205e+02 -1.5066e+00
2.1384e-02 1.7027e+02 -1.5066e+00
2.1532e-02 1.6851e+02 -1.5065e+00
2.1682e-02 1.6676e+02 -1.5065e+00
2.1832e-02 1.6503e+02 -1.5064e+00
2.1984e-02 1.6332e+02 -1.5064e+00
2.2136e-02 1.6163e+02 -1.5063e+00
2.2290e-02 1.5995e+02 -1.5063e+00
2.2445e-02 1.5829e+02 -1.5063e+00
2.2600e-02 1.5665e+02 -1.5062e+00
2.2757e-02 1.5503e+02 -1.5062e+00
2.2915e-02 1.5342e+02 -1.5061e+00
2.3074e-02 1.5184e+02 -1.5061e+00
2.3234e-02 1.5026e+02 -1.5060e+00
2.3396e-02 1.4871e+02 -1.5060e+00
2.3558e-02 1.4716e+02 -1.5060e+00
2.3721e-02 1.4564e+02 -1.5059e+00
2.3886e-02 1.4413e+02 -1.5059e+00
2.4052e-02 1.4264e+02 -1.5058e+00
2.4219e-02 1.4116e+02 -1.5058e+00
2.4387e-02 1.3970e+02 -1.5057e+00
2.4556e-02 1.3825e+02 -1.5057e+00
2.4726e-02 1.3682e+02 -1.5057e+00
2.4898e-02 1.3540e+02 -1.5056e+00
2.5071e-02 1.3400e+02 -1.5056e+00
2.5245e-02 1.3261e+02 -1.5055e+00
2.5420e-02 1.3124e+02 -1.5055e+00
2.5596e-02 1.2988e+02 -1.5055e+00
2.5774e-02 1.2853e+02 -1.5054e+00
2.5953e-02 1.2720e+02 -1.5054e+00
2.6133e-02 1.2588e+02 -1.5054e+00
2.6314e-02 1.2458e+02 -1.5053e+00
2.6497e-02 1.2329e+02 -1.5053e+00
2.6681e-02 1.2201e+02 -1.5052e+00
2.6866e-02 1.2075e+02 -1.5052e+00
2.7052e-02 1.1950e+02 -1.5052e+00
2.7240e-02 1.1826e+02 -1.5051e+00
2.7429e-02 1.1704e+02 -1.5051e+00
2.7620e-02 1.1583e+02 -1.5051e+00
2.7811e-02 1.1463e+02 -1.5050e+00
2.8004e-02 1.1344e+02 -1.5050e+00
2.8199e-02 1.1226e+02 -1.5049e+00
2.8394e-02 1.1110e+02 -1.5049e+00
2.8591e-02 1.0995e+02 -1.5049e+00
2.8790e-02 1.0881e+02 -1.5048e+00
2.8989e-02 1.0769e+02 -1.5048e+00
2.9191e-02 1.0657e+02 -1.5048e+00
2.9393e-02 1.0547e+02 -1.5047e+00
2.9597e-02 1.0438e+02 -1.5047e+00
2.9803e-02 1.0330e+02 -1.5047e+00
3.0009e-02 1.0223e+02 -1.5046e+00
3.0218e-02 1.0117e+02 -1.5046e+00
3.0427e-02 1.0012e+02 -1.5046e+00
3.0638e-02 9.9086e+01 -1.5045e+00
3.0851e-02 9.8060e+01 -1.5045e+00
3.1065e-02 9.7045e+01 -1.5045e+00
3.1281e-02 9.6041e+01 -1.5044e+00
3.1498e-02 9.5047e+01 -1.5044e+00
3.1716e-02 9.4063e+01 -1.5044e+00
3.1937e-02 9.3090e+01 -1.5043e+00
3.2158e-02 9.2126e+01 -1.5043e+00
3.2381e-02 9.1173e+01 -1.5043e+00
3.2606e-02 9.0229e+01 -1.5042e+00
3.2832e-02 8.9295e+01 -1.5042e+00
3.3060e-02 8.8371e+01 -1.5042e+00
3.3290e-02 8.7457e+01 -1.5041e+00
3.3521e-02 8.6552e+01 -1.5041e+00
3.3753e-02 8.5656e+01 -1.5041e+00
3.3987e-02 8.4770e+01 -1.5040e+00
3.4223e-02 8.3893e+01 -1.5040e+00
3.4461e-02 8.3025e+01 -1.5040e+00
3.4700e-02 8.2166e+01 -1.5039e+00
3.4941e-02 8.1316e+01 -1.5039e+00
3.5183e-02 8.0474e+01 -1.5039e+00
3.5427e-02 7.9642e+01 -1.5038e+00
3.5673e-02 7.8818e+01 -1.5038e+00
3.5921e-02 7.8002e+01 -1.5038e+00
3.6170e-02 7.7195e+01 -1.5037e+00
3.6421e-02 7.6397e+01 -1.5037e+00
3.6674e-02 7.5606e+01 -1.5037e+00
3.6928e-02 7.4824e+01 -1.5037e+00
3.7185e-02 7.4050e+01 -1.5036e+00
3.7443e-02 7.3284e+01 -1.5036e+00
3.7703e-02 7.2526e+01 -1.5036e+00
3.7964e-02 7.1776e+01 -1.5035e+00
3.8228e-02 7.1033e+01 -1.5035e+00
3.8493e-02 7.0299e+01 -1.5035e+00
3.8760e-02 6.9571e+01 -1.5034e+00
3.9029e-02 6.8852e+01 -1.5034e+00
3.9300e-02 6.8140e+01 -1.5034e+00
3.9573e-02 6.7435e+01 -1.5034e+00
3.9847e-02 6.6737e+01 -1.5033e+00
4.0124e-02 6.6047e+01 -1.5033e+00
4.0402e-02 6.5364e+01 -1.5033e+00
4.0683e-02 6.4688e+01 -1.5032e+00
4.0965e-02 6.4019e+01 -1.5032e+00
4.1249e-02 6.3357e+01 -1.5032e+00
4.1535e-02 6.2702e+01 -1.5031e+00
4.1824e-02 6.2053e+01 -1.5031e+00
4.2114e-02 6.1412e+01 -1.5031e+00
4.2406e-02 6.0777e+01 -1.5031e+00
4.2700e-02 6.0148e+01 -1.5030e+00
4.2997e-02 5.9526e+01 -1.5030e+00
4.3295e-02 5.8911e+01 -1.5030e+00
4.3596e-02 5.8302e+01 -1.5029e+00
4.3898e-02 5.7699e+01 -1.5029e+00
4.4203e-02 5.7102e+01 -1.5029e+00
4.4510e-02 5.6512e+01 -1.5029e+00
4.4818e-02 5.5927e+01 -1.5028e+00
4.5129e-02 5.5349e+01 -1.5028e+00
4.5443e-02 5.4777e+01 -1.5028e+00
4.5758e-02 5.4211e+01 -1.5027e+00
4.6076e-02 5.3650e+01 -1.5027e+00
4.6395e-02 5.3096e+01 -1.5027e+00
4.6717e-02 5.2547e+01 -1.5027e+00
4.7041e-02 5.2003e+01 -1.5026e+00
4.7368e-02 5.1466e+01 -1.5026e+00
4.7697e-02 5.0934e+01 -1.5026e+00
4.8028e-02 5.0407e+01 -1.5025e+00
4.8361e-02 4.9886e+01 -1.5025e+00
4.8697e-02 4.9370e+01 -1.5025e+00
4.9034e-02 4.8860e+01 -1.5024e+00
4.9375e-02 4.8355e+01 -1.5024e+00
4.9717e-02 4.7855e+01 -1.5024e+00
5.0062e-02 4.7361e+01 -1.5024e+00
5.0410e-02 4.6871e+01 -1.5023e+00
5.0760e-02 4.6387e+01 -1.5023e+00
5.1112e-02 4.5907e+01 -1.5023e+00
5.1467e-02 4.5433e+01 -1.5022e+00
5.1824e-02 4.4963e+01 -1.5022e+00
5.2183e-02 4.4499e+01 -1.5022e+00
5.2546e-02 4.4039e+01 -1.5022e+00
5.2910e-02 4.3584e+01 -1.5021e+00
5.3277e-02 4.3133e+01 -1.5021e+00
5.3647e-02 4.2687e+01 -1.5021e+00
5.4019e-02 4.2246e+01 -1.5020e+00
5.4394e-02 4.1810e+01 -1.5020e+00
5.4772e-02 4.1378e+01 -1.5020e+00
5.5152e-02 4.0950e+01 -1.5019e+00
5.5535e-02 4.0527e+01 -1.5019e+00
5.5920e-02 4.0108e+01 -1.5019e+00
5.6308e-02 3.9694e+01 -1.5018e+00
5.6699e-02 3.9284e+01 -1.5018e+00
5.7092e-02 3.8878e+01 -1.5018e+00
5.7488e-02 3.8476e+01 -1.5017e+00
5.7887e-02 3.8079e+01 -1.5017e+00
5.8289e-02 3.7685e+01 -1.5017e+00
5.8694e-02 3.7296e+01 -1.5016e+00
5.9101e-02 3.6911e+01 -1.5016e+00
5.9511e-02 3.6529e+01 -1.5016e+00
5.9924e-02 3.6152e+01 -1.5015e+00
6.0340e-02 3.5778e+01 -1.5015e+00
6.0759e-02 3.5409e+01 -1.5015e+00
6.1180e-02 3.5043e+01 -1.5014e+00
6.1605e-02 3.4681e+01 -1.5014e+00
6.2032e-02 3.4323e+01 -1.5014e+00
6.2463e-02 3.3968e+01 -1.5013e+00
6.2896e-02 3.3617e+01 -1.5013e+00
6.3333e-02 3.3270e+01 -1.5013e+00
6.3772e-02 3.2927e+01 -1.5012e+00
6.4215e-02 3.2586e+01 -1.5012e+00
6.4660e-02 3.2250e+01 -1.5012e+00
6.5109e-02 3.1917e+01 -1.5011e+00
6.5561e-02 3.1587e+01 -1.5011e+00
6.6016e-02 3.1261e+01 -1.5011e+00
6.6474e-02 3.0938e+01 -1.5010e+00
6.6935e-02 3.0619e+01 -1.5010e+00
6.7400e-02 3.0303e+01 -1.5009e+00
6.7868e-02 2.9990e+01 -1.5009e+00
6.8339e-02 2.9680e+01 -1.5009e+00
6.8813e-02 2.9373e+01 -1.5008e+00
6.9290e-02 2.9070e+01 -1.5008e+00
6.9771e-02 2.8770e+01 -1.5007e+00
7.0255e-02 2.8473e+01 -1.5007e+00
7.0743e-02 2.8179e+01 -1.5007e+00
7.1234e-02 2.7888e+01 -1.5006e+00
7.1728e-02 2.7600e+01 -1.5006e+00
7.2226e-02 2.7315e+01 -1.5005e+00
7.2727e-02 2.7033e+01 -1.5005e+00
7.3232e-02 2.6754e+01 -1.5004e+00
7.3740e-02 2.6478e+01 -1.5004e+00
7.4252e-02 2.6205e+01 -1.5003e+00
7.4767e-02 2.5934e+01 -1.5003e+00
7.5286e-02 2.5667e+01 -1.5003e+00
7.5808e-02 2.5402e+01 -1.5002e+00
7.6335e-02 2.5139e+01 -1.5002e+00
7.6864e-02 2.4880e+01 -1.5001e+00
7.7398e-02 2.4623e+01 -1.5001e+00
7.7935e-02 2.4369e+01 -1.5000e+00
7.8476e-02 2.4118e+01 -1.5000e+00
7.9020e-02 2.3869e+01 -1.4999e+00
7.9569e-02 2.3622e+01 -1.4999e+00
8.0121e-02 2.3379e+01 -1.4998e+00
8.0677e-02 2.3137e+01 -1.4997e+00
8.1237e-02 2.2899e+01 -1.4997e+00
8.1800e-02 2.2662e+01 -1.4996e+00
8.2368e-02 2.2429e+01 -1.4996e+00
8.2940e-02 2.2197e+01 -1.4995e+00
8.3515e-02 2.1968e+01 -1.4995e+00
8.4095e-02 2.1742e+01 -1.4994e+00
8.4678e-02 2.1517e+01 -1.4993e+00
8.5266e-02 2.1295e+01 -1.4993e+00
8.5858e-02 2.1076e+01 -1.4992e+00
8.6454e-02 2.0858e+01 -1.4992e+00
8.7054e-02 2.0643e+01 -1.4991e+00
8.7658e-02 2.0430e+01 -1.4990e+00
8.8266e-02 2.0220e+01 -1.4990e+00
8.8879e-02 2.0011e+01 -1.4989e+00
8.9495e-02 1.9805e+01 -1.4988e+00
9.0116e-02 1.9601e+01 -1.4988e+00
9.0742e-02 1.9398e+01 -1.4987e+00
9.1371e-02 1.9198e+01 -1.4986e+00
9.2006e-02 1.9000e+01 -1.4986e+00
9.2644e-02 1.8805e+01 -1.4985e+00
9.3287e-02 1.8611e+01 -1.4984e+00
9.3934e-02 1.8419e+01 -1.4983e+00
9.4586e-02 1.8229e+01 -1.4983e+00
9.5243e-02 1.8041e+01 -1.4982e+00
9.5904e-02 1.7855e+01 -1.4981e+00
9.6569e-02 1.7671e+01 -1.4980e+00
9.7239e-02 1.7489e+01 -1.4979e+00
9.7914e-02 1.7309e+01 -1.4978e+00
9.8594e-02 1.7130e+01 -1.4978e+00
9.9278e-02 1.6954e+01 -1.4977e+00
9.9967e-02 1.6779e+01 -1.4976e+00
1.0066e-01 1.6606e+01 -1.4975e+00
1.0136e-01 1.6435e+01 -1.4974e+00
1.0206e-01 1.6266e+01 -1.4973e+00
1.0277e-01 1.6098e+01 -1.4972e+00
1.0348e-01 1.5933e+01 -1.4971e+00
1.0420e-01 1.5768e+01 -1.4970e+00
1.0493e-01 1.5606e+01 -1.4969e+00
1.0565e-01 1.5445e+01 -1.4968e+00
1.0639e-01 1.5286e+01 -1.4967e+00
1.0712e-01 1.5129e+01 -1.4966e+00
1.0787e-01 1.4973e+01 -1.4965e+00
1.0862e-01 1.4819e+01 -1.4964e+00
1.0937e-01 1.4666e+01 -1.4963e+00
1.1013e-01 1.4515e+01 -1.4962e+00
1.1089e-01 1.4366e+01 -1.4960e+00
1.1166e-01 1.4218e+01 -1.4959e+00
1.1244e-01 1.4072e+01 -1.4958e+00
1.1322e-01 1.3927e+01 -1.4957e+00
1.1400e-01 1.3784e+01 -1.4956e+00
1.1480e-01 1.3642e+01 -1.4954e+00
1.1559e-01 1.3502e+01 -1.4953e+00
1.1639e-01 1.3363e+01 -1.4952e+00
1.1720e-01 1.3225e+01 -1.4950e+00
1.1802e-01 1.3089e+01 -1.4949e+00
1.1883e-01 1.2955e+01 -1.4948e+00
1.1966e-01 1.2821e+01 -1.4946e+00
1.2049e-01 1.2689e+01 -1.4945e+00
1.2133e-01 1.2559e+01 -1.4943e+00
1.2217e-01 1.2430e+01 -1.4942e+00
1.2302e-01 1.2302e+01 -1.4940e+00
1.2387e-01 1.2176e+01 -1.4939e+00
1.2473e-01 1.2051e+01 -1.4937e+00
1.2559e-01 1.1927e+01 -1.4935e+00
1.2647e-01 1.1804e+01 -1.4934e+00
1.2734e-01 1.1683e+01 -1.4932e+00
1.2823e-01 1.1563e+01 -1.4930e+00
1.2912e-01 1.1444e+01 -1.4929e+00
1.3001e-01 1.1327e+01 -1.4927e+00
1.3091e-01 1.1210e+01 -1.4925e+00
1.3182e-01 1.1095e+01 -1.4923e+00
1.3274e-01 1.0981e+01 -1.4921e+00
1.3366e-01 1.0869e+01 -1.4919e+00
1.3459e-01 1.0757e+01 -1.4917e+00
1.3552e-01 1.0647e+01 -1.4915e+00
1.3646e-01 1.0537e+01 -1.4913e+00
1.3741e-01 1.0429e+01 -1.4911e+00
1.3836e-01 1.0322e+01 -1.4909e+00
1.3932e-01 1.0216e+01 -1.4907e+00
1.4029e-01 1.0112e+01 -1.4904e+00
1.4126e-01 1.0008e+01 -1.4902e+00
1.4224e-01 9.9053e+00 -1.4900e+00
1.4323e-01 9.8038e+00 -1.4897e+00
1.4422e-01 9.7033e+00 -1.4895e+00
1.4522e-01 9.6039e+00 -1.4893e+00
1.4623e-01 9.5055e+00 -1.4890e+00
1.4725e-01 9.4081e+00 -1.4888e+00
1.4827e-01 9.3117e+00 -1.4885e+00
1.4930e-01 9.2164e+00 -1.4882e+00
1.5033e-01 9.1220e+00 -1.4880e+00
1.5138e-01 9.0286e+00 -1.4877e+00
1.5243e-01 8.9362e+00 -1.4874e+00
1.5349e-01 8.8448e+00 -1.4871e+00
1.5455e-01 8.7543e+00 -1.4868e+00
1.5562e-01 8.6648e+00 -1.4865e+00
1.5670e-01 8.5762e+00 -1.4862e+00
1.5779e-01 8.4885e+00 -1.4859e+00
1.5889e-01 8.4017e+00 -1.4856e+00
1.5999e-01 8.3158e+00 -1.4853e+00
1.6110e-01 8.2309e+00 -1.4849e+00
1.6222e-01 8.1468e+00 -1.4846e+00
1.6334e-01 8.0636e+00 -1.4842e+00
1.6448e-01 7.9812e+00 -1.4839e+00
1.6562e-01 7.8998e+00 -1.4835e+00
1.6677e-01 7.8191e+00 -1.4832e+00
1.6792e-01 7.7394e+00 -1.4828e+00
1.6909e-01 7.6604e+00 -1.4824e+00
1.7026e-01 7.5823e+00 -1.4820e+00
1.7144e-01 7.5050e+00 -1.4816e+00
1.7263e-01 7.4285e+00 -1.4812e+00
1.7383e-01 7.3528e+00 -1.4808e+00
1.7504e-01 7.2779e+00 -1.4804e+00
1.7625e-01 7.2038e+00 -1.4800e+00
1.7748e-01 7.1304e+00 -1.4795e+00
1.7871e-01 7.0578e+00 -1.4791e+00
1.7995e-01 6.9860e+00 -1.4786e+00
1.8120e-01 6.9150e+00 -1.4782e+00
1.8245e-01 6.8446e+00 -1.4777e+00
1.8372e-01 6.7751e+00 -1.4772e+00
1.8500e-01 6.7062e+00 -1.4767e+00
1.8628e-01 6.6381e+00 -1.4762e+00
1.8757e-01 6.5707e+00 -1.4757e+00
1.8887e-01 6.5040e+00 -1.4752e+00
1.9018e-01 6.4380e+00 -1.4747e+00
1.9150e-01 6.3726e+00 -1.4741e+00
1.9283e-01 6.3080e+00 -1.4736e+00
1.9417e-01 6.2441e+00 -1.4730e+00
1.9552e-01 6.1808e+00 -1.4724e+00
1.9688e-01 6.1182e+00 -1.4719e+00
1.9824e-01 6.0562e+00 -1.4713e+00
1.9962e-01 5.9950e+00 -1.4706e+00
2.0100e-01 5.9343e+00 -1.4700e+00
2.0240e-01 5.8743e+00 -1.4694e+00
2.0380e-01 5.8149e+00 -1.4687e+00
2.0522e-01 5.7562e+00 -1.4681e+00
2.0664e-01 5.6980e+00 -1.4674e+00
2.0807e-01 5.6405e+00 -1.4667e+00
2.0952e-01 5.5836e+00 -1.4660e+00
2.1097e-01 5.5273e+00 -1.4653e+00
2.1244e-01 5.4716e+00 -1.4646e+00
2.1391e-01 5.4165e+00 -1.4638e+00
2.1540e-01 5.3619e+00 -1.4631e+00
2.1689e-01 5.3079e+00 -1.4623e+00
2.1840e-01 5.2546e+00 -1.4615e+00
2.1991e-01 5.2017e+00 -1.4607e+00
2.2144e-01 5.1495e+00 -1.4599e+00
2.2297e-01 5.0977e+00 -1.4591e+00
2.2452e-01 5.0466e+00 -1.4582e+00
2.2608e-01 4.9960e+00 -1.4573e+00
2.2765e-01 4.9459e+00 -1.4564e+00
2.2923e-01 4.8963e+00 -1.4555e+00
2.3082e-01 4.8473e+00 -1.4546e+00
2.3242e-01 4.7988e+00 -1.4537e+00
2.3403e-01 4.7508e+00 -1.4527e+00
2.3566e-01 4.7033e+00 -1.4518e+00
2.3729e-01 4.6564e+00 -1.4508e+00
2.3894e-01 4.6099e+00 -1.4497e+00
2.4060e-01 4.5639e+00 -1.4487e+00
2.4227e-01 4.5184e+00 -1.4477e+00
2.4395e-01 4.4735e+00 -1.4466e+00
2.4564e-01 4.4289e+00 -1.4455e+00
2.4735e-01 4.3849e+00 -1.4444e+00
2.4906e-01 4.3413e+00 -1.4432e+00
2.5079e-01 4.2982e+00 -1.4421e+00
2.5253e-01 4.2556e+00 -1.4409e+00
2.5428e-01 4.2134e+00 -1.4397e+00
2.5605e-01 4.1717e+00 -1.4385e+00
2.5783e-01 4.1304e+00 -1.4372e+00
2.5961e-01 4.0896e+00 -1.4359e+00
2.6142e-01 4.0492e+00 -1.4346e+00
2.6323e-01 4.0092e+00 -1.4333e+00
2.6506e-01 3.9697e+00 -1.4320e+00
2.6690e-01 3.9306e+00 -1.4306e+00
2.6875e-01 3.8919e+00 -1.4292e+00
2.7061e-01 3.8537e+00 -1.4278e+00
2.7249e-01 3.8158e+00 -1.4263e+00
2.7438e-01 3.7784e+00 -1.4248e+00
2.7629e-01 3.7414e+00 -1.4233e+00
2.7820e-01 3.7048e+00 -1.4218e+00
2.8014e-01 3.6685e+00 -1.4202e+00
2.8208e-01 3.6327e+00 -1.4186e+00
2.8404e-01 3.5972e+00 -1.4170e+00
2.8601e-01 3.5622e+00 -1.4153e+00
2.8799e-01 3.5275e+00 -1.4137e+00
2.8999e-01 3.4932e+00 -1.4119e+00
2.9200e-01 3.4593e+00 -1.4102e+00
2.9403e-01 3.4257e+00 -1.4084e+00
2.9607e-01 3.3926e+00 -1.4066e+00
2.9813e-01 3.3597e+00 -1.4047e+00
3.0019e-01 3.3273e+00 -1.4029e+00
3.0228e-01 3.2952e+00 -1.4010e+00
3.0437e-01 3.2634e+00 -1.3990e+00
3.0649e-01 3.2320e+00 -1.3970e+00
3.0861e-01 3.2010e+00 -1.3950e+00
3.1076e-01 3.1703e+00 -1.3929e+00
3.1291e-01 3.1399e+00 -1.3908e+00
3.1508e-01 3.1099e+00 -1.3887e+00
3.1727e-01 3.0802e+00 -1.3866e+00
3.1947e-01 3.0508e+00 -1.3843e+00
3.2169e-01 3.0217e+00 -1.3821e+00
3.2392e-01 2.9930e+00 -1.3798e+00
3.2617e-01 2.9646e+00 -1.3775e+00
3.2843e-01 2.9365e+00 -1.3751e+00
3.3071e-01 2.9088e+00 -1.3727e+00
3.3301e-01 2.8813e+00 -1.3703e+00
3.3532e-01 2.8542e+00 -1.3678e+00
3.3764e-01 2.8273e+00 -1.3652e+00
3.3999e-01 2.8008e+00 -1.3627e+00
3.4235e-01 2.7745e+00 -1.3600e+00
3.4472e-01 2.7486e+00 -1.3574e+00
3.4712e-01 2.7229e+00 -1.3547e+00
3.4952e-01 2.6976e+00 -1.3519e+00
3.5195e-01 2.6725e+00 -1.3491e+00
3.5439e-01 2.6477e+00 -1.3463e+00
3.5685e-01 2.6232e+00 -1.3434e+00
3.5933e-01 2.5989e+00 -1.3404e+00
3.6182e-01 2.5750e+00 -1.3374e+00
3.6433e-01 2.5513e+00 -1.3344e+00
3.6686e-01 2.5279e+00 -1.3313e+00
3.6941e-01 2.5048e+00 -1.3282e+00
3.7197e-01 2.4819e+00 -1.3250e+00
3.7455e-01 2.4593e+00 -1.3217e+00
3.7715e-01 2.4369e+00 -1.3184e+00
3.7977e-01 2.4148e+00 -1.3151e+00
3.8240e-01 2.3930e+00 -1.3117e+00
3.8506e-01 2.3714e+00 -1.3082e+00
3.8773e-01 2.3501e+00 -1.3047e+00
3.9042e-01 2.3290e+00 -1.3012e+00
3.9313e-01 2.3082e+00 -1.2975e+00
3.9586e-01 2.2876e+00 -1.2939e+00
3.9861e-01 2.2672e+00 -1.2902e+00
4.0137e-01 2.2471e+00 -1.2864e+00
4.0416e-01 2.2273e+00 -1.2825e+00
4.0696e-01 2.2076e+00 -1.2786e+00
4.0979e-01 2.1882e+00 -1.2747e+00
4.1263e-01 2.1690e+00 -1.2707e+00
4.1549e-01 2.1501e+00 -1.2666e+00
4.1838e-01 2.1314e+00 -1.2625e+00
4.2128e-01 2.1129e+00 -1.2583e+00
4.2420e-01 2.0946e+00 -1.2541e+00
4.2715e-01 2.0765e+00 -1.2498e+00
4.3011e-01 2.0587e+00 -1.2454e+00
4.3310e-01 2.0411e+00 -1.2410e+00
4.3610e-01 2.0237e+00 -1.2365e+00
4.3913e-01 2.0065e+00 -1.2319e+00
4.4218e-01 1.9895e+00 -1.2273e+00
4.4524e-01 1.9727e+00 -1.2227e+00
4.4833e-01 1.9561e+00 -1.2179e+00
4.5144e-01 1.9397e+00 -1.2131e+00
4.5458e-01 1.9236e+00 -1.2083e+00
4.5773e-01 1.9076e+00 -1.2034e+00
4.6091e-01 1.8918e+00 -1.1984e+00
4.6411e-01 1.8762e+00 -1.1934e+00
4.6733e-01 1.8608e+00 -1.1883e+00
4.7057e-01 1.8456e+00 -1.1831e+00
4.7384e-01 1.8306e+00 -1.1779e+00
4.7713e-01 1.8158e+00 -1.1726e+00
4.8044e-01 1.8012e+00 -1.1673e+00
4.8377e-01 1.7867e+00 -1.1618e+00
4.8713e-01 1.7725e+00 -1.1564e+00
4.9051e-01 1.7584e+00 -1.1508e+00
4.9391e-01 1.7445e+00 -1.1452e+00
4.9734e-01 1.7308e+00 -1.1396e+00
5.0079e-01 1.7172e+00 -1.1339e+00
5.0427e-01 1.7038e+00 -1.1281e+00
5.0777e-01 1.6906e+00 -1.1223e+00
5.1129e-01 1.6776e+00 -1.1164e+00
5.1484e-01 1.6647e+00 -1.1104e+00
5.1841e-01 1.6520e+00 -1.1044e+00
5.2201e-01 1.6395e+00 -1.0983e+00
5.2563e-01 1.6271e+00 -1.0922e+00
5.2928e-01 1.6149e+00 -1.0860e+00
5.3295e-01 1.6029e+00 -1.0797e+00
5.3665e-01 1.5910e+00 -1.0734e+00
5.4037e-01 1.5792e+00 -1.0670e+00
5.4412e-01 1.5677e+00 -1.0606e+00
5.4790e-01 1.5562e+00 -1.0541e+00
5.5170e-01 1.5450e+00 -1.0476e+00
5.5553e-01 1.5338e+00 -1.0410e+00
5.5939e-01 1.5229e+00 -1.0344e+00
5.6327e-01 1.5121e+00 -1.0277e+00
5.6718e-01 1.5014e+00 -1.0209e+00
5.7111e-01 1.4909e+00 -1.0141e+00
5.7508e-01 1.4805e+00 -1.0073e+00
5.7907e-01 1.4702e+00 -1.0004e+00
5.8309e-01 1.4601e+00 -9.9346e-01
5.8713e-01 1.4502e+00 -9.8648e-01
5.9121e-01 1.4403e+00 -9.7944e-01
5.9531e-01 1.4307e+00 -9.7236e-01
5.9944e-01 1.4211e+00 -9.6524e-01
6.0360e-01 1.4117e+00 -9.5808e-01
6.0779e-01 1.4024e+00 -9.5087e-01
6.1201e-01 1.3932e+00 -9.4363e-01
6.1625e-01 1.3842e+00 -9.3634e-01
6.2053e-01 1.3753e+00 -9.2902e-01
6.2484e-01 1.3665e+00 -9.2166e-01
6.2917e-01 1.3579e+00 -9.1427e-01
6.3354e-01 1.3494e+00 -9.0684e-01
6.3794e-01 1.3410e+00 -8.9938e-01
6.4236e-01 1.3327e+00 -8.9189e-01
6.4682e-01 1.3245e+00 -8.8437e-01
6.5131e-01 1.3165e+00 -8.7682e-01
6.5583e-01 1.3086e+00 -8.6925e-01
6.6038e-01 1.3007e+00 -8.6165e-01
6.6496e-01 1.2931e+00 -8.5403e-01
6.6958e-01 1.2855e+00 -8.4638e-01
6.7422e-01 1.2780e+00 -8.3872e-01
6.7890e-01 1.2706e+00 -8.3103e-01
6.8361e-01 1.2634e+00 -8.2333e-01
6.8836e-01 1.2563e+00 -8.1561e-01
6.9313e-01 1.2492e+00 -8.0788e-01
6.9795e-01 1.2423e+00 -8.0014e-01
7.0279e-01 1.2355e+00 -7.9239e-01
7.0767e-01 1.2288e+00 -7.8462e-01
7.1258e-01 1.2221e+00 -7.7685e-01
7.1752e-01 1.2156e+00 -7.6908e-01
7.2250e-01 1.2092e+00 -7.6130e-01
7.2751e-01 1.2029e+00 -7.5352e-01
7.3256e-01 1.1967e+00 -7.4574e-01
7.3765e-01 1.1906e+00 -7.3795e-01
7.4277e-01 1.1845e+00 -7.3018e-01
7.4792e-01 1.1786e+00 -7.2240e-01
7.5311e-01 1.1727e+00 -7.1463e-01
7.5834e-01 1.1670e+00 -7.0687e-01
7.6360e-01 1.1613e+00 -6.9912e-01
7.6890e-01 1.1558e+00 -6.9138e-01
7.7424e-01 1.1503e+00 -6.8365e-01
7.7961e-01 1.1449e+00 -6.7594e-01
7.8502e-01 1.1396e+00 -6.6824e-01
7.9047e-01 1.1344e+00 -6.6056e-01
7.9595e-01 1.1292e+00 -6.5289e-01
8.0148e-01 1.1242e+00 -6.4525e-01
8.0704e-01 1.1192e+00 -6.3763e-01
8.1264e-01 1.1143e+00 -6.3004e-01
8.1828e-01 1.1095e+00 -6.2247e-01
8.2396e-01 1.1047e+00 -6.1492e-01
8.2967e-01 1.1001e+00 -6.0741e-01
8.3543e-01 1.0955e+00 -5.9992e-01
8.4123e-01 1.0910e+00 -5.9247e-01
8.4707e-01 1.0866e+00 -5.8504e-01
8.5294e-01 1.0822e+00 -5.7766e-01
8.5886e-01 1.0779e+00 -5.7030e-01
8.6482e-01 1.0737e+00 -5.6299e-01
8.7083e-01 1.0695e+00 -5.5571e-01
8.7687e-01 1.0655e+00 -5.4847e-01
8.8295e-01 1.0615e+00 -5.4127e-01
8.8908e-01 1.0575e+00 -5.3411e-01
8.9525e-01 1.0536e+00 -5.2699e-01
9.0146e-01 1.0498e+00 -5.1992e-01
9.0772e-01 1.0461e+00 -5.1290e-01
9.1402e-01 1.0424e+00 -5.0592e-01
9.2036e-01 1.0388e+00 -4.9898e-01
9.2675e-01 1.0353e+00 -4.9210e-01
9.3318e-01 1.0318e+00 -4.8526e-01
9.3966e-01 1.0283e+00 -4.7847e-01
9.4618e-01 1.0250e+00 -4.7174e-01
9.5274e-01 1.0216e+00 -4.6505e-01
9.5936e-01 1.0184e+00 -4.5842e-01
9.6601e-01 1.0152e+00 -4.5184e-01
9.7272e-01 1.0120e+00 -4.4532e-01
9.7947e-01 1.0089e+00 -4.3885e-01
9.8626e-01 1.0059e+00 -4.3243e-01
9.9311e-01 1.0029e+00 -4.2607e-01
1.0000e+00 1.0000e+00 -4.1977e-01
