9.9900e-04 4.5637e-01 -1.3632e-14
1.0059e-03 4.5274e-01 -1.3462e-14
1.0129e-03 4.5631e-01 -1.3527e-14
1.0199e-03 4.5926e-01 -1.3454e-14
1.0270e-03 4.5622e-01 -1.3422e-14
1.0341e-03 4.6142e-01 -1.3382e-14
1.0413e-03 4.6058e-01 -1.3382e-14
1.0486e-03 4.6358e-01 -1.3310e-14
1.0558e-03 4.6272e-01 -1.3310e-14
1.0632e-03 4.6575e-01 -1.3237e-14
1.0705e-03 4.5959e-01 -1.3035e-14
1.0780e-03 4.6793e-01 -1.3165e-14
1.0854e-03 4.6703e-01 -1.3165e-14
1.0930e-03 4.6470e-01 -1.2890e-14
1.1006e-03 4.6849e-01 -1.2955e-14
1.1082e-03 4.6993e-01 -1.2988e-14
1.1159e-03 4.6591e-01 -1.2817e-14
1.1236e-03 4.6660e-01 -1.2712e-14
1.1314e-03 4.7285e-01 -1.2810e-14
1.1393e-03 4.7431e-01 -1.2843e-14
1.1472e-03 4.7504e-01 -1.2738e-14
1.1551e-03 4.7651e-01 -1.2771e-14
1.1632e-03 4.7232e-01 -1.2600e-14
1.1712e-03 4.7303e-01 -1.2495e-14
1.1794e-03 4.7448e-01 -1.2528e-14
1.1875e-03 4.8097e-01 -1.2627e-14
1.1958e-03 4.7918e-01 -1.2488e-14
1.2041e-03 4.7991e-01 -1.2383e-14
1.2124e-03 4.7632e-01 -1.2350e-14
1.2209e-03 4.7702e-01 -1.2246e-14
1.2293e-03 4.7850e-01 -1.2278e-14
1.2379e-03 4.8438e-01 -1.2239e-14
1.2465e-03 4.8069e-01 -1.2206e-14
1.2551e-03 4.8140e-01 -1.2101e-14
1.2638e-03 4.8553e-01 -1.2167e-14
1.2726e-03 4.8441e-01 -1.2167e-14
1.2814e-03 4.8779e-01 -1.2094e-14
1.2903e-03 4.8585e-01 -1.1956e-14
1.2993e-03 4.9008e-01 -1.2022e-14
1.3083e-03 4.8811e-01 -1.1884e-14
1.3174e-03 4.8694e-01 -1.1884e-14
1.3265e-03 4.9314e-01 -1.1845e-14
1.3357e-03 4.9471e-01 -1.1878e-14
1.3450e-03 4.9548e-01 -1.1773e-14
1.3543e-03 4.9426e-01 -1.1773e-14
1.3637e-03 4.9502e-01 -1.1667e-14
1.3732e-03 4.9660e-01 -1.1701e-14
1.3827e-03 4.9819e-01 -1.1734e-14
1.3923e-03 4.9611e-01 -1.1595e-14
1.4020e-03 4.9402e-01 -1.1457e-14
1.4117e-03 5.0136e-01 -1.1557e-14
1.4215e-03 4.9635e-01 -1.1385e-14
1.4313e-03 5.0675e-01 -1.1518e-14
1.4413e-03 5.0163e-01 -1.1346e-14
1.4513e-03 5.0327e-01 -1.1379e-14
1.4614e-03 5.0406e-01 -1.1274e-14
1.4715e-03 5.0273e-01 -1.1274e-14
1.4817e-03 4.9757e-01 -1.1102e-14
1.4920e-03 5.0517e-01 -1.1202e-14
1.5023e-03 5.0683e-01 -1.1235e-14
1.5128e-03 5.0459e-01 -1.1096e-14
1.5233e-03 5.0844e-01 -1.1024e-14
1.5338e-03 5.1014e-01 -1.1058e-14
1.5445e-03 5.0567e-01 -1.1024e-14
1.5552e-03 5.0646e-01 -1.0919e-14
1.5660e-03 5.0724e-01 -1.0813e-14
1.5769e-03 5.0895e-01 -1.0847e-14
1.5878e-03 5.1292e-01 -1.0775e-14
1.5988e-03 5.1148e-01 -1.0775e-14
1.6099e-03 5.0911e-01 -1.0636e-14
1.6211e-03 5.1085e-01 -1.0669e-14
1.6323e-03 5.1815e-01 -1.0631e-14
1.6437e-03 5.1341e-01 -1.0597e-14
1.6551e-03 5.1424e-01 -1.0492e-14
1.6666e-03 5.1369e-01 -1.0631e-14
1.6781e-03 5.1126e-01 -1.0492e-14
1.6898e-03 5.1868e-01 -1.0453e-14
1.7015e-03 5.1716e-01 -1.0453e-14
1.7133e-03 5.1802e-01 -1.0348e-14
1.7252e-03 5.1984e-01 -1.0381e-14
1.7372e-03 5.1733e-01 -1.0242e-14
1.7492e-03 5.2602e-01 -1.0343e-14
1.7614e-03 5.2003e-01 -1.0170e-14
1.7736e-03 5.2190e-01 -1.0204e-14
1.7859e-03 5.2279e-01 -1.0098e-14
1.7983e-03 5.1775e-01 -1.0065e-14
1.8108e-03 5.2914e-01 -1.0060e-14
1.8233e-03 5.2398e-01 -1.0026e-14
1.8360e-03 5.3305e-01 -1.0128e-14
1.8487e-03 5.2327e-01 -9.9207e-15
1.8616e-03 5.2877e-01 -9.9882e-15
1.8745e-03 5.2611e-01 -9.8488e-15
1.8875e-03 5.2447e-01 -9.8488e-15
1.9006e-03 5.2902e-01 -9.7769e-15
1.9138e-03 5.3101e-01 -9.8107e-15
1.9270e-03 5.2464e-01 -9.6378e-15
1.9404e-03 5.2662e-01 -9.6713e-15
1.9539e-03 5.3126e-01 -9.5993e-15
1.9674e-03 5.2956e-01 -9.5993e-15
1.9811e-03 5.3811e-01 -9.5614e-15
1.9948e-03 5.2882e-01 -9.4938e-15
2.0087e-03 5.2711e-01 -9.4938e-15
2.0226e-03 5.4342e-01 -9.5239e-15
2.0367e-03 5.3391e-01 -9.4556e-15
2.0508e-03 5.3881e-01 -9.3838e-15
2.0650e-03 5.3317e-01 -9.3499e-15
2.0794e-03 5.3032e-01 -9.2108e-15
2.0938e-03 5.4025e-01 -9.3120e-15
2.1083e-03 5.4133e-01 -9.2062e-15
2.1230e-03 5.3557e-01 -9.1724e-15
2.1377e-03 5.3773e-01 -9.2062e-15
2.1525e-03 5.4283e-01 -9.1345e-15
2.1675e-03 5.4100e-01 -9.1345e-15
2.1825e-03 5.3918e-01 -9.1345e-15
2.1976e-03 5.4027e-01 -9.0287e-15
2.2129e-03 5.3326e-01 -8.8559e-15
2.2283e-03 5.4780e-01 -8.9911e-15
2.2437e-03 5.3653e-01 -8.7838e-15
2.2593e-03 5.3878e-01 -8.8174e-15
2.2750e-03 5.4405e-01 -8.7455e-15
2.2908e-03 5.4755e-01 -8.9195e-15
2.3067e-03 5.4875e-01 -8.8135e-15
2.3227e-03 5.4684e-01 -8.8135e-15
2.3388e-03 5.4377e-01 -8.6736e-15
2.3550e-03 5.4494e-01 -8.5679e-15
2.3713e-03 5.4733e-01 -8.6018e-15
2.3878e-03 5.4975e-01 -8.6359e-15
2.4044e-03 5.4661e-01 -8.4961e-15
2.4211e-03 5.4468e-01 -8.4961e-15
2.4379e-03 5.4275e-01 -8.4961e-15
2.4548e-03 5.4834e-01 -8.4243e-15
2.4718e-03 5.5863e-01 -8.3867e-15
2.4890e-03 5.5333e-01 -8.4928e-15
2.5062e-03 5.5013e-01 -8.3525e-15
2.5236e-03 5.5265e-01 -8.3867e-15
2.5411e-03 5.5397e-01 -8.2808e-15
2.5588e-03 5.6121e-01 -8.3498e-15
2.5765e-03 5.5330e-01 -8.1749e-15
2.5944e-03 5.5129e-01 -8.1749e-15
2.6124e-03 5.5728e-01 -8.1032e-15
2.6306e-03 5.5997e-01 -8.1376e-15
2.6488e-03 5.5792e-01 -8.1376e-15
2.6672e-03 5.5459e-01 -7.9974e-15
2.6857e-03 5.6208e-01 -8.0660e-15
2.7043e-03 5.4919e-01 -7.8579e-15
2.7231e-03 5.6147e-01 -7.9600e-15
2.7420e-03 5.5324e-01 -7.7860e-15
2.7610e-03 5.6086e-01 -7.8540e-15
2.7802e-03 5.5392e-01 -7.8198e-15
2.7995e-03 5.5669e-01 -7.8540e-15
2.8189e-03 5.6310e-01 -7.7824e-15
2.8385e-03 5.5606e-01 -7.7481e-15
2.8582e-03 5.6251e-01 -7.6764e-15
2.8780e-03 5.6543e-01 -7.7108e-15
2.8980e-03 5.5333e-01 -7.6423e-15
2.9181e-03 5.5980e-01 -7.5705e-15
2.9383e-03 5.5768e-01 -7.5705e-15
2.9587e-03 5.6432e-01 -7.4988e-15
2.9793e-03 5.6217e-01 -7.4988e-15
2.9999e-03 5.7039e-01 -7.5679e-15
3.0208e-03 5.6682e-01 -7.4272e-15
3.0417e-03 5.6464e-01 -7.4272e-15
3.0628e-03 5.7162e-01 -7.3556e-15
3.0841e-03 5.6411e-01 -7.3212e-15
3.1055e-03 5.7114e-01 -7.2496e-15
3.1270e-03 5.7037e-01 -7.3903e-15
3.1487e-03 5.7214e-01 -7.2841e-15
3.1706e-03 5.6992e-01 -7.2841e-15
3.1926e-03 5.6086e-01 -7.1097e-15
3.2147e-03 5.6946e-01 -7.1780e-15
3.2371e-03 5.6575e-01 -7.0378e-15
3.2595e-03 5.5813e-01 -7.0040e-15
3.2821e-03 5.7232e-01 -7.1065e-15
3.3049e-03 5.7418e-01 -7.0004e-15
3.3279e-03 5.7192e-01 -7.0004e-15
3.3509e-03 5.6813e-01 -6.8603e-15
3.3742e-03 5.7152e-01 -6.8944e-15
3.3976e-03 5.8664e-01 -6.9989e-15
3.4212e-03 5.7268e-01 -6.9289e-15
3.4449e-03 5.7461e-01 -6.8228e-15
3.4688e-03 5.7815e-01 -6.8575e-15
3.4929e-03 5.8173e-01 -6.8924e-15
3.5172e-03 5.6618e-01 -6.6828e-15
3.5416e-03 5.6391e-01 -6.6828e-15
3.5661e-03 5.7163e-01 -6.6110e-15
3.5909e-03 5.6933e-01 -6.6110e-15
3.6158e-03 5.7129e-01 -6.5052e-15
3.6409e-03 5.7495e-01 -6.5393e-15
3.6662e-03 5.7263e-01 -6.5393e-15
3.6916e-03 5.8080e-01 -6.4676e-15
3.7172e-03 5.7234e-01 -6.4334e-15
3.7430e-03 5.7609e-01 -6.4676e-15
3.7690e-03 5.7823e-01 -6.3617e-15
3.7952e-03 5.8211e-01 -6.3961e-15
3.8215e-03 5.7973e-01 -6.3961e-15
3.8480e-03 5.7735e-01 -6.3961e-15
3.8747e-03 5.7957e-01 -6.2901e-15
3.9016e-03 5.7719e-01 -6.2901e-15
3.9287e-03 5.8115e-01 -6.3246e-15
3.9559e-03 5.8516e-01 -6.3596e-15
3.9834e-03 5.8106e-01 -6.2185e-15
4.0110e-03 5.8339e-01 -6.1125e-15
4.0389e-03 5.8098e-01 -6.1125e-15
4.0669e-03 5.7856e-01 -6.1125e-15
4.0951e-03 5.8269e-01 -6.1470e-15
4.1235e-03 5.7849e-01 -6.0066e-15
4.1522e-03 5.7608e-01 -6.0066e-15
4.1810e-03 5.8025e-01 -6.0409e-15
4.2100e-03 5.8448e-01 -6.0756e-15
4.2392e-03 5.7360e-01 -5.9008e-15
4.2686e-03 5.9141e-01 -6.0043e-15
4.2982e-03 5.9587e-01 -6.0396e-15
4.3281e-03 5.9864e-01 -5.9331e-15
4.3581e-03 5.9612e-01 -5.9331e-15
4.3884e-03 5.9360e-01 -5.9331e-15
4.4188e-03 5.7540e-01 -5.7232e-15
4.4495e-03 5.8677e-01 -5.7918e-15
4.4803e-03 5.9853e-01 -5.8620e-15
4.5114e-03 5.9414e-01 -5.7204e-15
4.5427e-03 5.7744e-01 -5.6514e-15
4.5743e-03 5.8003e-01 -5.5457e-15
4.6060e-03 5.8658e-01 -5.7204e-15
4.6380e-03 5.8217e-01 -5.5797e-15
4.6702e-03 5.9417e-01 -5.6490e-15
4.7026e-03 5.8435e-01 -5.6142e-15
4.7352e-03 5.9457e-01 -5.5427e-15
4.7681e-03 5.8464e-01 -5.5081e-15
4.8012e-03 5.9696e-01 -5.5778e-15
4.8345e-03 5.9439e-01 -5.5778e-15
4.8680e-03 5.8988e-01 -5.4366e-15
4.9018e-03 5.8733e-01 -5.4366e-15
4.9358e-03 5.8276e-01 -5.2963e-15
4.9701e-03 5.9541e-01 -5.3651e-15
5.0046e-03 6.0853e-01 -5.4357e-15
5.0393e-03 5.9800e-01 -5.4002e-15
5.0743e-03 5.9540e-01 -5.4002e-15
5.1095e-03 5.9864e-01 -5.2938e-15
5.1449e-03 5.8822e-01 -5.2590e-15
5.1806e-03 5.9344e-01 -5.2938e-15
5.2166e-03 5.8877e-01 -5.1529e-15
5.2528e-03 5.9410e-01 -5.1875e-15
5.2893e-03 5.9150e-01 -5.1875e-15
5.3260e-03 5.9689e-01 -5.2225e-15
5.3629e-03 5.8420e-01 -5.0470e-15
5.4001e-03 5.8958e-01 -5.0813e-15
5.4376e-03 5.9505e-01 -5.1162e-15
5.4753e-03 5.9028e-01 -4.9753e-15
5.5133e-03 6.0423e-01 -5.0449e-15
5.5516e-03 6.0157e-01 -5.0449e-15
5.5901e-03 5.9062e-01 -5.0099e-15
5.6289e-03 5.8580e-01 -4.8695e-15
5.6680e-03 5.9987e-01 -4.9385e-15
5.7073e-03 5.9496e-01 -4.7977e-15
5.7469e-03 5.8395e-01 -4.7637e-15
5.7868e-03 6.0691e-01 -4.8673e-15
5.8270e-03 6.0421e-01 -4.8673e-15
5.8674e-03 5.9924e-01 -4.7261e-15
5.9081e-03 5.9657e-01 -4.7261e-15
5.9491e-03 5.8533e-01 -4.6919e-15
5.9904e-03 5.9763e-01 -4.6202e-15
6.0320e-03 6.0387e-01 -4.6547e-15
6.0738e-03 6.1251e-01 -4.8320e-15
6.1160e-03 5.8964e-01 -4.6202e-15
6.1584e-03 5.9579e-01 -4.6547e-15
6.2012e-03 6.0207e-01 -4.6896e-15
6.2442e-03 6.0615e-01 -4.5833e-15
6.2875e-03 6.0343e-01 -4.5833e-15
6.3312e-03 6.0071e-01 -4.5833e-15
6.3751e-03 6.1432e-01 -4.5120e-15
6.4193e-03 6.0450e-01 -4.6185e-15
6.4639e-03 5.9020e-01 -4.4426e-15
6.5087e-03 5.9668e-01 -4.4770e-15
6.5539e-03 6.1283e-01 -4.5475e-15
6.5994e-03 6.0763e-01 -4.4056e-15
6.6452e-03 6.1459e-01 -4.4409e-15
6.6913e-03 6.1181e-01 -4.4409e-15
6.7377e-03 6.0903e-01 -4.4409e-15
6.7845e-03 5.9414e-01 -4.2650e-15
6.8316e-03 6.1082e-01 -4.3344e-15
6.8790e-03 5.9828e-01 -4.2994e-15
6.9267e-03 6.0527e-01 -4.3344e-15
6.9748e-03 6.1243e-01 -4.3699e-15
7.0232e-03 6.0711e-01 -4.2280e-15
7.0719e-03 6.1445e-01 -4.2633e-15
7.1210e-03 5.9175e-01 -4.1934e-15
7.1704e-03 6.1653e-01 -4.1568e-15
7.2202e-03 6.0344e-01 -4.1218e-15
7.2703e-03 6.0067e-01 -4.1218e-15
7.3208e-03 6.1853e-01 -4.1923e-15
7.3716e-03 6.0259e-01 -4.0158e-15
7.4227e-03 6.2087e-01 -4.0856e-15
7.4742e-03 5.8699e-01 -3.9817e-15
7.5261e-03 6.2601e-01 -4.1215e-15
7.5783e-03 6.2312e-01 -4.1215e-15
7.6309e-03 6.0951e-01 -4.0856e-15
7.6839e-03 6.0396e-01 -3.9442e-15
7.7372e-03 6.0118e-01 -3.9442e-15
7.7909e-03 6.0903e-01 -3.9791e-15
7.8450e-03 6.1430e-01 -3.8728e-15
7.8994e-03 6.0058e-01 -3.8382e-15
7.9542e-03 6.0862e-01 -3.8728e-15
8.0094e-03 6.1686e-01 -3.9080e-15
8.0650e-03 6.0005e-01 -3.7324e-15
8.1210e-03 5.9726e-01 -3.7324e-15
8.1773e-03 6.1952e-01 -3.9438e-15
8.2341e-03 6.1384e-01 -3.8015e-15
8.2912e-03 6.1098e-01 -3.8015e-15
8.3487e-03 6.3130e-01 -3.8732e-15
8.4067e-03 6.0530e-01 -3.8015e-15
8.4650e-03 6.2257e-01 -3.7303e-15
8.5238e-03 6.1967e-01 -3.7303e-15
8.5829e-03 6.0519e-01 -3.6952e-15
8.6425e-03 6.1085e-01 -3.5890e-15
8.7025e-03 6.1102e-01 -3.7303e-15
8.7628e-03 6.2911e-01 -3.6594e-15
8.8237e-03 6.0231e-01 -3.5890e-15
8.8849e-03 6.1119e-01 -3.6239e-15
8.9466e-03 6.0518e-01 -3.4831e-15
9.0086e-03 6.1739e-01 -3.6594e-15
9.0712e-03 6.1143e-01 -3.5175e-15
9.1341e-03 6.2079e-01 -3.5527e-15
9.1975e-03 6.1787e-01 -3.5527e-15
9.2613e-03 6.2745e-01 -3.5886e-15
9.3256e-03 6.0888e-01 -3.4114e-15
9.3903e-03 6.3126e-01 -3.4818e-15
9.4555e-03 6.1553e-01 -3.4462e-15
9.5211e-03 6.1262e-01 -3.4462e-15
9.5872e-03 5.9747e-01 -3.4114e-15
9.6537e-03 5.9465e-01 -3.4114e-15
9.7207e-03 6.1327e-01 -3.3399e-15
9.7881e-03 6.2328e-01 -3.3751e-15
9.8561e-03 6.2033e-01 -3.3751e-15
9.9245e-03 6.1739e-01 -3.3751e-15
9.9933e-03 6.1109e-01 -3.2338e-15
1.0063e-02 6.1155e-01 -3.3751e-15
1.0133e-02 6.0531e-01 -3.2338e-15
1.0203e-02 6.0243e-01 -3.2338e-15
1.0274e-02 5.8701e-01 -3.1998e-15
1.0345e-02 6.3671e-01 -3.3404e-15
1.0417e-02 6.0672e-01 -3.2686e-15
1.0489e-02 6.2733e-01 -3.1974e-15
1.0562e-02 6.1070e-01 -3.1623e-15
1.0635e-02 6.4993e-01 -3.2701e-15
1.0709e-02 5.8809e-01 -2.9891e-15
1.0783e-02 6.1188e-01 -3.0562e-15
1.0858e-02 6.2288e-01 -3.0910e-15
1.0933e-02 6.3424e-01 -3.1265e-15
1.1009e-02 6.3120e-01 -3.1265e-15
1.1086e-02 6.1399e-01 -3.0910e-15
1.1163e-02 6.2518e-01 -3.1265e-15
1.1240e-02 6.0813e-01 -3.0910e-15
1.1318e-02 6.0521e-01 -3.0910e-15
1.1397e-02 5.9863e-01 -2.9504e-15
1.1476e-02 5.9576e-01 -2.9504e-15
1.1555e-02 6.2113e-01 -3.0198e-15
1.1636e-02 6.1815e-01 -3.0198e-15
1.1716e-02 6.1139e-01 -2.8786e-15
1.1798e-02 5.9422e-01 -2.8448e-15
1.1879e-02 6.0553e-01 -2.8786e-15
1.1962e-02 6.3237e-01 -2.9489e-15
1.2045e-02 5.9971e-01 -2.8786e-15
1.2128e-02 6.1130e-01 -2.9133e-15
1.2213e-02 6.1941e-01 -2.8071e-15
1.2297e-02 6.2027e-01 -2.9489e-15
1.2383e-02 6.2888e-01 -2.8422e-15
1.2469e-02 6.4179e-01 -2.8781e-15
1.2555e-02 6.7230e-01 -2.9529e-15
1.2642e-02 6.1982e-01 -2.8422e-15
1.2730e-02 6.1682e-01 -2.8422e-15
1.2818e-02 5.9466e-01 -2.6673e-15
1.2907e-02 6.0686e-01 -2.7011e-15
1.2997e-02 6.0392e-01 -2.7011e-15
1.3087e-02 6.3263e-01 -2.7712e-15
1.3178e-02 6.0925e-01 -2.5953e-15
1.3269e-02 6.2651e-01 -2.7712e-15
1.3361e-02 6.0336e-01 -2.5953e-15
1.3454e-02 6.3689e-01 -2.8077e-15
1.3548e-02 5.9752e-01 -2.5953e-15
1.3642e-02 6.2676e-01 -2.6645e-15
1.3736e-02 6.2372e-01 -2.6645e-15
1.3832e-02 6.3757e-01 -2.7005e-15
1.3928e-02 6.5198e-01 -2.7375e-15
1.4024e-02 6.1034e-01 -2.5235e-15
1.4122e-02 6.2413e-01 -2.5581e-15
1.4220e-02 6.3846e-01 -2.5936e-15
1.4318e-02 6.3535e-01 -2.5936e-15
1.4418e-02 5.9855e-01 -2.5235e-15
1.4518e-02 6.4703e-01 -2.6301e-15
1.4618e-02 6.0908e-01 -2.5581e-15
1.4720e-02 6.3644e-01 -2.4869e-15
1.4822e-02 6.0315e-01 -2.5581e-15
1.4925e-02 6.1261e-01 -2.4519e-15
1.5028e-02 6.2717e-01 -2.4869e-15
1.5133e-02 6.2410e-01 -2.4869e-15
1.5238e-02 6.3918e-01 -2.5229e-15
1.5343e-02 6.3151e-01 -2.3804e-15
1.5450e-02 6.3295e-01 -2.5229e-15
1.5557e-02 6.4416e-01 -2.4160e-15
1.5665e-02 5.8724e-01 -2.3124e-15
1.5774e-02 6.3787e-01 -2.4160e-15
1.5883e-02 6.5412e-01 -2.4526e-15
1.5994e-02 6.1319e-01 -2.3804e-15
1.6105e-02 6.2373e-01 -2.2743e-15
1.6216e-02 6.0719e-01 -2.3804e-15
1.6329e-02 6.2238e-01 -2.4160e-15
1.6442e-02 6.5361e-01 -2.3453e-15
1.6556e-02 6.3054e-01 -2.3093e-15
1.6671e-02 6.4721e-01 -2.3453e-15
1.6787e-02 6.2437e-01 -2.3093e-15
1.6903e-02 6.2130e-01 -2.3093e-15
1.7021e-02 6.5812e-01 -2.3826e-15
1.7139e-02 6.1017e-01 -2.1684e-15
1.7258e-02 6.4697e-01 -2.2384e-15
1.7377e-02 6.0418e-01 -2.1684e-15
1.7498e-02 6.4062e-01 -2.2384e-15
1.7619e-02 6.1739e-01 -2.2028e-15
1.7742e-02 6.1434e-01 -2.2028e-15
1.7865e-02 6.3119e-01 -2.2384e-15
1.7989e-02 6.2289e-01 -2.0967e-15
1.8114e-02 6.4564e-01 -2.2750e-15
1.8239e-02 6.3749e-01 -2.1316e-15
1.8366e-02 5.9408e-01 -2.0629e-15
1.8493e-02 6.5279e-01 -2.1678e-15
1.8622e-02 6.2809e-01 -2.1316e-15
1.8751e-02 6.4636e-01 -2.1678e-15
1.8881e-02 6.4316e-01 -2.1678e-15
1.9012e-02 6.1332e-01 -1.9909e-15
1.9144e-02 6.1577e-01 -2.1316e-15
1.9277e-02 6.2839e-01 -2.0252e-15
1.9411e-02 6.2528e-01 -2.0252e-15
1.9545e-02 6.2218e-01 -2.0252e-15
1.9681e-02 6.1910e-01 -2.0252e-15
1.9818e-02 6.8507e-01 -2.1357e-15
1.9955e-02 6.3468e-01 -2.0607e-15
2.0094e-02 6.3153e-01 -2.0607e-15
2.0233e-02 6.2840e-01 -2.0607e-15
2.0373e-02 5.7765e-01 -1.8529e-15
2.0515e-02 6.4460e-01 -2.0975e-15
2.0657e-02 7.1154e-01 -2.0667e-15
2.0801e-02 5.8924e-01 -1.8854e-15
2.0945e-02 6.2973e-01 -1.9540e-15
2.1090e-02 6.2661e-01 -1.9540e-15
2.1237e-02 6.2349e-01 -1.9540e-15
2.1384e-02 6.2039e-01 -1.9540e-15
2.1532e-02 6.3456e-01 -1.8476e-15
2.1682e-02 6.0824e-01 -1.8134e-15
2.1832e-02 6.2827e-01 -1.8476e-15
2.1984e-02 6.4942e-01 -1.8831e-15
2.2136e-02 6.2203e-01 -1.8476e-15
2.2290e-02 6.4297e-01 -1.8831e-15
2.2445e-02 6.1585e-01 -1.8476e-15
2.2600e-02 5.8361e-01 -1.6758e-15
2.2757e-02 6.3341e-01 -1.8831e-15
2.2915e-02 6.5521e-01 -1.9200e-15
2.3074e-02 5.9725e-01 -1.7080e-15
2.3234e-02 6.4276e-01 -1.7764e-15
2.3396e-02 6.2087e-01 -1.8831e-15
2.3558e-02 6.1166e-01 -1.7415e-15
2.3721e-02 6.0861e-01 -1.7415e-15
2.3886e-02 6.3003e-01 -1.7764e-15
2.4052e-02 6.0255e-01 -1.7415e-15
2.4219e-02 6.4948e-01 -1.8126e-15
2.4387e-02 6.3977e-01 -1.6700e-15
2.4556e-02 6.3657e-01 -1.6700e-15
2.4726e-02 5.9060e-01 -1.7415e-15
2.4898e-02 6.3022e-01 -1.6700e-15
2.5071e-02 6.5404e-01 -1.7055e-15
2.5245e-02 5.9873e-01 -1.6359e-15
2.5420e-02 6.5349e-01 -1.8504e-15
2.5596e-02 6.1771e-01 -1.6700e-15
2.5774e-02 6.4105e-01 -1.7055e-15
2.5953e-02 6.3784e-01 -1.7055e-15
2.6133e-02 6.6254e-01 -1.7426e-15
2.6314e-02 6.2453e-01 -1.5640e-15
2.6497e-02 6.2831e-01 -1.7055e-15
2.6681e-02 6.4607e-01 -1.5987e-15
2.6866e-02 6.7238e-01 -1.6351e-15
2.7052e-02 6.1210e-01 -1.5640e-15
2.7240e-02 6.0903e-01 -1.5640e-15
2.7429e-02 6.6232e-01 -1.6351e-15
2.7620e-02 6.3003e-01 -1.5987e-15
2.7811e-02 6.2687e-01 -1.5987e-15
2.8004e-02 6.4515e-01 -1.4923e-15
2.8199e-02 6.4913e-01 -1.6351e-15
2.8394e-02 5.5810e-01 -1.3950e-15
2.8591e-02 5.5529e-01 -1.3950e-15
2.8790e-02 6.3940e-01 -1.6351e-15
2.8989e-02 6.2911e-01 -1.4923e-15
2.9191e-02 5.9782e-01 -1.4584e-15
2.9393e-02 5.6867e-01 -1.4260e-15
2.9597e-02 6.4953e-01 -1.5279e-15
2.9803e-02 6.7817e-01 -1.5651e-15
3.0009e-02 6.4301e-01 -1.5279e-15
3.0218e-02 6.0215e-01 -1.3534e-15
3.0427e-02 6.6799e-01 -1.5651e-15
3.0638e-02 6.0424e-01 -1.4923e-15
3.0851e-02 6.8786e-01 -1.4575e-15
3.1065e-02 6.1925e-01 -1.3864e-15
3.1281e-02 6.2384e-01 -1.5279e-15
3.1498e-02 6.7752e-01 -1.4575e-15
3.1716e-02 6.0994e-01 -1.3864e-15
3.1937e-02 6.3759e-01 -1.4211e-15
3.2158e-02 6.6732e-01 -1.4575e-15
3.2381e-02 6.3118e-01 -1.4211e-15
3.2606e-02 6.9584e-01 -1.4959e-15
3.2832e-02 6.2483e-01 -1.4211e-15
3.3060e-02 5.9172e-01 -1.3864e-15
3.3290e-02 6.1000e-01 -1.2810e-15
3.3521e-02 6.1542e-01 -1.4211e-15
3.3753e-02 6.4412e-01 -1.4575e-15
3.3987e-02 6.3285e-01 -1.3147e-15
3.4223e-02 6.6415e-01 -1.3503e-15
3.4461e-02 6.6079e-01 -1.3503e-15
3.4700e-02 6.5746e-01 -1.3503e-15
3.4941e-02 6.5413e-01 -1.3503e-15
3.5183e-02 5.8579e-01 -1.2810e-15
3.5427e-02 5.8283e-01 -1.2810e-15
3.5673e-02 6.1080e-01 -1.3147e-15
3.5921e-02 6.4101e-01 -1.3503e-15
3.6170e-02 6.3777e-01 -1.3503e-15
3.6421e-02 6.2560e-01 -1.2089e-15
3.6674e-02 6.2243e-01 -1.2089e-15
3.6928e-02 6.2814e-01 -1.3503e-15
3.7185e-02 6.2496e-01 -1.3503e-15
3.7443e-02 6.1303e-01 -1.2089e-15
3.7703e-02 6.0993e-01 -1.2089e-15
3.7964e-02 6.4201e-01 -1.2434e-15
3.8228e-02 6.0377e-01 -1.2089e-15
3.8493e-02 6.3552e-01 -1.2434e-15
3.8760e-02 7.1127e-01 -1.3188e-15
3.9029e-02 6.6665e-01 -1.2800e-15
3.9300e-02 6.2591e-01 -1.2434e-15
3.9573e-02 6.5047e-01 -1.1371e-15
3.9847e-02 6.0967e-01 -1.1037e-15
4.0124e-02 6.9343e-01 -1.3188e-15
4.0402e-02 6.8991e-01 -1.3188e-15
4.0683e-02 6.4663e-01 -1.2800e-15
4.0965e-02 6.7440e-01 -1.1727e-15
4.1249e-02 6.3093e-01 -1.1371e-15
4.1535e-02 6.6757e-01 -1.1727e-15
4.1824e-02 6.6418e-01 -1.1727e-15
4.2114e-02 6.2137e-01 -1.1371e-15
4.2406e-02 6.1821e-01 -1.1371e-15
4.2700e-02 6.5412e-01 -1.1727e-15
4.2997e-02 7.4046e-01 -1.2509e-15
4.3295e-02 6.0884e-01 -1.1371e-15
4.3596e-02 6.0574e-01 -1.1371e-15
4.3898e-02 6.0267e-01 -1.1371e-15
4.4203e-02 5.9960e-01 -1.1371e-15
4.4510e-02 7.1305e-01 -1.1026e-15
4.4818e-02 6.3119e-01 -1.1727e-15
4.5129e-02 6.2798e-01 -1.1727e-15
4.5443e-02 6.5619e-01 -1.0658e-15
4.5758e-02 5.3955e-01 -9.6892e-16
4.6076e-02 7.5302e-01 -1.2940e-15
4.6395e-02 6.9156e-01 -1.1026e-15
4.6717e-02 5.6508e-01 -9.9920e-16
4.7041e-02 6.3966e-01 -1.0658e-15
4.7368e-02 5.9601e-01 -1.0314e-15
4.7697e-02 6.3316e-01 -1.0658e-15
4.8028e-02 6.7413e-01 -1.1026e-15
4.8361e-02 5.8694e-01 -1.0314e-15
4.8697e-02 5.8395e-01 -1.0314e-15
4.9034e-02 6.2035e-01 -1.0658e-15
4.9375e-02 6.1719e-01 -1.0658e-15
4.9717e-02 5.6287e-01 -8.9558e-16
5.0062e-02 6.9136e-01 -9.9509e-16
5.0410e-02 5.6922e-01 -1.0314e-15
5.0760e-02 6.0470e-01 -1.0658e-15
5.1112e-02 6.8083e-01 -9.9509e-16
5.1467e-02 6.2984e-01 -9.5955e-16
5.1824e-02 6.7390e-01 -9.9509e-16
5.2183e-02 6.8010e-01 -1.1419e-15
5.2546e-02 6.2024e-01 -9.5955e-16
5.2910e-02 6.6363e-01 -9.9509e-16
5.3277e-02 6.1392e-01 -9.5955e-16
5.3647e-02 7.0837e-01 -1.0334e-15
5.4019e-02 7.6226e-01 -1.0747e-15
5.4394e-02 5.6359e-01 -9.2646e-16
5.4772e-02 6.0147e-01 -9.5955e-16
5.5152e-02 6.4354e-01 -9.9509e-16
5.5535e-02 6.4025e-01 -9.9509e-16
5.5920e-02 6.7543e-01 -8.8818e-16
5.6308e-02 6.7197e-01 -8.8818e-16
5.6699e-02 6.3047e-01 -9.9509e-16
5.7092e-02 6.7642e-01 -1.0334e-15
5.7488e-02 6.1178e-01 -8.5402e-16
5.7887e-02 6.0865e-01 -8.5402e-16
5.8289e-02 7.1066e-01 -9.2519e-16
5.8694e-02 6.5159e-01 -8.8818e-16
5.9101e-02 5.9935e-01 -8.5402e-16
5.9511e-02 5.6555e-01 -9.5955e-16
5.9924e-02 5.5009e-01 -8.2239e-16
6.0340e-02 6.9264e-01 -9.2519e-16
6.0759e-02 6.8909e-01 -9.2519e-16
6.1180e-02 5.8414e-01 -8.5402e-16
6.1605e-02 6.8204e-01 -9.2519e-16
6.2032e-02 6.2534e-01 -8.8818e-16
6.2463e-02 6.0755e-01 -7.4940e-16
6.2896e-02 6.7160e-01 -9.2519e-16
6.3333e-02 6.1577e-01 -8.8818e-16
6.3772e-02 6.1260e-01 -8.8818e-16
6.4215e-02 6.6130e-01 -9.2519e-16
6.4660e-02 6.0633e-01 -8.8818e-16
6.5109e-02 6.0321e-01 -8.8818e-16
6.5561e-02 5.5484e-01 -8.5402e-16
6.6016e-02 5.8303e-01 -7.4940e-16
6.6474e-02 6.3157e-01 -7.8198e-16
6.6935e-02 6.8674e-01 -8.1753e-16
6.7400e-02 6.2509e-01 -7.8198e-16
6.7868e-02 6.7969e-01 -8.1753e-16
6.8339e-02 6.1867e-01 -7.8198e-16
6.8813e-02 5.6527e-01 -7.4940e-16
6.9290e-02 6.1232e-01 -7.8198e-16
6.9771e-02 6.6581e-01 -8.1753e-16
7.0255e-02 7.2696e-01 -8.5646e-16
7.0743e-02 6.5896e-01 -8.1753e-16
7.1234e-02 5.9980e-01 -7.8198e-16
7.1728e-02 6.5219e-01 -8.1753e-16
7.2226e-02 5.9363e-01 -7.8198e-16
7.2727e-02 5.4238e-01 -7.4940e-16
7.3232e-02 6.4215e-01 -8.1753e-16
7.3740e-02 6.8710e-01 -7.1054e-16
7.4252e-02 6.9750e-01 -8.5646e-16
7.4767e-02 6.3225e-01 -8.1753e-16
7.5286e-02 6.2899e-01 -8.1753e-16
7.5808e-02 6.1045e-01 -6.7671e-16
7.6335e-02 6.0729e-01 -6.7671e-16
7.6864e-02 5.5048e-01 -6.4595e-16
7.7398e-02 7.3422e-01 -7.4794e-16
7.7935e-02 6.7266e-01 -8.5646e-16
7.8476e-02 6.5580e-01 -7.1054e-16
7.9020e-02 7.2288e-01 -7.4794e-16
7.9569e-02 6.4903e-01 -7.1054e-16
8.0121e-02 7.1542e-01 -7.4794e-16
8.0677e-02 6.4232e-01 -7.1054e-16
8.1237e-02 5.7958e-01 -6.7671e-16
8.1800e-02 5.2535e-01 -6.4595e-16
8.2368e-02 6.3238e-01 -7.1054e-16
8.2940e-02 6.2910e-01 -7.1054e-16
8.3515e-02 6.9345e-01 -7.4794e-16
8.4095e-02 5.6471e-01 -6.7671e-16
8.4678e-02 6.0048e-01 -5.7264e-16
8.5266e-02 5.5886e-01 -6.7671e-16
8.5858e-02 6.1294e-01 -7.1054e-16
8.6454e-02 6.7562e-01 -7.4794e-16
8.7054e-02 6.0658e-01 -7.1054e-16
8.7658e-02 6.0342e-01 -7.1054e-16
8.8266e-02 6.6513e-01 -7.4794e-16
8.8879e-02 6.4508e-01 -6.0445e-16
8.9495e-02 5.7595e-01 -5.7264e-16
9.0116e-02 6.3838e-01 -6.0445e-16
9.0742e-02 8.0373e-01 -6.8001e-16
9.1371e-02 6.4799e-01 -7.4794e-16
9.2006e-02 7.1822e-01 -7.8949e-16
9.2644e-02 7.1447e-01 -7.8949e-16
9.3287e-02 5.0374e-01 -5.4401e-16
9.3934e-02 5.5524e-01 -5.7264e-16
9.4586e-02 5.5234e-01 -5.7264e-16
9.5243e-02 5.4945e-01 -5.7264e-16
9.5904e-02 6.8275e-01 -6.4001e-16
9.6569e-02 6.0581e-01 -6.0445e-16
9.7239e-02 6.0264e-01 -6.0445e-16
9.7914e-02 6.7208e-01 -6.4001e-16
9.8594e-02 6.6856e-01 -6.4001e-16
9.9278e-02 6.6505e-01 -6.4001e-16
9.9967e-02 6.6156e-01 -6.4001e-16
1.0066e-01 5.2684e-01 -5.7264e-16
1.0136e-01 5.8392e-01 -6.0445e-16
1.0206e-01 5.8085e-01 -6.0445e-16
1.0277e-01 6.4777e-01 -6.4001e-16
1.0348e-01 6.4436e-01 -6.4001e-16
1.0420e-01 6.4097e-01 -6.4001e-16
1.0493e-01 6.3759e-01 -6.4001e-16
1.0565e-01 6.3423e-01 -6.4001e-16
1.0639e-01 7.1221e-01 -6.8001e-16
1.0712e-01 6.9091e-01 -5.3291e-16
1.0787e-01 6.8726e-01 -5.3291e-16
1.0862e-01 6.0085e-01 -4.9960e-16
1.0937e-01 6.1766e-01 -6.4001e-16
1.1013e-01 5.4803e-01 -6.0445e-16
1.1089e-01 7.7239e-01 -5.7097e-16
1.1166e-01 5.2106e-01 -4.7021e-16
1.1244e-01 5.8511e-01 -4.9960e-16
1.1322e-01 7.6017e-01 -5.7097e-16
1.1400e-01 7.5614e-01 -5.7097e-16
1.1480e-01 7.5212e-01 -5.7097e-16
1.1559e-01 6.5170e-01 -5.3291e-16
1.1639e-01 5.0468e-01 -4.7021e-16
1.1720e-01 7.4018e-01 -5.7097e-16
1.1802e-01 6.4134e-01 -5.3291e-16
1.1883e-01 5.6067e-01 -4.9960e-16
1.1966e-01 6.3452e-01 -5.3291e-16
1.2049e-01 5.5470e-01 -4.9960e-16
1.2133e-01 8.3577e-01 -6.1489e-16
1.2217e-01 8.3129e-01 -6.1489e-16
1.2302e-01 8.2684e-01 -6.1489e-16
1.2387e-01 5.4292e-01 -4.9960e-16
1.2473e-01 5.4000e-01 -4.9960e-16
1.2559e-01 5.3710e-01 -4.9960e-16
1.2647e-01 5.8146e-01 -3.9651e-16
1.2734e-01 7.8717e-01 -4.6259e-16
1.2823e-01 6.0129e-01 -5.3291e-16
1.2912e-01 7.9622e-01 -6.1489e-16
1.3001e-01 6.8283e-01 -5.7097e-16
1.3091e-01 6.7914e-01 -5.7097e-16
1.3182e-01 7.8338e-01 -6.1489e-16
1.3274e-01 5.8522e-01 -5.3291e-16
1.3366e-01 7.5788e-01 -4.6259e-16
1.3459e-01 5.5379e-01 -3.9651e-16
1.3552e-01 6.3877e-01 -4.2701e-16
1.3646e-01 5.4778e-01 -3.9651e-16
1.3741e-01 5.4480e-01 -3.9651e-16
1.3836e-01 7.3749e-01 -4.6259e-16
1.3932e-01 7.3346e-01 -4.6259e-16
1.4029e-01 6.4311e-01 -5.7097e-16
1.4126e-01 6.3959e-01 -5.7097e-16
1.4224e-01 7.2149e-01 -4.6259e-16
1.4323e-01 6.1139e-01 -4.2701e-16
1.4422e-01 8.4923e-01 -5.0465e-16
1.4522e-01 5.2138e-01 -3.9651e-16
1.4623e-01 6.0135e-01 -4.2701e-16
1.4725e-01 4.4919e-01 -3.7007e-16
1.4827e-01 5.9473e-01 -4.2701e-16
1.4930e-01 5.9144e-01 -4.2701e-16
1.5033e-01 5.0714e-01 -3.9651e-16
1.5138e-01 6.8644e-01 -4.6259e-16
1.5243e-01 6.8262e-01 -4.6259e-16
1.5349e-01 5.7840e-01 -4.2701e-16
1.5455e-01 5.7518e-01 -4.2701e-16
1.5562e-01 6.7127e-01 -4.6259e-16
1.5670e-01 7.9439e-01 -5.0465e-16
1.5779e-01 7.8994e-01 -5.0465e-16
1.5889e-01 5.6240e-01 -4.2701e-16
1.5999e-01 5.5924e-01 -4.2701e-16
1.6110e-01 5.5609e-01 -4.2701e-16
1.6222e-01 6.4895e-01 -4.6259e-16
1.6334e-01 6.4528e-01 -4.6259e-16
1.6448e-01 6.4162e-01 -4.6259e-16
1.6562e-01 7.5925e-01 -5.0465e-16
1.6677e-01 6.3435e-01 -4.6259e-16
1.6792e-01 5.3743e-01 -4.2701e-16
1.6909e-01 6.2713e-01 -4.6259e-16
1.7026e-01 8.9790e-01 -5.5511e-16
1.7144e-01 7.1420e-01 -3.5527e-16
1.7263e-01 5.8686e-01 -3.2297e-16
1.7383e-01 5.8347e-01 -3.2297e-16
1.7504e-01 5.8011e-01 -3.2297e-16
1.7625e-01 4.1294e-01 -2.7329e-16
1.7748e-01 5.7340e-01 -3.2297e-16
1.7871e-01 5.9877e-01 -4.6259e-16
1.7995e-01 7.0844e-01 -5.0465e-16
1.8120e-01 8.4168e-01 -3.9475e-16
1.8245e-01 6.7777e-01 -3.5527e-16
1.8372e-01 8.3184e-01 -3.9475e-16
1.8500e-01 6.6982e-01 -3.5527e-16
1.8628e-01 5.5031e-01 -3.2297e-16
1.8757e-01 8.1720e-01 -3.9475e-16
1.8887e-01 1.0281e+00 -4.4409e-16
1.9018e-01 6.5409e-01 -3.5527e-16
1.9150e-01 5.3735e-01 -3.2297e-16
1.9283e-01 5.3413e-01 -3.2297e-16
1.9417e-01 5.3093e-01 -3.2297e-16
1.9552e-01 4.4344e-01 -2.9606e-16
1.9688e-01 5.2455e-01 -3.2297e-16
1.9824e-01 5.2137e-01 -3.2297e-16
1.9962e-01 7.7411e-01 -3.9475e-16
2.0100e-01 7.6939e-01 -3.9475e-16
2.0240e-01 7.6469e-01 -3.9475e-16
2.0380e-01 9.6188e-01 -4.4409e-16
2.0522e-01 7.5533e-01 -3.9475e-16
2.0664e-01 7.5067e-01 -3.9475e-16
2.0807e-01 6.0428e-01 -3.5527e-16
2.0952e-01 7.4138e-01 -3.9475e-16
2.1097e-01 4.1443e-01 -2.9606e-16
2.1244e-01 4.9012e-01 -3.2297e-16
2.1391e-01 4.8704e-01 -3.2297e-16
2.1540e-01 4.8397e-01 -3.2297e-16
2.1689e-01 4.8091e-01 -3.2297e-16
2.1840e-01 7.1383e-01 -3.9475e-16
2.1991e-01 7.0927e-01 -3.9475e-16
2.2144e-01 7.0473e-01 -3.9475e-16
2.2297e-01 5.6717e-01 -3.5527e-16
2.2452e-01 8.8048e-01 -4.4409e-16
2.2608e-01 8.7477e-01 -4.4409e-16
2.2765e-01 8.5134e-01 -2.8549e-16
2.2923e-01 6.4755e-01 -2.4980e-16
2.3082e-01 5.0829e-01 -2.2204e-16
2.3242e-01 5.0494e-01 -2.2204e-16
2.3403e-01 1.1286e+00 -3.3307e-16
2.3566e-01 4.9826e-01 -2.2204e-16
2.3729e-01 4.9493e-01 -2.2204e-16
2.3894e-01 4.9161e-01 -2.2204e-16
2.4060e-01 6.5105e-01 -3.9475e-16
2.4227e-01 6.4664e-01 -3.9475e-16
2.4395e-01 6.4224e-01 -3.9475e-16
2.4564e-01 8.0727e-01 -4.4409e-16
2.4735e-01 6.3346e-01 -3.9475e-16
2.4906e-01 6.2908e-01 -3.9475e-16
2.5079e-01 7.9065e-01 -4.4409e-16
2.5253e-01 5.8885e-01 -2.4980e-16
2.5428e-01 5.8471e-01 -2.4980e-16
2.5605e-01 4.5873e-01 -2.2204e-16
2.5783e-01 5.7646e-01 -2.4980e-16
2.5961e-01 1.0175e+00 -3.3307e-16
2.6142e-01 1.0102e+00 -3.3307e-16
2.6323e-01 5.6415e-01 -2.4980e-16
2.6506e-01 7.3150e-01 -2.8549e-16
2.6690e-01 7.2616e-01 -2.8549e-16
2.6875e-01 7.2083e-01 -2.8549e-16
2.7061e-01 4.3283e-01 -2.2204e-16
2.7249e-01 5.4374e-01 -2.4980e-16
2.7438e-01 7.0488e-01 -2.8549e-16
2.7629e-01 6.9958e-01 -2.8549e-16
2.7820e-01 9.4499e-01 -3.3307e-16
2.8014e-01 5.2751e-01 -2.4980e-16
2.8208e-01 6.8371e-01 -2.8549e-16
2.8404e-01 5.1943e-01 -2.4980e-16
2.8601e-01 5.1540e-01 -2.4980e-16
2.8799e-01 5.1137e-01 -2.4980e-16
2.8999e-01 5.0734e-01 -2.4980e-16
2.9200e-01 8.9480e-01 -3.3307e-16
2.9403e-01 1.9972e+00 -4.9960e-16
2.9607e-01 4.9530e-01 -2.4980e-16
2.9813e-01 4.9129e-01 -2.4980e-16
3.0019e-01 4.8729e-01 -2.4980e-16
3.0228e-01 6.3123e-01 -2.8549e-16
3.0437e-01 4.1735e-01 -1.2688e-16
3.0649e-01 4.1387e-01 -1.2688e-16
3.0861e-01 5.5860e-01 -1.4803e-16
3.1076e-01 6.1040e-01 -2.8549e-16
3.1291e-01 6.0520e-01 -2.8549e-16
3.1508e-01 4.5938e-01 -2.4980e-16
3.1727e-01 5.9482e-01 -2.8549e-16
3.1947e-01 1.1557e+00 -3.9968e-16
3.2169e-01 5.8446e-01 -2.8549e-16
3.2392e-01 5.7929e-01 -2.8549e-16
3.2617e-01 7.8144e-01 -3.3307e-16
3.2843e-01 1.1151e+00 -3.9968e-16
3.3071e-01 1.1050e+00 -3.9968e-16
3.3301e-01 7.6037e-01 -3.3307e-16
3.3532e-01 4.2376e-01 -2.4980e-16
3.3764e-01 7.1650e-01 -1.7764e-16
3.3999e-01 4.9290e-01 -1.4803e-16
3.4235e-01 4.8824e-01 -1.4803e-16
3.4472e-01 6.9636e-01 -1.7764e-16
3.4712e-01 6.8966e-01 -1.7764e-16
3.4952e-01 1.0671e+00 -2.2204e-16
3.5195e-01 4.6964e-01 -1.4803e-16
3.5439e-01 4.6500e-01 -1.4803e-16
3.5685e-01 4.6037e-01 -1.4803e-16
3.5933e-01 4.5574e-01 -1.4803e-16
3.6182e-01 6.4960e-01 -1.7764e-16
3.6433e-01 6.4295e-01 -1.7764e-16
3.6686e-01 1.7675e+00 -2.9606e-16
3.6941e-01 1.7491e+00 -2.9606e-16
3.7197e-01 9.7350e-01 -2.2204e-16
3.7455e-01 6.1642e-01 -1.7764e-16
3.7715e-01 6.0981e-01 -1.7764e-16
3.7977e-01 6.0320e-01 -1.7764e-16
3.8240e-01 4.5659e-01 -2.8549e-16
3.8506e-01 4.5155e-01 -2.8549e-16
3.8773e-01 5.8344e-01 -1.7764e-16
3.9042e-01 9.0137e-01 -2.2204e-16
3.9313e-01 8.9112e-01 -2.2204e-16
3.9586e-01 5.6377e-01 -1.7764e-16
3.9861e-01 5.5724e-01 -1.7764e-16
4.0137e-01 5.5072e-01 -1.7764e-16
4.0416e-01 1.5117e+00 -2.9606e-16
4.0696e-01 5.3770e-01 -1.7764e-16
4.0979e-01 3.6890e-01 -1.4803e-16
4.1263e-01 8.1991e-01 -2.2204e-16
4.1549e-01 5.1828e-01 -1.7764e-16
4.1838e-01 1.4218e+00 -2.9606e-16
4.2128e-01 7.8970e-01 -2.2204e-16
4.2420e-01 1.3861e+00 -2.9606e-16
4.2715e-01 4.9259e-01 -1.7764e-16
4.3011e-01 3.3765e-01 -1.4803e-16
4.3310e-01 3.3323e-01 -1.4803e-16
4.3610e-01 3.2882e-01 -1.4803e-16
4.3913e-01 4.6717e-01 -1.7764e-16
4.4218e-01 4.6086e-01 -1.7764e-16
4.4524e-01 4.5457e-01 -1.7764e-16
4.4833e-01 4.4830e-01 -1.7764e-16
4.5144e-01 4.4205e-01 -1.7764e-16
4.5458e-01 6.8097e-01 -2.2204e-16
4.5773e-01 6.7127e-01 -2.2204e-16
4.6091e-01 1.1762e+00 -2.9606e-16
4.6411e-01 2.6079e+00 -4.4409e-16
4.6733e-01 2.5696e+00 -4.4409e-16
4.7057e-01 6.3286e-01 -2.2204e-16
4.7384e-01 6.2336e-01 -2.2204e-16
4.7713e-01 6.1390e-01 -2.2204e-16
4.8044e-01 6.0448e-01 -2.2204e-16
4.8377e-01 1.0580e+00 -2.9606e-16
4.8713e-01 1.0414e+00 -2.9606e-16
4.9051e-01 1.0249e+00 -2.9606e-16
4.9391e-01 5.6727e-01 -2.2204e-16
4.9734e-01 3.5718e-01 -1.7764e-16
5.0079e-01 2.7448e-01 -5.5511e-17
5.0427e-01 1.0798e+00 -1.1102e-16
5.0777e-01 4.7188e-01 -7.4015e-17
5.1129e-01 2.6095e-01 -5.5511e-17
5.1484e-01 4.5599e-01 -7.4015e-17
5.1841e-01 2.5207e-01 -5.5511e-17
5.2201e-01 4.4031e-01 -7.4015e-17
5.2563e-01 9.7324e-01 -1.1102e-16
5.2928e-01 9.5590e-01 -1.1102e-16
5.3295e-01 9.3869e-01 -1.1102e-16
5.3665e-01 4.0960e-01 -7.4015e-17
5.4037e-01 4.0207e-01 -7.4015e-17
5.4412e-01 8.8784e-01 -1.1102e-16
5.4790e-01 3.4847e+00 -2.2204e-16
5.5170e-01 3.4185e+00 -2.2204e-16
5.5553e-01 inf -inf
5.5939e-01 3.2880e+00 -2.2204e-16
5.6327e-01 3.2236e+00 -2.2204e-16
5.6718e-01 7.8994e-01 -1.1102e-16
5.7111e-01 7.7414e-01 -1.1102e-16
5.7508e-01 3.3711e-01 -7.4015e-17
5.7907e-01 7.4301e-01 -1.1102e-16
5.8309e-01 3.2342e-01 -7.4015e-17
5.8713e-01 3.1668e-01 -7.4015e-17
5.9121e-01 6.9752e-01 -1.1102e-16
5.9531e-01 1.2137e+00 -1.4803e-16
5.9944e-01 1.1876e+00 -1.4803e-16
6.0360e-01 4.1826e-01 -8.8818e-17
6.0779e-01 6.3920e-01 -1.1102e-16
6.1201e-01 4.0003e-01 -8.8818e-17
6.1625e-01 3.9109e-01 -8.8818e-17
6.2053e-01 5.9727e-01 -1.1102e-16
6.2484e-01 1.0376e+00 -1.4803e-16
6.2917e-01 5.7021e-01 -1.1102e-16
6.3354e-01 2.2278e+00 -2.2204e-16
6.3794e-01 2.1755e+00 -2.2204e-16
6.4236e-01 9.4396e-01 -1.4803e-16
6.4682e-01 2.0731e+00 -2.2204e-16
6.5131e-01 3.2367e-01 -8.8818e-17
6.5583e-01 1.9736e+00 -2.2204e-16
6.6038e-01 1.9250e+00 -2.2204e-16
6.6496e-01 4.6929e-01 -1.1102e-16
6.6958e-01 8.1336e-01 -1.4803e-16
6.7422e-01 7.9277e-01 -1.4803e-16
6.7890e-01 4.3454e-01 -1.1102e-16
6.8361e-01 7.5259e-01 -1.4803e-16
6.8836e-01 4.1232e-01 -1.1102e-16
6.9313e-01 1.6060e+00 -2.2204e-16
6.9795e-01 1.5634e+00 -2.2204e-16
7.0279e-01 6.7628e-01 -1.4803e-16
7.0767e-01 1.4806e+00 -2.2204e-16
7.1258e-01 1.4404e+00 -2.2204e-16
7.1752e-01 1.4008e+00 -2.2204e-16
7.2250e-01 1.3621e+00 -2.2204e-16
7.2751e-01 1.3241e+00 -2.2204e-16
7.3256e-01 5.7193e-01 -1.4803e-16
7.3765e-01 5.5570e-01 -1.4803e-16
7.4277e-01 3.0364e-01 -1.1102e-16
7.4792e-01 2.9488e-01 -1.1102e-16
7.5311e-01 5.0899e-01 -1.4803e-16
7.5834e-01 4.9408e-01 -1.4803e-16
7.6360e-01 2.6971e-01 -1.1102e-16
7.6890e-01 4.6520e-01 -1.4803e-16
7.7424e-01 4.5124e-01 -1.4803e-16
7.7961e-01 4.3759e-01 -1.4803e-16
7.8502e-01 3.8183e+00 -4.4409e-16
7.9047e-01 9.2526e-01 -2.2204e-16
7.9595e-01 8.9663e-01 -2.2204e-16
8.0148e-01 8.6868e-01 -2.2204e-16
8.0704e-01 8.4140e-01 -2.2204e-16
8.1264e-01 2.0370e-01 -1.1102e-16
8.1828e-01 1.9721e-01 -1.1102e-16
8.2396e-01 3.3934e-01 -1.4803e-16
8.2967e-01 3.2837e-01 -1.4803e-16
8.3543e-01 -0.0000e+00 0.0000e+00
8.4123e-01 nan nan
8.4707e-01 nan nan
8.5294e-01 nan nan
8.5886e-01 nan nan
8.6482e-01 nan nan
8.7083e-01 nan nan
8.7687e-01 -0.0000e+00 0.0000e+00
8.8295e-01 -0.0000e+00 0.0000e+00
8.8908e-01 nan nan
8.9525e-01 nan nan
9.0146e-01 nan nan
9.0772e-01 nan nan
9.1402e-01 -0.0000e+00 -0.0000e+00
9.2036e-01 nan nan
9.2675e-01 nan nan
9.3318e-01 nan nan
9.3966e-01 -0.0000e+00 -0.0000e+00
9.4618e-01 -0.0000e+00 0.0000e+00
9.5274e-01 nan nan
9.5936e-01 nan nan
9.6601e-01 -0.0000e+00 -0.0000e+00
9.7272e-01 -0.0000e+00 -0.0000e+00
9.7947e-01 -0.0000e+00 -0.0000e+00
9.8626e-01 -0.0000e+00 -0.0000e+00
9.9311e-01 -0.0000e+00 -0.0000e+00
1.0000e+00 -0.0000e+00 -0.0000e+00
