#   a     H/H0    dlogHdloga     OmegaM     OmegaRtot    OmegaLambda
          0.001          19020.3        -1.61151        0.773257        0.130979       0.0906075               0       0.0906075     1.99071e-09 
     0.00105925          17337.9        -1.60661        0.782998         0.12521       0.0866166               0       0.0866166     2.39577e-09 
     0.00112202          15807.9        -1.60192        0.792515        0.119643       0.0827653               0       0.0827653     2.88199e-09 
      0.0011885          14416.5        -1.59733        0.801742        0.114265       0.0790452               0       0.0790452     3.46513e-09 
     0.00125893          13152.8        -1.59299        0.810437        0.109043       0.0754327               0       0.0754327     4.16297e-09 
     0.00133352            12002        -1.58872        0.818938        0.104023       0.0719601               0       0.0719601      4.9996e-09 
     0.00141254          10954.7        -1.58456        0.827102       0.0991833       0.0686119               0       0.0686119     6.00127e-09 
     0.00149624          9999.97        -1.58063        0.835139       0.0945449       0.0654032               0       0.0654032     7.20183e-09 
     0.00158489          9131.78        -1.57683        0.842646       0.0900584       0.0622996               0       0.0622996     8.63633e-09 
      0.0016788             8340        -1.57318        0.850011       0.0857638       0.0593287               0       0.0593287      1.0354e-08 
     0.00177828          7618.97        -1.56964        0.856966       0.0816287       0.0564682               0       0.0564682     1.24065e-08 
     0.00188365          6961.45        -1.56632        0.863688        0.077667       0.0537276               0       0.0537276     1.48608e-08 
     0.00199526           6361.5        -1.56309        0.870237       0.0738783       0.0511067               0       0.0511067      1.7796e-08 
     0.00211349          5814.75        -1.55999        0.876383       0.0702382       0.0485886               0       0.0485886     2.12999e-08 
     0.00223872          5315.83        -1.55703        0.882294       0.0667564         0.04618               0         0.04618     2.54858e-08 
     0.00237137          4860.37         -1.5542        0.888011       0.0634304       0.0438792               0       0.0438792     3.04861e-08 
     0.00251189          4444.74        -1.55151        0.893437       0.0602481       0.0416778               0       0.0416778     3.64543e-08 
     0.00266073          4065.45        -1.54891        0.898544        0.057203       0.0395713               0       0.0395713     4.35736e-08 
     0.00281838          3718.85        -1.54641         0.90352       0.0543022       0.0375646               0       0.0375646     5.20741e-08 
     0.00298538          3402.42        -1.54412        0.908195       0.0515298       0.0356467               0       0.0356467     6.22105e-08 
     0.00316228          3113.18         -1.5418        0.912738       0.0488906        0.033821               0        0.033821     7.43071e-08 
     0.00334965          2848.94        -1.53971        0.917045       0.0463735       0.0320798               0       0.0320798     8.87309e-08 
     0.00354813          2607.48        -1.53764        0.921114       0.0439737       0.0304196               0       0.0304196     1.05925e-07 
     0.00375837          2386.73        -1.53567        0.925018       0.0416898       0.0288397               0       0.0288397     1.26425e-07 
     0.00398107          2184.96        -1.53382        0.928683       0.0395136       0.0273343               0       0.0273343     1.50852e-07 
     0.00421697          2000.42        -1.53205        0.932212        0.037445       0.0259033               0       0.0259033      1.7997e-07 
     0.00446684          1831.64        -1.53039        0.935567       0.0354776       0.0245423               0       0.0245423     2.14664e-07 
     0.00473151           1677.2        -1.52882        0.938833         0.03361       0.0232503               0       0.0232503     2.56019e-07 
     0.00501187          1535.99        -1.52725        0.941841       0.0318315         0.02202               0         0.02202     3.05254e-07 
     0.00530884          1406.78        -1.52585         0.94472       0.0301427       0.0208518               0       0.0208518     3.63904e-07 
     0.00562341          1288.52        -1.52442        0.947483       0.0285398       0.0197429               0       0.0197429     4.33766e-07 
     0.00595662          1180.33        -1.52317        0.950056       0.0270165       0.0186892               0       0.0186892     5.16932e-07 
     0.00630957          1081.32         -1.5219        0.952459       0.0255697       0.0176883               0       0.0176883     6.15929e-07 
     0.00668344           990.62        -1.52073        0.954864       0.0242003        0.016741               0        0.016741     7.33881e-07 
     0.00707946          907.615        -1.51958        0.957089       0.0228998       0.0158414               0       0.0158414     8.74252e-07 
     0.00749894          831.619        -1.51854        0.959196       0.0216664       0.0149881               0       0.0149881     1.04134e-06 
     0.00794328          762.036        -1.51754         0.96118       0.0204967        0.014179               0        0.014179     1.24019e-06 
     0.00841395          698.306        -1.51659        0.963084       0.0193885       0.0134123               0       0.0134123     1.47689e-06 
     0.00891251          639.948        -1.51575        0.964866       0.0183378       0.0126855               0       0.0126855     1.75854e-06 
     0.00944061          586.489        -1.51482        0.966576       0.0173426       0.0119971               0       0.0119971     2.09373e-06 
           0.01          537.525        -1.51409        0.968185       0.0163998       0.0113448               0       0.0113448     2.49254e-06 
      0.0105925          492.676        -1.51326        0.969693       0.0155065       0.0107269               0       0.0107269     2.96701e-06 
      0.0112202          451.581        -1.51252        0.971147        0.014661        0.010142               0        0.010142     3.53158e-06 
       0.011885          413.912        -1.51189        0.972614       0.0138618      0.00958917               0      0.00958917     4.20363e-06 
      0.0125893          379.418         -1.5112        0.973912       0.0131039      0.00906484               0      0.00906484     5.00269e-06 
      0.0133352          347.813        -1.51063        0.975135       0.0123864      0.00856851               0      0.00856851     5.95318e-06 
      0.0141254          318.885           -1.51        0.976083       0.0117049      0.00809706               0      0.00809706     7.08225e-06 
      0.0149624          292.328        -1.50947        0.977272       0.0110636      0.00765343               0      0.00765343     8.42752e-06 
      0.0158489          267.999        -1.50893        0.978338       0.0104561      0.00723318               0      0.00723318      1.0027e-05 
       0.016788          245.717         -1.5084        0.979232      0.00988018       0.0068348               0       0.0068348     1.19281e-05 
      0.0177828          225.281        -1.50797         0.98018      0.00933653      0.00645872               0      0.00645872     1.41903e-05 
      0.0188365          206.544        -1.50753        0.981138      0.00882286      0.00610338               0      0.00610338     1.68816e-05 
      0.0199526          189.384         -1.5071        0.981905      0.00833583      0.00576647               0      0.00576647     2.00795e-05 
      0.0211349          173.646         -1.5067        0.982713        0.007876      0.00544837               0      0.00544837     2.38842e-05 
      0.0223872          159.226        -1.50629        0.983392      0.00744057      0.00514715               0      0.00514715     2.84061e-05 
      0.0237137          145.997          -1.506        0.984161      0.00702984      0.00486303               0      0.00486303     3.37871e-05 
      0.0251189          133.874         -1.5056        0.984831      0.00664112      0.00459412               0      0.00459412     4.01833e-05 
      0.0266073          122.759         -1.5053        0.985478      0.00627374      0.00433998               0      0.00433998     4.77894e-05 
      0.0281838          112.581          -1.505        0.985885      0.00592524      0.00409889               0      0.00409889     5.68212e-05 
      0.0298538          103.235        -1.50471        0.986514      0.00559736      0.00387208               0      0.00387208     6.75753e-05 
      0.0316228          94.6676         -1.5044        0.987082      0.00528728      0.00365758               0      0.00365758     8.03595e-05 
      0.0334965          86.8174        -1.50411        0.987512      0.00499369      0.00345448               0      0.00345448     9.55492e-05 
      0.0354813          79.6143        -1.50388        0.988038      0.00471686      0.00326298               0      0.00326298     0.000113621 
      0.0375837          73.0156        -1.50359        0.988381      0.00445455      0.00308152               0      0.00308152     0.000135085 
      0.0398107          66.9606        -1.50341        0.988819      0.00420723      0.00291043               0      0.00291043     0.000160621 
      0.0421697          61.4099         -1.5031        0.989189      0.00397337      0.00274865               0      0.00274865     0.000190969 
      0.0446684          56.3205        -1.50291        0.989516      0.00375234      0.00259575               0      0.00259575     0.000227043 
      0.0473151          51.6533        -1.50261        0.989827      0.00354355      0.00245132               0      0.00245132     0.000269925 
      0.0501187          47.3725        -1.50241        0.990157      0.00334644      0.00231497               0      0.00231497     0.000320914 
      0.0530884          43.4486        -1.50215        0.990385      0.00315997      0.00218597               0      0.00218597     0.000381495 
      0.0562341          39.8496         -1.5019        0.990622      0.00298392      0.00206418               0      0.00206418     0.000453516 
      0.0595662            36.55        -1.50159        0.990791      0.00281748      0.00194905               0      0.00194905     0.000539096 
      0.0630957          33.5231        -1.50136        0.990987       0.0026604      0.00184038               0      0.00184038     0.000640844 
      0.0668344          30.7472        -1.50102        0.991161      0.00251202      0.00173774               0      0.00173774     0.000761778 
      0.0707946          28.2031         -1.5007        0.991199      0.00237159       0.0016406               0       0.0016406      0.00090541 
      0.0749894          25.8691        -1.50036        0.991273       0.0022391      0.00154894               0      0.00154894      0.00107616 
      0.0794328          23.7288        -1.49992        0.991295      0.00211389      0.00146232               0      0.00146232      0.00127905 
      0.0841395          21.7667         -1.4995        0.991221      0.00199549      0.00138042               0      0.00138042      0.00152004 
      0.0891251           19.967          -1.499        0.991135       0.0018837      0.00130309               0      0.00130309      0.00180641 
      0.0944061          18.3161        -1.49843        0.991042      0.00177816      0.00123008               0      0.00123008      0.00214672 
            0.1          16.8027         -1.4978        0.990829      0.00167833      0.00116102               0      0.00116102      0.00255084 
       0.105925           15.415        -1.49696        0.990528      0.00158397      0.00109574               0      0.00109574      0.00303076 
       0.112202          14.1426        -1.49606        0.990136      0.00149477      0.00103403               0      0.00103403      0.00360063 
        0.11885          12.9757          -1.495        0.989683      0.00141051     0.000975746               0     0.000975746      0.00427741 
       0.125893          11.9065        -1.49384        0.988985      0.00133067     0.000920513               0     0.000920513      0.00508012 
       0.133352          10.9255        -1.49237         0.98826      0.00125531     0.000868384               0     0.000868384      0.00603331 
       0.141254          10.0267         -1.4907        0.987286      0.00118392     0.000818999               0     0.000818999      0.00716354 
       0.149624          9.20291        -1.48872        0.986066      0.00111631     0.000772229               0     0.000772229      0.00850335 
       0.158489          8.44786        -1.48631        0.984607      0.00105231     0.000727953               0     0.000727953       0.0100913 
        0.16788          7.75522        -1.48351        0.983033     0.000991853     0.000686133               0     0.000686133       0.0119744 
       0.177828          7.12157        -1.48029        0.980855     0.000934296     0.000646317               0     0.000646317          0.0142 
       0.188365          6.54022        -1.47639        0.978525     0.000879936     0.000608713               0     0.000608713       0.0168367 
       0.199526          6.00835        -1.47184        0.975541      0.00082818     0.000572909               0     0.000572909       0.0199494 
       0.211349           5.5209        -1.46642        0.972157     0.000779141     0.000538985               0     0.000538985       0.0236277 
       0.223872          5.07491        -1.46007        0.968052      0.00073245     0.000506686               0     0.000506686        0.027963 
       0.237137          4.66677        -1.45259        0.963215     0.000688022     0.000475952               0     0.000475952        0.033068 
       0.251189          4.29355        -1.44374        0.957467     0.000645659     0.000446647               0     0.000446647       0.0390668 
       0.266073          3.95236        -1.43343        0.950697     0.000605232     0.000418681               0     0.000418681       0.0461027 
       0.281838          3.64055         -1.4213        0.942808     0.000566634      0.00039198               0      0.00039198       0.0543385 
       0.298538           3.3559        -1.40715        0.933549     0.000529683     0.000366418               0     0.000366418       0.0639472 
       0.316228          3.09612        -1.39064         0.92283     0.000494312      0.00034195               0      0.00034195       0.0751287 
       0.334965          2.85955        -1.37149         0.91025     0.000460299      0.00031842               0      0.00031842       0.0880734 
       0.354813          2.64402        -1.34931        0.895829     0.000427666     0.000295846               0     0.000295846        0.103017 
       0.375837          2.44825        -1.32387         0.87911     0.000396208     0.000274084               0     0.000274084        0.120151 
       0.398107          2.27051        -1.29467        0.860019     0.000365921     0.000253133               0     0.000253133        0.139699 
       0.421697          2.10936         -1.2616        0.838407     0.000336771     0.000232967               0     0.000232967         0.16186 
       0.446684          1.96366         -1.2243        0.814002     0.000308677     0.000213533               0     0.000213533        0.186771 
       0.473151          1.83224        -1.18261        0.786669     0.000281625      0.00019482               0      0.00019482        0.214524 
       0.501187          1.71385        -1.13644        0.756499     0.000255675     0.000176868               0     0.000176868        0.245184 
       0.530884          1.60769        -1.08595        0.723359     0.000230799     0.000159659               0     0.000159659        0.278637 
       0.562341          1.51258        -1.03133        0.687572     0.000207108     0.000143271               0     0.000143271        0.314777 
       0.595662          1.42778       -0.972983        0.649281     0.000184634     0.000127724               0     0.000127724        0.353278 
       0.630957           1.3524       -0.911522        0.608897     0.000163464      0.00011308               0      0.00011308        0.393757 
       0.668344          1.28562       -0.847734        0.566936     0.000143686     9.93973e-05               0     9.93973e-05        0.435731 
       0.707946          1.22673       -0.782486        0.523913     0.000125354      8.6716e-05               0      8.6716e-05        0.478568 
       0.749894          1.17487       -0.716773        0.480589     0.000108556     7.50955e-05               0     7.50955e-05        0.521744 
       0.794328          1.12949       -0.651627        0.437512     9.32973e-05     6.45402e-05               0     6.45402e-05        0.564513 
       0.841395          1.08998       -0.588007        0.395296     7.95796e-05     5.50507e-05               0     5.50507e-05        0.606187 
       0.891251          1.05552       -0.526798        0.354672     6.74071e-05     4.66302e-05               0     4.66302e-05        0.646414 
       0.944061          1.02577       -0.468741         0.31598     5.66942e-05     3.92193e-05               0     3.92193e-05        0.684453 
              1                1         -0.4144        0.279741     4.73844e-05     3.27791e-05               0     3.27791e-05        0.720179 
        1.05925                1         -0.4144        0.235373     3.76388e-05     2.60373e-05               0     2.60373e-05        0.720179 
        1.12202                1         -0.4144        0.198041     2.98975e-05     2.06822e-05               0     2.06822e-05        0.720179 
         1.1885                1         -0.4144        0.166631     2.37485e-05     1.64284e-05               0     1.64284e-05        0.720179 
        1.25893                1         -0.4144        0.140203     1.88641e-05     1.30496e-05               0     1.30496e-05        0.720179 
        1.33352                1         -0.4144        0.117966     1.49843e-05     1.03656e-05               0     1.03656e-05        0.720179 
        1.41254                1         -0.4144       0.0992558     1.19024e-05     8.23373e-06               0     8.23373e-06        0.720179 
        1.49624                1         -0.4144       0.0835134     9.45443e-06     6.54028e-06               0     6.54028e-06        0.720179 
        1.58489                1         -0.4144       0.0702678     7.50992e-06     5.19513e-06               0     5.19513e-06        0.720179 
         1.6788                1         -0.4144       0.0591229     5.96534e-06     4.12664e-06               0     4.12664e-06        0.720179 
        1.77828                1         -0.4144       0.0497458     4.73844e-06     3.27791e-06               0     3.27791e-06        0.720179 
        1.88365                1         -0.4144       0.0418558     3.76388e-06     2.60373e-06               0     2.60373e-06        0.720179 
        1.99526                1         -0.4144       0.0352173     2.98975e-06     2.06822e-06               0     2.06822e-06        0.720179 
        2.11349                1         -0.4144       0.0296317     2.37485e-06     1.64284e-06               0     1.64284e-06        0.720179 
        2.23872                1         -0.4144       0.0249319     1.88641e-06     1.30496e-06               0     1.30496e-06        0.720179 
        2.37137                1         -0.4144       0.0209776     1.49843e-06     1.03656e-06               0     1.03656e-06        0.720179 
        2.51189                1         -0.4144       0.0176505     1.19024e-06     8.23373e-07               0     8.23373e-07        0.720179 
        2.66073                1         -0.4144        0.014851     9.45443e-07     6.54028e-07               0     6.54028e-07        0.720179 
        2.81838                1         -0.4144       0.0124956     7.50992e-07     5.19513e-07               0     5.19513e-07        0.720179 
        2.98538                1         -0.4144       0.0105137     5.96534e-07     4.12664e-07               0     4.12664e-07        0.720179 
        3.16228                1         -0.4144      0.00884619     4.73844e-07     3.27791e-07               0     3.27791e-07        0.720179 
        3.34965                1         -0.4144      0.00744314     3.76388e-07     2.60373e-07               0     2.60373e-07        0.720179 
        3.54813                1         -0.4144      0.00626262     2.98975e-07     2.06822e-07               0     2.06822e-07        0.720179 
        3.75837                1         -0.4144      0.00526934     2.37485e-07     1.64284e-07               0     1.64284e-07        0.720179 
        3.98107                1         -0.4144       0.0044336     1.88641e-07     1.30496e-07               0     1.30496e-07        0.720179 
        4.21697                1         -0.4144      0.00373041     1.49843e-07     1.03656e-07               0     1.03656e-07        0.720179 
        4.46684                1         -0.4144      0.00313875     1.19024e-07     8.23373e-08               0     8.23373e-08        0.720179 
        4.73151                1         -0.4144      0.00264093     9.45443e-08     6.54028e-08               0     6.54028e-08        0.720179 
        5.01187                1         -0.4144      0.00222206     7.50992e-08     5.19513e-08               0     5.19513e-08        0.720179 
        5.30884                1         -0.4144      0.00186963     5.96534e-08     4.12664e-08               0     4.12664e-08        0.720179 
        5.62341                1         -0.4144       0.0015731     4.73844e-08     3.27791e-08               0     3.27791e-08        0.720179 
        5.95662                1         -0.4144       0.0013236     3.76388e-08     2.60373e-08               0     2.60373e-08        0.720179 
        6.30957                1         -0.4144      0.00111367     2.98975e-08     2.06822e-08               0     2.06822e-08        0.720179 
        6.68344                1         -0.4144     0.000937036     2.37485e-08     1.64284e-08               0     1.64284e-08        0.720179 
        7.07946                1         -0.4144     0.000788417     1.88641e-08     1.30496e-08               0     1.30496e-08        0.720179 
        7.49894                1         -0.4144      0.00066337     1.49843e-08     1.03656e-08               0     1.03656e-08        0.720179 
        7.94328                1         -0.4144     0.000558157     1.19024e-08     8.23373e-09               0     8.23373e-09        0.720179 
        8.41395                1         -0.4144      0.00046963     9.45443e-09     6.54028e-09               0     6.54028e-09        0.720179 
        8.91251                1         -0.4144     0.000395145     7.50992e-09     5.19513e-09               0     5.19513e-09        0.720179 
        9.44061                1         -0.4144     0.000332473     5.96534e-09     4.12664e-09               0     4.12664e-09        0.720179 
             10                1         -0.4144     0.000279741     4.73844e-09     3.27791e-09               0     3.27791e-09        0.720179 
        10.5925                1         -0.4144     0.000235373     3.76388e-09     2.60373e-09               0     2.60373e-09        0.720179 
        11.2202                1         -0.4144     0.000198041     2.98975e-09     2.06822e-09               0     2.06822e-09        0.720179 
         11.885                1         -0.4144     0.000166631     2.37485e-09     1.64284e-09               0     1.64284e-09        0.720179 
        12.5893                1         -0.4144     0.000140203     1.88641e-09     1.30496e-09               0     1.30496e-09        0.720179 
        13.3352                1         -0.4144     0.000117966     1.49843e-09     1.03656e-09               0     1.03656e-09        0.720179 
        14.1254                1         -0.4144     9.92558e-05     1.19024e-09     8.23373e-10               0     8.23373e-10        0.720179 
        14.9624                1         -0.4144     8.35134e-05     9.45443e-10     6.54028e-10               0     6.54028e-10        0.720179 
        15.8489                1         -0.4144     7.02678e-05     7.50992e-10     5.19513e-10               0     5.19513e-10        0.720179 
         16.788                1         -0.4144     5.91229e-05     5.96534e-10     4.12664e-10               0     4.12664e-10        0.720179 
        17.7828                1         -0.4144     4.97458e-05     4.73844e-10     3.27791e-10               0     3.27791e-10        0.720179 
        18.8365                1         -0.4144     4.18558e-05     3.76388e-10     2.60373e-10               0     2.60373e-10        0.720179 
        19.9526                1         -0.4144     3.52173e-05     2.98975e-10     2.06822e-10               0     2.06822e-10        0.720179 
        21.1349                1         -0.4144     2.96317e-05     2.37485e-10     1.64284e-10               0     1.64284e-10        0.720179 
        22.3872                1         -0.4144     2.49319e-05     1.88641e-10     1.30496e-10               0     1.30496e-10        0.720179 
        23.7137                1         -0.4144     2.09776e-05     1.49843e-10     1.03656e-10               0     1.03656e-10        0.720179 
        25.1189                1         -0.4144     1.76505e-05     1.19024e-10     8.23373e-11               0     8.23373e-11        0.720179 
        26.6073                1         -0.4144      1.4851e-05     9.45443e-11     6.54028e-11               0     6.54028e-11        0.720179 
        28.1838                1         -0.4144     1.24956e-05     7.50992e-11     5.19513e-11               0     5.19513e-11        0.720179 
        29.8538                1         -0.4144     1.05137e-05     5.96534e-11     4.12664e-11               0     4.12664e-11        0.720179 
        31.6228                1         -0.4144     8.84619e-06     4.73844e-11     3.27791e-11               0     3.27791e-11        0.720179 
        33.4965                1         -0.4144     7.44314e-06     3.76388e-11     2.60373e-11               0     2.60373e-11        0.720179 
        35.4813                1         -0.4144     6.26262e-06     2.98975e-11     2.06822e-11               0     2.06822e-11        0.720179 
        37.5837                1         -0.4144     5.26934e-06     2.37485e-11     1.64284e-11               0     1.64284e-11        0.720179 
        39.8107                1         -0.4144      4.4336e-06     1.88641e-11     1.30496e-11               0     1.30496e-11        0.720179 
        42.1697                1         -0.4144     3.73041e-06     1.49843e-11     1.03656e-11               0     1.03656e-11        0.720179 
        44.6684                1         -0.4144     3.13875e-06     1.19024e-11     8.23373e-12               0     8.23373e-12        0.720179 
        47.3151                1         -0.4144     2.64093e-06     9.45443e-12     6.54028e-12               0     6.54028e-12        0.720179 
        50.1187                1         -0.4144     2.22206e-06     7.50992e-12     5.19513e-12               0     5.19513e-12        0.720179 
        53.0884                1         -0.4144     1.86963e-06     5.96534e-12     4.12664e-12               0     4.12664e-12        0.720179 
        56.2341                1         -0.4144      1.5731e-06     4.73844e-12     3.27791e-12               0     3.27791e-12        0.720179 
        59.5662                1         -0.4144      1.3236e-06     3.76388e-12     2.60373e-12               0     2.60373e-12        0.720179 
        63.0957                1         -0.4144     1.11367e-06     2.98975e-12     2.06822e-12               0     2.06822e-12        0.720179 
        66.8344                1         -0.4144     9.37036e-07     2.37485e-12     1.64284e-12               0     1.64284e-12        0.720179 
        70.7946                1         -0.4144     7.88417e-07     1.88641e-12     1.30496e-12               0     1.30496e-12        0.720179 
        74.9894                1         -0.4144      6.6337e-07     1.49843e-12     1.03656e-12               0     1.03656e-12        0.720179 
        79.4328                1         -0.4144     5.58157e-07     1.19024e-12     8.23373e-13               0     8.23373e-13        0.720179 
        84.1395                1         -0.4144      4.6963e-07     9.45443e-13     6.54028e-13               0     6.54028e-13        0.720179 
        89.1251                1         -0.4144     3.95145e-07     7.50992e-13     5.19513e-13               0     5.19513e-13        0.720179 
        94.4061                1         -0.4144     3.32473e-07     5.96534e-13     4.12664e-13               0     4.12664e-13        0.720179 
