# k  (h/Mpc)    Pcb(k)  (Mpc/h)^3    Pcb_linear(k) (Mpc/h)^3   ShotnoiseSubtracted = true
      0.0200456         1166.14         1180.87 
      0.0350414          919.25          925.92 
      0.0492313         733.283         733.614 
      0.0637834         601.282         596.545 
      0.0800726         457.118         450.632 
       0.096163         352.207         354.451 
       0.111083         295.272         300.042 
       0.126058         251.004         249.421 
       0.142273         206.459         202.963 
       0.158546         175.231         172.901 
        0.17375         149.525         150.429 
       0.188953         131.497         129.323 
       0.204907         117.691         111.948 
       0.220756         101.762         98.9442 
        0.23588         90.2474         87.8839 
         0.2514         79.4506         77.8721 
       0.267535         71.7348         69.4487 
       0.283568         64.8455         62.4057 
       0.299022         59.1225         56.3541 
       0.314451         52.6631         51.0939 
       0.330372          48.577         46.4568 
       0.346141         44.3171         42.4096 
       0.361624         41.0388         38.8693 
       0.377134         38.3264         35.7382 
       0.392932         34.0385         32.9167 
       0.408854         32.6217         30.3727 
       0.424564         30.3845         28.1194 
       0.440253         28.0363         26.1024 
       0.455999         26.4308         24.2788 
       0.471626         24.8244         22.6386 
        0.48727         23.3163          21.148 
       0.502856         21.7653         19.7973 
       0.518488         20.7933          18.561 
       0.534347         19.8313         17.4143 
       0.550082         18.1505         16.3723 
       0.565732         16.8172         15.4209 
       0.581496         16.4712          14.539 
       0.597222         15.8041          13.728 
       0.612804         14.7212         12.9857 
       0.628434          14.191         12.2965 
       0.644267         13.6225         11.6495 
       0.660051         12.8545          11.051 
       0.675724         12.2144         10.4985 
       0.691403          11.795         9.98364 
       0.707174         11.2362         9.50074 
       0.722871          10.771         9.05193 
        0.73838         10.3702         8.63709 
       0.754018         10.0122         8.24522 
       0.769845         9.52479         7.87347 
        0.78569         9.22402         7.52436 
       0.801365         8.83142         7.19989 
       0.817031         8.55232         6.89481 
       0.832809         8.28833         6.60552 
       0.848511         7.81351         6.33416 
       0.864097         7.56412         6.07995 
       0.879701         7.31849          5.8395 
       0.895507         7.01575         5.60925 
       0.911279         6.90895         5.39194 
        0.92691         6.65158         5.18798 
       0.942635         6.36741          4.9935 
       0.958396         6.15881         4.80861 
       0.974128         5.99571         4.63346 
       0.989692          5.8992         4.46881 
        1.00528         5.64464         4.31196 
        1.02113         5.43588         4.16021 
        1.03692         5.33921         4.01637 
        1.05264         5.15855         3.88002 
        1.06832         5.04155         3.75024 
        1.08405         4.82525         3.62609 
        1.09979          4.7233         3.50751 
        1.11537         4.61904         3.39543 
        1.13105         4.49428          3.2876 
        1.14679         4.37711         3.18406 
        1.16256         4.24898         3.08479 
        1.17828         4.16223          2.9901 
        1.19395         4.04956         2.89972 
         1.2097         3.89077         2.81263 
        1.22537         3.80709         2.72955 
          1.241         3.73598         2.65009 
        1.25666          3.7045         2.57361 
        1.27241         3.55202         2.49979 
        1.28819         3.47123         2.42876 
        1.30392         3.41246          2.3607 
        1.31957         3.33427         2.29557 
        1.33529         3.24612         2.23266 
        1.35108         3.17389         2.17186 
        1.36674         3.10828         2.11378 
         1.3824         3.00745         2.05787 
        1.39811         2.95613         2.00381 
        1.41389         2.90827         1.95149 
        1.42964         2.84702         1.90113 
        1.44531         2.78933          1.8528 
        1.46101         2.73576         1.80606 
        1.47667          2.6473         1.76107 
        1.49229         2.62973         1.71773 
        1.50793         2.55811         1.67582 
        1.52367         2.53315         1.63503 
        1.53953         2.45183         1.59533 
        1.55526         2.40367         1.55727 
        1.57092          2.3696         1.52061 
        1.58662         2.32429         1.48505 
        1.60235         2.27758         1.45056 
        1.61809         2.23386         1.41715 
        1.63369         2.20525          1.3851 
        1.64941         2.15493          1.3538 
        1.66519         2.12327         1.32337 
        1.68085          2.0645         1.29408 
        1.69652         2.03616         1.26568 
        1.71228         2.00975         1.23797 
        1.72806         1.96037         1.21107 
        1.74368         1.93488         1.18525 
        1.75933         1.89521         1.16012 
        1.77505         1.86765         1.13561 
        1.79081         1.83729         1.11176 
         1.8065         1.80265          1.0887 
        1.82218         1.78173         1.06632 
        1.83797         1.75662         1.04441 
        1.85367          1.7351         1.02325 
        1.86928         1.70439         1.00279 
        1.88497         1.66487        0.982788 
        1.90073         1.63575        0.963256 
        1.91647         1.62042        0.944274 
        1.93218         1.59889        0.925844 
        1.94787         1.56454        0.907934 
        1.96363         1.54251        0.890428 
        1.97935         1.51564         0.87342 
        1.99499         1.48805        0.856953 
        2.01064         1.47182        0.840887 
         2.0264         1.46126        0.825133 
        2.04216         1.43286        0.809791 
        2.05781         1.41038        0.794937 
        2.07353         1.39504        0.780403 
        2.08928         1.36926        0.766201 
        2.10499         1.35164        0.752391 
        2.12065         1.34044        0.738963 
        2.13633         1.31533        0.725852 
        2.15211         1.29284        0.712975 
        2.16785         1.27585        0.700446 
        2.18349         1.26376        0.688298 
        2.19916         1.24144        0.676412 
        2.21489         1.22232        0.664769 
        2.23063         1.20656        0.653391 
         2.2463         1.19989        0.642332 
        2.26194         1.17146        0.631556 
        2.27765         1.15887        0.620973 
        2.29341         1.14941        0.610605 
        2.30914         1.13901        0.600495 
        2.32486         1.12067         0.59062 
        2.34061         1.10438        0.580951 
        2.35635         1.08669        0.571508 
        2.37203         1.07793        0.562307 
        2.38768          1.0659        0.553328 
        2.40339         1.05507        0.544513 
        2.41914         1.04082        0.535869 
        2.43483         1.02634        0.527444 
         2.4505         1.01208        0.519214 
        2.46622         1.00065        0.511132 
        2.48195        0.995736        0.503221 
        2.49759        0.980027         0.49552 
        2.51328         0.96386        0.487961 
        2.52906        0.954961        0.480511 
        2.54479        0.945474        0.473245 
        2.56049        0.931986        0.466144 
        2.57618        0.924782        0.459194 
        2.59189        0.913739        0.452376 
        2.60758        0.903171        0.445707 
        2.62325        0.892422         0.43918 
        2.63898        0.885779        0.432762 
        2.65468        0.874455        0.426486 
        2.67044        0.863328        0.420307 
        2.68618        0.852693        0.414265 
        2.70184        0.842638        0.408366 
        2.71755        0.834921        0.402567 
        2.73329        0.827163        0.396872 
        2.74897        0.818355        0.391306 
        2.76462        0.808352        0.385859 
        2.78034        0.802519        0.380493 
        2.79607        0.793244        0.375223 
        2.81179        0.782434         0.37006 
        2.82749        0.778263        0.364999 
        2.84321        0.771307        0.360028 
        2.85893        0.759562         0.35515 
        2.87462        0.754056        0.350372 
        2.89033        0.744176        0.345677 
        2.90605        0.738305        0.341064 
        2.92176        0.730012        0.336537 
        2.93747        0.724165        0.332095 
        2.95318        0.717679        0.327733 
        2.96891        0.710019        0.323446 
        2.98456         0.70604        0.319256 
        3.00023        0.697257        0.315133 
        3.01596        0.690771        0.311071 
        3.03164        0.684277        0.307092 
        3.04738        0.674113         0.30317 
         3.0631        0.672104        0.299319 
        3.07883        0.664146        0.295534 
        3.09456        0.657225        0.291816 
        3.11026        0.651712        0.288167 
        3.12596        0.645519        0.284581 
        3.14163        0.639529        0.281064 
        3.15734        0.637502        0.277598 
        3.17308        0.628154        0.274183 
        3.18879        0.622853        0.270834 
        3.20447        0.616882        0.267547 
         3.2202        0.613076        0.264303 
         3.2359        0.607958        0.261119 
        3.25157        0.601427        0.257996 
        3.26729        0.599476        0.254913 
        3.28304        0.590895        0.251876 
        3.29877        0.585588        0.248891 
        3.31446         0.58232        0.245962 
        3.33014        0.577895        0.243082 
        3.34585         0.57295        0.240244 
        3.36158        0.567248        0.237447 
        3.37727        0.564475        0.234703 
        3.39294        0.559983        0.232006 
        3.40867        0.555151         0.22934 
        3.42439        0.549537        0.226719 
        3.44008        0.547327        0.224143 
        3.45578        0.543332        0.221605 
        3.47153        0.537314        0.219101 
        3.48724        0.535928        0.216641 
        3.50292        0.531527        0.214223 
        3.51859        0.525855        0.211844 
        3.53431        0.523003        0.209494 
        3.55007        0.520806        0.207173 
        3.56577        0.514081        0.204897 
        3.58146         0.51045        0.202656 
        3.59719         0.50888        0.200443 
        3.61292        0.504945        0.198264 
        3.62859        0.498422        0.196126 
        3.64429        0.497519        0.194015 
        3.66003        0.492936        0.191928 
        3.67578        0.489003        0.189873 
        3.69146        0.486288        0.187856 
        3.70712        0.482686        0.185872 
        3.72284        0.479019         0.18391 
        3.73853        0.476251        0.181979 
        3.75422        0.471436        0.180075 
        3.76993        0.470309        0.178196 
        3.78564        0.467034        0.176345 
        3.80137        0.462898        0.174518 
        3.81707        0.461484         0.17272 
        3.83279        0.456642        0.170946 
        3.84853        0.453238        0.169194 
        3.86424        0.450397         0.16747 
        3.87992         0.44796        0.165772 
        3.89561        0.444918        0.164098 
        3.91134        0.442616        0.162444 
        3.92704        0.438173        0.160815 
        3.94273        0.436293        0.159209 
        3.95845        0.433873        0.157622 
        3.97418        0.429922        0.156057 
        3.98988        0.427108        0.154515 
        4.00554        0.423516        0.152998 
        4.02125        0.420288        0.151497 
        4.03698        0.416675        0.150014 
        4.05268        0.413699        0.148554 
        4.06839        0.410226        0.147113 
         4.0841        0.406251        0.145691 
        4.09983        0.402759        0.144286 
        4.11555        0.398766        0.142899 
        4.13124        0.395578        0.141535 
        4.14693        0.392696        0.140188 
        4.16266        0.389591        0.138855 
        4.17839        0.386463         0.13754 
        4.19408        0.383426        0.136245 
        4.20977        0.381791        0.134966 
        4.22551        0.377978        0.133701 
        4.24123        0.375432        0.132453 
        4.25691        0.373305        0.131224 
        4.27259        0.370725        0.130011 
        4.28831        0.368203        0.128811 
        4.30404          0.3646        0.127624 
        4.31974        0.363125        0.126455 
        4.33543        0.360979        0.125301 
        4.35116        0.358366        0.124159 
        4.36688         0.35651        0.123032 
        4.38255        0.354486        0.121923 
        4.39825        0.352313        0.120825 
        4.41398        0.349786        0.119738 
         4.4297        0.348106        0.118666 
        4.44541        0.346661        0.117607 
        4.46111        0.345114        0.116562 
        4.47683         0.34354        0.115529 
        4.49251        0.340509        0.114511 
        4.50819        0.338718        0.113505 
         4.5239        0.338593         0.11251 
        4.53962         0.33655        0.111525 
        4.55535        0.335915        0.110552 
        4.57106        0.333842        0.109591 
        4.58678        0.332353        0.108642 
         4.6025        0.331103        0.107704 
        4.61821        0.329726        0.106777 
        4.63391        0.329216        0.105863 
         4.6496        0.327245        0.104959 
        4.66532        0.325978        0.104064 
        4.68103        0.325543        0.103181 
        4.69673        0.324445        0.102308 
        4.71241         0.32386        0.101446 
        4.72811        0.322407        0.100593 
        4.74384        0.322357       0.0997487 
        4.75955        0.321573       0.0989152 
        4.77525         0.32038       0.0980918 
        4.79096         0.31982       0.0972766 
        4.80669        0.319094       0.0964704 
         4.8224         0.31824       0.0956742 
        4.83809        0.317988       0.0948878 
        4.85379        0.317794       0.0941098 
         4.8695        0.317373       0.0933398 
        4.88521        0.316621       0.0925788 
        4.90093        0.317302       0.0918262 
        4.91663        0.317049       0.0910826 
        4.93234        0.315555       0.0903465 
        4.94807        0.316163        0.089618 
        4.96377         0.31626       0.0888989 
        4.97943        0.316259       0.0881891 
        4.99514        0.315705       0.0874853 
        5.01086        0.316294       0.0867887 
        5.02654        0.315903       0.0861014 
        5.04227        0.315826       0.0854195 
          5.058        0.316142       0.0847447 
        5.07371        0.316009       0.0840785 
        5.08942        0.317263       0.0834193 
        5.10513         0.31664       0.0827672 
        5.12084        0.317367       0.0821217 
        5.13656        0.318315       0.0814832 
        5.15225        0.317832       0.0808526 
        5.16796        0.319637       0.0802276 
        5.18369        0.319242       0.0796087 
         5.1994        0.320008       0.0789974 
        5.21509        0.320417       0.0783931 
        5.23079        0.321238       0.0777944 
        5.24649        0.321995       0.0772024 
        5.26217        0.321794        0.076617 
        5.27788         0.32308       0.0760368 
        5.29359        0.323722       0.0754625 
        5.30933        0.324975       0.0748933 
        5.32504        0.324831       0.0743309 
        5.34073        0.326326        0.073775 
        5.35646        0.327653       0.0732236 
        5.37218        0.328378       0.0726777 
        5.38789        0.329529       0.0721383 
        5.40357        0.331203       0.0716049 
        5.41929        0.330475       0.0710758 
        5.43502        0.332169       0.0705519 
         5.4507        0.333749       0.0700346 
        5.46639        0.334848       0.0695224 
        5.48212        0.336085       0.0690141 
        5.49786        0.336782       0.0685103 
        5.51353        0.339596        0.068014 
        5.52921        0.339544       0.0675221 
        5.54495        0.340331       0.0670337 
        5.56066        0.342966       0.0665506 
        5.57637        0.343618       0.0660723 
        5.59207        0.345364       0.0655992 
        5.60778        0.346743       0.0651305 
        5.62346        0.347703        0.064667 
        5.63916        0.348947       0.0642076 
        5.65487        0.350915       0.0637524 
         5.6706        0.351896       0.0633011 
        5.68633        0.355608        0.062854 
        5.70203        0.356408       0.0624122 
        5.71773        0.358693       0.0619746 
        5.73344        0.359019       0.0615411 
        5.74916         0.36041       0.0611112 
        5.76486        0.362512       0.0606861 
        5.78054        0.364282       0.0602656 
        5.79626        0.364891        0.059848 
          5.812        0.368172       0.0594339 
         5.8277        0.368751       0.0590249 
        5.84339         0.37058       0.0586198 
        5.85911        0.371515       0.0582177 
        5.87484        0.373508       0.0578194 
        5.89053        0.376901       0.0574257 
        5.90623        0.377535       0.0570354 
        5.92195        0.379231       0.0566481 
        5.93767        0.381694       0.0562646 
        5.95336        0.381661       0.0558852 
        5.96905        0.385338       0.0555095 
        5.98476        0.386069       0.0551368 
        6.00048        0.389643       0.0547673 
        6.01617        0.389231       0.0544017 
        6.03185        0.391381       0.0540399 
        6.04756        0.394154       0.0536805 
        6.06331        0.395089       0.0533236 
        6.07903        0.397776       0.0529707 
        6.09473        0.399531       0.0526213 
        6.11044        0.401555       0.0522748 
        6.12616        0.402583       0.0519314 
        6.14186        0.405522       0.0515915 
        6.15755        0.406675       0.0512546 
        6.17326        0.408541       0.0509204 
        6.18898         0.41172       0.0505891 
        6.20467        0.413352       0.0502613 
        6.22036         0.41231       0.0499365 
         6.2361        0.414262       0.0496136 
         6.2518        0.416885       0.0492941 
        6.26748         0.41825       0.0489782 
        6.28319        0.421237       0.0486641 
        6.29893        0.422523       0.0483525 
        6.31463        0.424576       0.0480442 
        6.33033        0.426146       0.0477386 
        6.34604        0.427787       0.0474355 
        6.36177        0.428961       0.0471348 
        6.37747        0.432055       0.0468372 
        6.39316        0.431024       0.0465423 
        6.40888        0.434523       0.0462494 
         6.4246        0.435954        0.045959 
        6.44031        0.437914       0.0456713 
        6.45601        0.439554       0.0453864 
        6.47172        0.439552       0.0451035 
        6.48744        0.442029        0.044823 
        6.50313        0.443807       0.0445453 
        6.51882        0.445161       0.0442701 
        6.53452        0.446329       0.0439969 
        6.55025        0.446965       0.0437256 
        6.56597        0.449742       0.0434569 
        6.58166         0.45157       0.0431908 
        6.59736        0.453766       0.0429268 
        6.61307        0.453222       0.0426647 
         6.6288        0.455097       0.0424047 
         6.6445        0.456197       0.0421472 
         6.6602        0.458504       0.0418919 
        6.67592        0.459123       0.0416384 
        6.69164        0.460343       0.0413871 
        6.70735         0.46244       0.0411379 
        6.72304        0.463797        0.040891 
        6.73874        0.465082       0.0406461 
        6.75446        0.465015       0.0404029 
        6.77016        0.466647       0.0401621 
        6.78585        0.468355       0.0399231 
        6.80156        0.469754       0.0396861 
        6.81729        0.469677       0.0394506 
        6.83301        0.473011        0.039217 
         6.8487        0.473091       0.0389859 
         6.8644          0.4732       0.0387564 
        6.88012        0.474561       0.0385286 
        6.89583        0.475422       0.0383029 
        6.91151        0.478237       0.0380792 
        6.92723        0.478961       0.0378568 
        6.94296        0.480981        0.037636 
        6.95866        0.480995       0.0374174 
        6.97436        0.481171       0.0372006 
        6.99007        0.483054       0.0369853 
        7.00578        0.483989       0.0367718 
        7.02147        0.486661       0.0365602 
        7.03718        0.487594         0.03635 
         7.0529        0.488153       0.0361413 
        7.06863        0.487438       0.0359342 
        7.08433        0.490068       0.0357289 
        7.10004        0.489925       0.0355254 
        7.11575        0.491662       0.0353233 
        7.13145        0.491368       0.0351229 
        7.14715        0.491403        0.034924 
        7.16284        0.492671        0.034727 
        7.17855        0.493046        0.034531 
        7.19428        0.495834       0.0343364 
        7.20998        0.496521       0.0341436 
        7.22568        0.497554       0.0339524 
        7.24139        0.498622       0.0337625 
        7.25711        0.500154        0.033574 
        7.27282        0.497995       0.0333869 
        7.28852         0.50037       0.0332015 
        7.30423        0.500243       0.0330172 
        7.31995        0.501732       0.0328344 
        7.33565         0.50182       0.0326531 
        7.35135        0.502494       0.0324732 
        7.36706        0.502298       0.0322946 
        7.38277        0.504454       0.0321172 
        7.39847        0.505011       0.0319413 
        7.41419         0.50449       0.0317666 
         7.4299         0.50668       0.0315932 
        7.44561         0.50627       0.0314211 
        7.46132        0.508284       0.0312504 
        7.47701        0.508162       0.0310811 
        7.49272        0.508943       0.0309129 
        7.50842        0.509884       0.0307459 
         7.5241        0.510686       0.0305805 
        7.53981        0.511346        0.030416 
        7.55552        0.511322       0.0302526 
        7.57125        0.514687       0.0300903 
        7.58698        0.511826       0.0299291 
        7.60268        0.513941       0.0297695 
         7.6184        0.514652       0.0296108 
        7.63411        0.513646       0.0294534 
        7.64981        0.515391       0.0292972 
        7.66552        0.513996       0.0291421 
        7.68123        0.515586       0.0289881 
        7.69695         0.51642       0.0288351 
        7.71264        0.517587       0.0286834 
        7.72834        0.517786       0.0285328 
        7.74407        0.517835        0.028383 
        7.75978        0.518814       0.0282344 
        7.77546        0.518794       0.0280872 
        7.79116        0.519869       0.0279409 
         7.8069        0.519653       0.0277952 
         7.8226        0.519702       0.0276509 
        7.83828        0.521516       0.0275079 
        7.85399        0.522331       0.0273656 
        7.86972        0.520883       0.0272241 
        7.88543        0.521966       0.0270838 
        7.90111        0.520702       0.0269448 
        7.91681        0.522907       0.0268065 
        7.93255        0.522954       0.0266689 
        7.94828        0.524304       0.0265324 
        7.96397         0.52303        0.026397 
        7.97967        0.524305       0.0262626 
        7.99538        0.524831       0.0261291 
         8.0111        0.524991       0.0259964 
         8.0268        0.526437       0.0258648 
        8.04248          0.5266       0.0257342 
         8.0582        0.526741       0.0256043 
        8.07393        0.527405       0.0254751 
        8.08963        0.527542       0.0253471 
        8.10533        0.528087         0.02522 
        8.12104        0.528174       0.0250936 
        8.13675        0.529799       0.0249682 
        8.15245        0.531742       0.0248436 
        8.16815        0.530582         0.02472 
        8.18387         0.53217        0.024597 
        8.19959        0.533136       0.0244748 
         8.2153        0.534287       0.0243535 
        8.23101        0.534527       0.0242331 
        8.24672        0.533379       0.0241135 
        8.26241        0.536336       0.0239949 
         8.2781        0.535641        0.023877 
        8.29381        0.536701       0.0237598 
        8.30952        0.537251       0.0236434 
        8.32524         0.53834       0.0235276 
        8.34095        0.539299       0.0234128 
        8.35666        0.539232       0.0232987 
        8.37237         0.54062       0.0231853 
        8.38808        0.539993       0.0230727 
        8.40379        0.542205       0.0229609 
         8.4195        0.542933       0.0228499 
         8.4352        0.543778       0.0227396 
        8.45091        0.544019         0.02263 
        8.46662        0.542944       0.0225211 
        8.48232        0.544368       0.0224129 
        8.49802        0.545744       0.0223055 
        8.51374        0.546864       0.0221987 
        8.52945          0.5478       0.0220926 
        8.54515        0.546711       0.0219873 
        8.56086        0.549069       0.0218826 
        8.57658        0.548208       0.0217786 
        8.59228        0.549842       0.0216753 
        8.60799        0.549069       0.0215726 
        8.62371         0.55052       0.0214706 
        8.63942        0.550548       0.0213693 
        8.65512        0.551211       0.0212687 
        8.67082        0.552887       0.0211687 
        8.68653        0.552648       0.0210693 
        8.70224        0.553586       0.0209706 
        8.71795        0.554097       0.0208725 
        8.73365        0.554201        0.020775 
        8.74936        0.555338       0.0206782 
        8.76506        0.555368        0.020582 
        8.78076        0.557038       0.0204865 
        8.79646        0.556968       0.0203915 
        8.81218        0.557321       0.0202971 
        8.82791        0.558421       0.0202031 
         8.8436        0.559131         0.02011 
         8.8593        0.559954       0.0200174 
        8.87503        0.559145       0.0199253 
        8.89076        0.560731       0.0198337 
        8.90644        0.561122        0.019743 
        8.92214        0.560831       0.0196527 
        8.93786        0.563131       0.0195629 
        8.95357        0.562703       0.0194737 
        8.96928        0.563211       0.0193851 
        8.98498        0.564142        0.019297 
        9.00069        0.564541       0.0192095 
        9.01639        0.565523       0.0191225 
        9.03208        0.566166       0.0190362 
        9.04778        0.567053       0.0189503 
        9.06351        0.565668       0.0188649 
        9.07923        0.567265       0.0187799 
        9.09493        0.568751       0.0186957 
        9.11062        0.568402       0.0186119 
        9.12635        0.568124       0.0185286 
        9.14207        0.568626       0.0184457 
        9.15777        0.569915       0.0183635 
        9.17346        0.570954       0.0182818 
        9.18917        0.570834       0.0182005 
         9.2049         0.57218       0.0181196 
        9.22061        0.572458       0.0180393 
        9.23631        0.572375       0.0179595 
        9.25201        0.573386       0.0178803 
        9.26773        0.572845       0.0178014 
        9.28343        0.574692        0.017723 
        9.29913        0.574717       0.0176452 
        9.31484        0.576279       0.0175678 
        9.33057        0.576718       0.0174907 
        9.34627        0.576942       0.0174142 
        9.36197        0.577795       0.0173382 
        9.37768        0.577377       0.0172626 
        9.39338        0.579268       0.0171875 
        9.40909         0.57773       0.0171128 
        9.42479        0.579025       0.0170386 
         9.4405         0.58045       0.0169648 
        9.45621         0.58066       0.0168914 
        9.47193        0.580391       0.0168185 
        9.48763        0.581287       0.0167461 
        9.50334        0.582217        0.016674 
        9.51906        0.582421       0.0166024 
        9.53476        0.583676       0.0165312 
        9.55045        0.583129       0.0164605 
        9.56616        0.584119       0.0163901 
        9.58188        0.585381       0.0163201 
        9.59759        0.586013       0.0162505 
         9.6133        0.585901       0.0161813 
        9.62901        0.586165       0.0161125 
        9.64471        0.586651       0.0160441 
        9.66041        0.587497        0.015976 
        9.67612        0.587573       0.0159083 
        9.69184        0.589151        0.015841 
        9.70754        0.588408       0.0157741 
        9.72324        0.589806       0.0157077 
        9.73895        0.589847       0.0156416 
        9.75467        0.590657       0.0155759 
        9.77038        0.592223       0.0155107 
        9.78607        0.592041        0.015446 
        9.80177         0.59195       0.0153817 
        9.81749        0.593077       0.0153177 
         9.8332        0.593321       0.0152543 
         9.8489        0.595432       0.0151913 
        9.86463        0.593483       0.0151286 
        9.88035        0.596328       0.0150662 
        9.89606        0.595712       0.0150042 
        9.91175        0.596006       0.0149425 
        9.92745        0.597202        0.014881 
        9.94317        0.597114       0.0148196 
        9.95888        0.598435       0.0147584 
        9.97458        0.598776       0.0146973 
        9.99029         0.59906       0.0146362 
         10.006        0.599827       0.0145985 
        10.0217        0.600244       0.0145985 
        10.0374         0.60111       0.0145985 
        10.0531        0.600763       0.0145985 
        10.0688        0.601151       0.0145985 
        10.0845        0.602596       0.0145985 
        10.1002        0.601872       0.0145985 
        10.1159        0.603791       0.0145985 
        10.1317        0.604346       0.0145985 
        10.1474        0.605018       0.0145985 
        10.1631        0.605723       0.0145985 
        10.1788         0.60489       0.0145985 
        10.1945        0.606924       0.0145985 
        10.2102        0.606658       0.0145985 
        10.2259        0.608046       0.0145985 
        10.2416        0.608396       0.0145985 
        10.2573        0.608888       0.0145985 
         10.273        0.609018       0.0145985 
        10.2887        0.609763       0.0145985 
        10.3044        0.611402       0.0145985 
        10.3201        0.611602       0.0145985 
        10.3359        0.611654       0.0145985 
        10.3516        0.612044       0.0145985 
        10.3673        0.613188       0.0145985 
         10.383        0.613714       0.0145985 
        10.3987        0.613738       0.0145985 
        10.4144        0.615559       0.0145985 
        10.4301         0.61492       0.0145985 
        10.4458        0.616709       0.0145985 
        10.4615        0.617236       0.0145985 
        10.4772         0.61726       0.0145985 
        10.4929         0.61806       0.0145985 
        10.5086        0.618688       0.0145985 
        10.5244        0.620341       0.0145985 
        10.5401        0.620284       0.0145985 
        10.5558        0.620624       0.0145985 
        10.5715        0.621701       0.0145985 
        10.5872        0.621655       0.0145985 
        10.6029        0.623258       0.0145985 
        10.6186        0.623751       0.0145985 
        10.6343        0.623353       0.0145985 
          10.65        0.624218       0.0145985 
        10.6657        0.625126       0.0145985 
        10.6814        0.626488       0.0145985 
        10.6971        0.626417       0.0145985 
        10.7129        0.627284       0.0145985 
        10.7286        0.627912       0.0145985 
        10.7443         0.62872       0.0145985 
          10.76        0.629757       0.0145985 
        10.7757        0.629824       0.0145985 
        10.7914        0.631627       0.0145985 
        10.8071        0.631489       0.0145985 
        10.8228        0.632203       0.0145985 
        10.8385        0.632819       0.0145985 
        10.8542        0.632907       0.0145985 
        10.8699        0.633901       0.0145985 
        10.8856        0.635307       0.0145985 
        10.9014        0.635113       0.0145985 
        10.9171        0.636344       0.0145985 
        10.9328        0.637335       0.0145985 
        10.9485         0.63871       0.0145985 
        10.9642        0.638198       0.0145985 
        10.9799        0.640086       0.0145985 
        10.9956        0.641032       0.0145985 
        11.0113        0.640201       0.0145985 
         11.027        0.642522       0.0145985 
        11.0427        0.642976       0.0145985 
        11.0584        0.643689       0.0145985 
        11.0741        0.644294       0.0145985 
        11.0898        0.645063       0.0145985 
        11.1055        0.646081       0.0145985 
        11.1212        0.645744       0.0145985 
         11.137        0.648644       0.0145985 
        11.1527        0.647898       0.0145985 
        11.1684        0.649198       0.0145985 
        11.1841         0.64973       0.0145985 
        11.1998        0.650173       0.0145985 
        11.2155        0.652841       0.0145985 
        11.2312        0.653097       0.0145985 
        11.2469        0.653489       0.0145985 
        11.2626        0.654672       0.0145985 
        11.2783        0.655111       0.0145985 
         11.294        0.656345       0.0145985 
        11.3097        0.656547       0.0145985 
        11.3254        0.657715       0.0145985 
        11.3412        0.659524       0.0145985 
        11.3569        0.660055       0.0145985 
        11.3726        0.660871       0.0145985 
        11.3883        0.662061       0.0145985 
         11.404        0.663641       0.0145985 
        11.4197        0.663902       0.0145985 
        11.4354        0.664535       0.0145985 
        11.4511         0.66613       0.0145985 
        11.4668        0.666752       0.0145985 
        11.4825        0.668609       0.0145985 
        11.4982        0.669009       0.0145985 
         11.514        0.669999       0.0145985 
        11.5297        0.671347       0.0145985 
        11.5454        0.671598       0.0145985 
        11.5611        0.673388       0.0145985 
        11.5768        0.674752       0.0145985 
        11.5925        0.675808       0.0145985 
        11.6082        0.676247       0.0145985 
        11.6239        0.678142       0.0145985 
        11.6396        0.679006       0.0145985 
        11.6553        0.679501       0.0145985 
         11.671        0.681276       0.0145985 
        11.6867        0.682237       0.0145985 
        11.7024        0.684334       0.0145985 
        11.7182        0.685067       0.0145985 
        11.7339         0.68592       0.0145985 
        11.7496        0.687761       0.0145985 
        11.7653        0.688039       0.0145985 
         11.781        0.690379       0.0145985 
        11.7967        0.691105       0.0145985 
        11.8124        0.692855       0.0145985 
        11.8281        0.694002       0.0145985 
        11.8438        0.695141       0.0145985 
        11.8595        0.696606       0.0145985 
        11.8752        0.697344       0.0145985 
         11.891        0.699246       0.0145985 
        11.9067        0.700924       0.0145985 
        11.9224         0.70191       0.0145985 
        11.9381        0.703379       0.0145985 
        11.9538        0.704411       0.0145985 
        11.9695        0.706273       0.0145985 
        11.9852        0.707508       0.0145985 
        12.0009        0.709495       0.0145985 
        12.0166        0.710943       0.0145985 
        12.0323        0.712089       0.0145985 
         12.048        0.713303       0.0145985 
        12.0637        0.714315       0.0145985 
