# k  (h/Mpc)    Pcb(k)  (Mpc/h)^3    Pcb_linear(k) (Mpc/h)^3   ShotnoiseSubtracted = true
      0.0200456         27733.9         28217.4 
      0.0350414         22750.9         22125.3 
      0.0492313         16848.3         17530.1 
      0.0637834           13296         14254.7 
      0.0800726           10041         10768.1 
       0.096163         8627.89         8469.78 
       0.111083         7330.41         7169.65 
       0.126058         5861.29         5960.03 
       0.142273         5091.64         4849.89 
       0.158546         4303.95         4131.54 
        0.17375         3951.81         3594.58 
       0.188953         3764.74         3090.25 
       0.204907         3247.99         2675.05 
       0.220756         2968.52         2364.32 
        0.23588         2674.04         2100.03 
         0.2514         2447.72         1860.79 
       0.267535         2340.29         1659.51 
       0.283568         2124.48         1491.21 
       0.299022         2027.77         1346.61 
       0.314451         2103.74         1220.91 
       0.330372         1926.14         1110.11 
       0.346141         1782.63          1013.4 
       0.361624         1700.11           928.8 
       0.377134         1649.37         853.981 
       0.392932         1558.73          786.56 
       0.408854          1507.3          725.77 
       0.424564         1479.57         671.926 
       0.440253         1404.64          623.73 
       0.455999          1341.5         580.154 
       0.471626         1333.19         540.961 
        0.48727         1281.33         505.343 
       0.502856         1258.25         473.065 
       0.518488         1201.07         443.525 
       0.534347         1164.54         416.122 
       0.550082         1129.03         391.225 
       0.565732         1099.74          368.49 
       0.581496         1069.06         347.417 
       0.597222         1063.86         328.038 
       0.612804          1029.7           310.3 
       0.628434         993.947         293.832 
       0.644267         973.679         278.371 
       0.660051         953.926          264.07 
       0.675724         942.958         250.866 
       0.691403         901.185         238.564 
       0.707174         884.074         227.025 
       0.722871         878.279           216.3 
        0.73838         846.391         206.387 
       0.754018         842.951         197.024 
       0.769845         819.413          188.14 
        0.78569          798.53         179.798 
       0.801365          781.03         172.045 
       0.817031         767.424         164.755 
       0.832809         751.111         157.842 
       0.848511         727.522         151.358 
       0.864097         720.702         145.283 
       0.879701         720.529         139.538 
       0.895507         700.616         134.036 
       0.911279         693.054         128.843 
        0.92691         676.999         123.969 
       0.942635          661.48         119.322 
       0.958396          657.52         114.904 
       0.974128         639.187         110.719 
       0.989692         628.852         106.784 
        1.00528         616.805         103.036 
        1.02113         604.145         99.4103 
        1.03692         591.891          95.973 
        1.05264         586.092         92.7149 
        1.06832         576.062         89.6139 
        1.08405         565.934         86.6472 
        1.09979         555.121         83.8136 
        1.11537         541.123         81.1354 
        1.13105         535.663         78.5587 
        1.14679         527.059         76.0846 
        1.16256         519.662         73.7126 
        1.17828         512.682         71.4499 
        1.19395         500.625         69.2902 
         1.2097         488.334         67.2092 
        1.22537         484.043          65.224 
          1.241         472.587         63.3252 
        1.25666         464.012         61.4976 
        1.27241         461.925         59.7338 
        1.28819         452.326         58.0364 
        1.30392         446.195         56.4102 
        1.31957          436.51         54.8537 
        1.33529         431.368         53.3504 
        1.35108         430.034         51.8977 
        1.36674         421.532         50.5097 
         1.3824         411.059         49.1738 
        1.39811         407.857          47.882 
        1.41389         402.564         46.6318 
        1.42964         393.727         45.4285 
        1.44531          390.13         44.2736 
        1.46101         379.592         43.1566 
        1.47667          376.84         42.0815 
        1.49229         373.533         41.0461 
        1.50793         363.544         40.0444 
        1.52367         359.352         39.0698 
        1.53953         352.939         38.1212 
        1.55526         344.855         37.2117 
        1.57092         341.074         36.3358 
        1.58662         337.937          35.486 
        1.60235         331.754         34.6619 
        1.61809         325.719         33.8636 
        1.63369         322.291         33.0975 
        1.64941         316.752         32.3498 
        1.66519          313.78         31.6225 
        1.68085         305.218         30.9228 
        1.69652         302.437         30.2441 
        1.71228         297.826          29.582 
        1.72806         293.823         28.9392 
        1.74368         290.604          28.322 
        1.75933         286.866         27.7216 
        1.77505         281.927         27.1359 
        1.79081          278.72         26.5661 
         1.8065         275.213         26.0151 
        1.82218         268.859         25.4802 
        1.83797         266.702         24.9568 
        1.85367         262.013         24.4509 
        1.86928         258.367         23.9622 
        1.88497         254.905         23.4842 
        1.90073         251.887         23.0175 
        1.91647         248.038         22.5639 
        1.93218         244.606         22.1235 
        1.94787         240.996         21.6955 
        1.96363         238.795         21.2772 
        1.97935         232.707         20.8708 
        1.99499          231.97         20.4773 
        2.01064          226.47         20.0934 
         2.0264          223.94          19.717 
        2.04216         221.381         19.3504 
        2.05781         217.252         18.9954 
        2.07353         215.446         18.6481 
        2.08928         211.741         18.3087 
        2.10499         210.624         17.9787 
        2.12065         207.194         17.6579 
        2.13633         203.901         17.3446 
        2.15211         200.647         17.0369 
        2.16785         198.998         16.7375 
        2.18349         195.035         16.4472 
        2.19916         194.273         16.1632 
        2.21489         191.045          15.885 
        2.23063         189.111         15.6131 
         2.2463         185.513         15.3488 
        2.26194         182.747         15.0913 
        2.27765         181.739         14.8385 
        2.29341         179.178         14.5907 
        2.30914         176.471         14.3491 
        2.32486          175.62         14.1132 
        2.34061         171.962         13.8821 
        2.35635         169.995         13.6565 
        2.37203         168.526         13.4366 
        2.38768         166.266          13.222 
        2.40339         163.268         13.0114 
        2.41914         162.126         12.8048 
        2.43483         159.984         12.6035 
         2.4505         157.826         12.4069 
        2.46622         156.087         12.2137 
        2.48195         154.019         12.0247 
        2.49759         152.804         11.8407 
        2.51328         149.742         11.6601 
        2.52906         148.099         11.4821 
        2.54479         146.329         11.3084 
        2.56049         144.805         11.1387 
        2.57618         143.061         10.9727 
        2.59189         141.743         10.8097 
        2.60758         140.754         10.6504 
        2.62325         138.047         10.4944 
        2.63898         136.413         10.3411 
        2.65468          135.04         10.1911 
        2.67044         134.012         10.0434 
        2.68618         131.711         9.89906 
        2.70184         130.764          9.7581 
        2.71755         128.879         9.61953 
        2.73329         127.395         9.48345 
        2.74897          125.68         9.35044 
        2.76462         124.288         9.22028 
        2.78034         123.088         9.09206 
        2.79607         121.745         8.96614 
        2.81179         119.857         8.84276 
        2.82749         119.028         8.72183 
        2.84321         117.841         8.60304 
        2.85893         116.523         8.48649 
        2.87462         114.718          8.3723 
        2.89033         113.994         8.26011 
        2.90605         112.268         8.14988 
        2.92176         111.056         8.04172 
        2.93747         109.756         7.93558 
        2.95318         108.896         7.83133 
        2.96891          107.59         7.72891 
        2.98456         106.563         7.62877 
        3.00023         105.287         7.53026 
        3.01596         104.268         7.43319 
        3.03164         103.015          7.3381 
        3.04738         102.102          7.2444 
         3.0631         101.059         7.15237 
        3.07883         99.9057         7.06193 
        3.09456         98.8812         6.97308 
        3.11026         97.6221         6.88589 
        3.12596         96.7169         6.80019 
        3.14163         95.1402         6.71616 
        3.15734         94.4044         6.63335 
        3.17308         93.4098         6.55174 
        3.18879          92.237         6.47172 
        3.20447         91.5124         6.39316 
         3.2202         90.4977         6.31566 
         3.2359         89.8005         6.23958 
        3.25157         88.9083         6.16493 
        3.26729         87.6383         6.09128 
        3.28304         87.0135         6.01869 
        3.29877         85.9052         5.94738 
        3.31446         85.1226         5.87738 
        3.33014          84.394         5.80856 
        3.34585         83.5067         5.74075 
        3.36158         82.5269         5.67391 
        3.37727         81.6441         5.60835 
        3.39294         81.0397         5.54388 
        3.40867          80.039          5.4802 
        3.42439          79.201         5.41755 
        3.44008         78.3775           5.356 
        3.45578         77.7018         5.29537 
        3.47153         76.8118         5.23554 
        3.48724         75.9034         5.17673 
        3.50292         75.4491         5.11897 
        3.51859         74.7304         5.06212 
        3.53431         73.8706         5.00595 
        3.55007         73.0488          4.9505 
        3.56577         72.3802         4.89611 
        3.58146         71.7215         4.84255 
        3.59719         70.9611         4.78968 
        3.61292         70.4421         4.73761 
        3.62859         69.5466         4.68652 
        3.64429         69.2116         4.63607 
        3.66003         68.4494         4.58622 
        3.67578         67.6571         4.53712 
        3.69146         67.1559         4.48892 
        3.70712         66.3983         4.44151 
        3.72284         65.6776         4.39461 
        3.73853         65.2141         4.34847 
        3.75422         64.7064         4.30297 
        3.76993         63.9459         4.25808 
        3.78564         63.1544         4.21385 
        3.80137          62.827         4.17018 
        3.81707         62.2311         4.12722 
        3.83279         61.5976         4.08483 
        3.84853         61.2309         4.04297 
        3.86424         60.5548         4.00177 
        3.87992         59.7877         3.96121 
        3.89561         59.4355         3.92121 
        3.91134          58.796         3.88168 
        3.92704         58.3548         3.84274 
        3.94273         57.6382         3.80438 
        3.95845         57.1387         3.76646 
        3.97418         56.6516         3.72906 
        3.98988         56.2688         3.69221 
        4.00554         55.5974         3.65597 
        4.02125         55.0827          3.6201 
        4.03698         54.6569         3.58466 
        4.05268          54.172         3.54978 
        4.06839         53.6458         3.51533 
         4.0841          53.307         3.48135 
        4.09983         52.8042         3.44777 
        4.11555         52.3018         3.41465 
        4.13124         51.8923         3.38206 
        4.14693         51.3017         3.34986 
        4.16266         50.9486         3.31801 
        4.17839         50.4891         3.28659 
        4.19408         49.9812         3.25564 
        4.20977         49.5553         3.22509 
        4.22551         49.1279         3.19485 
        4.24123         48.7381         3.16503 
        4.25691          48.267         3.13567 
        4.27259         47.9518         3.10668 
        4.28831         47.4845         3.07799 
        4.30404         47.1077         3.04964 
        4.31974         46.7292         3.02171 
        4.33543         46.2535         2.99414 
        4.35116         45.9295         2.96685 
        4.36688         45.4378         2.93991 
        4.38255         45.1436         2.91341 
        4.39825         44.7151         2.88717 
        4.41398         44.2801          2.8612 
         4.4297         44.0801         2.83559 
        4.44541         43.4666         2.81029 
        4.46111         43.1154         2.78532 
        4.47683         42.9087         2.76063 
        4.49251         42.5126         2.73629 
        4.50819         42.1633         2.71225 
         4.5239         41.7813         2.68847 
        4.53962         41.4353         2.66494 
        4.55535         41.0845         2.64169 
        4.57106         40.8484         2.61874 
        4.58678         40.4307         2.59606 
         4.6025          40.034         2.57364 
        4.61821         39.7438         2.55149 
        4.63391         39.4454         2.52964 
         4.6496         39.1184         2.50804 
        4.66532           38.77         2.48667 
        4.68103          38.478         2.46555 
        4.69673         38.2253          2.4447 
        4.71241         37.8193         2.42411 
        4.72811         37.4979         2.40372 
        4.74384         37.2385         2.38354 
        4.75955         36.9693         2.36363 
        4.77525         36.6187         2.34395 
        4.79096         36.3106         2.32447 
        4.80669         36.0518         2.30521 
         4.8224         35.8116         2.28618 
        4.83809         35.4412         2.26739 
        4.85379         35.2433          2.2488 
         4.8695         34.9483          2.2304 
        4.88521         34.5847         2.21222 
        4.90093         34.3393         2.19423 
        4.91663         34.1111         2.17646 
        4.93234         33.8053         2.15887 
        4.94807          33.526         2.14146 
        4.96377         33.2049         2.12428 
        4.97943          32.971         2.10732 
        4.99514          32.728          2.0905 
        5.01086         32.5106         2.07386 
        5.02654         32.2325         2.05743 
        5.04227         32.0034         2.04114 
          5.058         31.7503         2.02502 
        5.07371         31.4808          2.0091 
        5.08942         31.2013         1.99335 
        5.10513         30.9883         1.97776 
        5.12084         30.7904         1.96234 
        5.13656         30.5421         1.94708 
        5.15225         30.3078         1.93201 
        5.16796         30.0651         1.91708 
        5.18369         29.8124         1.90229 
         5.1994         29.5962         1.88768 
        5.21509         29.3449         1.87324 
        5.23079         29.0916         1.85893 
        5.24649         28.8765         1.84479 
        5.26217         28.7111          1.8308 
        5.27788         28.4461         1.81694 
        5.29359         28.2328         1.80321 
        5.30933         28.0018         1.78961 
        5.32504         27.8309         1.77617 
        5.34073         27.6484         1.76289 
        5.35646         27.4159         1.74971 
        5.37218          27.225         1.73667 
        5.38789         27.0304         1.72378 
        5.40357         26.8299         1.71103 
        5.41929         26.6432         1.69839 
        5.43502         26.4097         1.68587 
         5.4507         26.2262         1.67351 
        5.46639         26.0078         1.66127 
        5.48212         25.8346         1.64913 
        5.49786         25.6437         1.63709 
        5.51353         25.4313         1.62523 
        5.52921         25.3003         1.61347 
        5.54495         25.0672          1.6018 
        5.56066         24.9411         1.59026 
        5.57637         24.6795         1.57883 
        5.59207         24.5222         1.56752 
        5.60778         24.3201         1.55632 
        5.62346         24.1972         1.54525 
        5.63916         23.9922         1.53427 
        5.65487         23.8232          1.5234 
         5.6706         23.6917         1.51261 
        5.68633         23.4888         1.50193 
        5.70203         23.2769         1.49137 
        5.71773         23.1522         1.48091 
        5.73344         22.9986         1.47055 
        5.74916         22.8092         1.46028 
        5.76486         22.6651         1.45012 
        5.78054          22.463         1.44008 
        5.79626         22.3425          1.4301 
          5.812         22.1407          1.4202 
         5.8277         22.0142         1.41043 
        5.84339         21.8389         1.40075 
        5.85911         21.6932         1.39114 
        5.87484         21.5767         1.38162 
        5.89053         21.4187         1.37221 
        5.90623         21.2694         1.36289 
        5.92195         21.0994         1.35363 
        5.93767          20.919         1.34447 
        5.95336         20.8009          1.3354 
        5.96905         20.6592         1.32643 
        5.98476         20.4771         1.31752 
        6.00048         20.3752         1.30869 
        6.01617         20.2187         1.29995 
        6.03185         20.0841         1.29131 
        6.04756         19.9471         1.28272 
        6.06331         19.7944         1.27419 
        6.07903         19.6326         1.26576 
        6.09473         19.5194         1.25741 
        6.11044         19.3694         1.24913 
        6.12616         19.2727         1.24093 
        6.14186         19.1567          1.2328 
        6.15755         18.9606         1.22475 
        6.17326         18.8811         1.21677 
        6.18898         18.7346         1.20885 
        6.20467         18.6211         1.20102 
        6.22036         18.4498         1.19326 
         6.2361         18.3199         1.18554 
         6.2518         18.2107         1.17791 
        6.26748         18.0809         1.17036 
        6.28319         17.9604         1.16285 
        6.29893         17.8479         1.15541 
        6.31463         17.7572         1.14804 
        6.33033         17.6139         1.14074 
        6.34604         17.4798          1.1335 
        6.36177         17.3933         1.12631 
        6.37747         17.2644          1.1192 
        6.39316         17.1259         1.11215 
        6.40888         17.0413         1.10515 
         6.4246         16.9356         1.09821 
        6.44031         16.8014         1.09134 
        6.45601         16.6934         1.08453 
        6.47172         16.5768         1.07777 
        6.48744         16.4674         1.07107 
        6.50313         16.3624         1.06443 
        6.51882         16.2312         1.05786 
        6.53452         16.1658         1.05133 
        6.55025         16.0336         1.04484 
        6.56597         15.9021         1.03842 
        6.58166         15.8273         1.03206 
        6.59736         15.7323         1.02576 
        6.61307         15.6394         1.01949 
         6.6288         15.5211         1.01328 
         6.6445         15.4201         1.00713 
         6.6602         15.2977         1.00103 
        6.67592         15.2207        0.994969 
        6.69164          15.092        0.988964 
        6.70735         15.0149        0.983009 
        6.72304         14.9107        0.977111 
        6.73874         14.8376        0.971259 
        6.75446         14.7273        0.965448 
        6.77016         14.6264        0.959692 
        6.78585         14.5215        0.953983 
        6.80156         14.4475        0.948319 
        6.81729         14.3355        0.942691 
        6.83301         14.2615         0.93711 
         6.8487         14.1616        0.931587 
         6.8644         14.0768        0.926104 
        6.88012          13.968        0.920661 
        6.89583         13.8915        0.915265 
        6.91151         13.7976        0.909921 
        6.92723         13.7182        0.904605 
        6.94296         13.6452        0.899331 
        6.95866         13.5429        0.894107 
        6.97436         13.4578        0.888926 
        6.99007         13.3832        0.883782 
        7.00578         13.2931         0.87868 
        7.02147         13.1932        0.873623 
        7.03718         13.1181        0.868601 
         7.0529         13.0365        0.863615 
        7.06863         12.9764        0.858664 
        7.08433          12.868         0.85376 
        7.10004         12.7741        0.848896 
        7.11575         12.7087        0.844068 
        7.13145         12.6379        0.839278 
        7.14715         12.5456        0.834527 
        7.16284         12.4782        0.829818 
        7.17855         12.4023        0.825135 
        7.19428         12.3183        0.820484 
        7.20998         12.2458        0.815879 
        7.22568         12.1709        0.811308 
        7.24139         12.0816         0.80677 
        7.25711         12.0101        0.802266 
        7.27282         11.9478        0.797796 
        7.28852         11.8562        0.793365 
        7.30423          11.797        0.788963 
        7.31995         11.7346        0.784595 
        7.33565         11.6438        0.780262 
        7.35135         11.5769        0.775962 
        7.36706         11.5136        0.771695 
        7.38277         11.4407        0.767456 
        7.39847         11.3701        0.763253 
        7.41419          11.293        0.759078 
         7.4299         11.2145        0.754935 
        7.44561         11.1786        0.750824 
        7.46132         11.0924        0.746743 
        7.47701         11.0226        0.742698 
        7.49272         10.9612        0.738678 
        7.50842         10.8776        0.734689 
         7.5241         10.8439        0.730735 
        7.53981         10.7448        0.726804 
        7.55552         10.6916        0.722901 
        7.57125         10.6273        0.719022 
        7.58698         10.5742        0.715171 
        7.60268         10.5041        0.711357 
         7.6184         10.4301        0.707566 
        7.63411         10.3728        0.703803 
        7.64981         10.3166         0.70007 
        7.66552         10.2597        0.696364 
        7.68123         10.1947        0.692684 
        7.69695         10.1271        0.689028 
        7.71264         10.0783        0.685404 
        7.72834         10.0135        0.681805 
        7.74407         9.96725        0.678226 
        7.75978         9.88871        0.674674 
        7.77546         9.83796        0.671157 
        7.79116         9.78654         0.66766 
         7.8069         9.72129        0.664181 
         7.8226         9.66367        0.660732 
        7.83828         9.61478        0.657314 
        7.85399         9.55743        0.653915 
        7.86972         9.48985        0.650533 
        7.88543         9.43996        0.647181 
        7.90111         9.38594        0.643858 
        7.91681         9.34414        0.640554 
        7.93255         9.26473        0.637267 
        7.94828         9.22467        0.634004 
        7.96397          9.1748         0.63077 
        7.97967         9.13253        0.627558 
        7.99538         9.06594        0.624367 
         8.0111         9.00813        0.621197 
         8.0268         8.96947        0.618052 
        8.04248         8.90919        0.614932 
         8.0582         8.85033        0.611827 
        8.07393         8.80836         0.60874 
        8.08963         8.76453        0.605681 
        8.10533         8.70112        0.602644 
        8.12104         8.65682        0.599625 
        8.13675          8.6188        0.596626 
        8.15245         8.55827         0.59365 
        8.16815         8.52148        0.590695 
        8.18387         8.46206        0.587756 
        8.19959         8.42154        0.584837 
         8.2153         8.37023        0.581939 
        8.23101         8.31444        0.579062 
        8.24672         8.27558        0.576204 
        8.26241         8.22773        0.573369 
         8.2781         8.18526        0.570553 
        8.29381         8.12495        0.567752 
        8.30952         8.08616         0.56497 
        8.32524         8.04074        0.562204 
        8.34095         7.98656        0.559459 
        8.35666         7.95254        0.556733 
        8.37237         7.90434        0.554025 
        8.38808         7.85894        0.551334 
        8.40379         7.80975        0.548663 
         8.4195         7.78158        0.546009 
         8.4352         7.74293        0.543373 
        8.45091         7.69483        0.540754 
        8.46662         7.65014        0.538152 
        8.48232         7.61039        0.535568 
        8.49802         7.56316        0.533001 
        8.51374         7.52298        0.530449 
        8.52945         7.48468        0.527914 
        8.54515         7.44139        0.525398 
        8.56086         7.39213        0.522896 
        8.57658         7.37051         0.52041 
        8.59228         7.32373        0.517942 
        8.60799         7.27537        0.515488 
        8.62371          7.2446        0.513051 
        8.63942          7.1988         0.51063 
        8.65512         7.15595        0.508225 
        8.67082         7.11685        0.505837 
        8.68653         7.09022        0.503462 
        8.70224         7.05145        0.501102 
        8.71795         7.00741        0.498758 
        8.73365         6.97372         0.49643 
        8.74936         6.93699        0.494116 
        8.76506         6.89366        0.491818 
        8.78076          6.8619        0.489534 
        8.79646         6.82423        0.487265 
        8.81218         6.78586        0.485008 
        8.82791         6.75232        0.482763 
         8.8436         6.71498        0.480538 
         8.8593         6.67461        0.478326 
        8.87503         6.64255        0.476124 
        8.89076         6.61419        0.473936 
        8.90644         6.57931        0.471768 
        8.92214         6.53448        0.469611 
        8.93786         6.50566        0.467465 
        8.95357         6.46546        0.465334 
        8.96928         6.44109        0.463216 
        8.98498         6.40184        0.461112 
        9.00069         6.37244        0.459021 
        9.01639         6.33591        0.456942 
        9.03208          6.2946        0.454879 
        9.04778          6.2724        0.452827 
        9.06351         6.24296        0.450785 
        9.07923         6.20361        0.448756 
        9.09493          6.1733        0.446742 
        9.11062         6.13493        0.444741 
        9.12635         6.11588        0.442749 
        9.14207         6.08189        0.440769 
        9.15777         6.05313        0.438804 
        9.17346         6.02308        0.436852 
        9.18917         5.98905        0.434909 
         9.2049         5.95833        0.432977 
        9.22061         5.92383        0.431058 
        9.23631         5.90065        0.429152 
        9.25201         5.87534        0.427257 
        9.26773         5.83866        0.425373 
        9.28343         5.81476          0.4235 
        9.29913         5.78292         0.42164 
        9.31484         5.75041         0.41979 
        9.33057         5.72304        0.417948 
        9.34627         5.68884         0.41612 
        9.36197         5.66192        0.414305 
        9.37768         5.63815        0.412498 
        9.39338           5.607        0.410703 
        9.40909         5.57911        0.408919 
        9.42479         5.54796        0.407146 
         9.4405         5.52478        0.405383 
        9.45621         5.49938        0.403629 
        9.47193          5.4648        0.401887 
        9.48763         5.44528        0.400155 
        9.50334         5.41755        0.398434 
        9.51906         5.39322        0.396722 
        9.53476         5.36029        0.395021 
        9.55045         5.33855        0.393331 
        9.56616         5.30692         0.39165 
        9.58188         5.28489        0.389976 
        9.59759         5.26229        0.388313 
         9.6133         5.23631         0.38666 
        9.62901         5.21092        0.385015 
        9.64471         5.19203        0.383381 
        9.66041         5.16345        0.381755 
        9.67612         5.13657        0.380137 
        9.69184         5.11627        0.378528 
        9.70754         5.09011        0.376931 
        9.72324         5.06874        0.375343 
        9.73895         5.04255        0.373764 
        9.75467         5.02431        0.372194 
        9.77038         4.99312        0.370636 
        9.78607         4.97749        0.369089 
        9.80177         4.95159        0.367553 
        9.81749         4.92563        0.366025 
         9.8332         4.90247        0.364509 
         9.8489         4.87963        0.363003 
        9.86463         4.85611        0.361504 
        9.88035         4.83077        0.360014 
        9.89606         4.81387        0.358532 
        9.91175         4.78987        0.357058 
        9.92745         4.76983        0.355588 
        9.94317         4.75221        0.354122 
        9.95888         4.72905        0.352659 
        9.97458         4.70641        0.351199 
        9.99029         4.68536         0.34974 
         10.006         4.66439        0.348839 
        10.0217         4.63724        0.348839 
        10.0374         4.61892        0.348839 
        10.0531         4.60752        0.348839 
        10.0688         4.58623        0.348839 
        10.0845          4.5626        0.348839 
        10.1002         4.54244        0.348839 
        10.1159         4.52306        0.348839 
        10.1317         4.50704        0.348839 
        10.1474         4.48708        0.348839 
        10.1631         4.46598        0.348839 
        10.1788         4.44636        0.348839 
        10.1945         4.43632        0.348839 
        10.2102         4.41249        0.348839 
        10.2259         4.39248        0.348839 
        10.2416         4.37144        0.348839 
        10.2573         4.35097        0.348839 
         10.273         4.33809        0.348839 
        10.2887         4.32135        0.348839 
        10.3044         4.30024        0.348839 
        10.3201         4.28361        0.348839 
        10.3359         4.26481        0.348839 
        10.3516         4.24756        0.348839 
        10.3673          4.2296        0.348839 
         10.383         4.21322        0.348839 
        10.3987         4.19518        0.348839 
        10.4144         4.18033        0.348839 
        10.4301         4.16603        0.348839 
        10.4458          4.1412        0.348839 
        10.4615         4.12739        0.348839 
        10.4772         4.11272        0.348839 
        10.4929         4.09343        0.348839 
        10.5086         4.07683        0.348839 
        10.5244         4.05988        0.348839 
        10.5401         4.04826        0.348839 
        10.5558         4.02869        0.348839 
        10.5715         4.01306        0.348839 
        10.5872         3.99685        0.348839 
        10.6029         3.98055        0.348839 
        10.6186         3.96696        0.348839 
        10.6343         3.95389        0.348839 
          10.65         3.93875        0.348839 
        10.6657         3.92415        0.348839 
        10.6814         3.91039        0.348839 
        10.6971         3.89528        0.348839 
        10.7129          3.8814        0.348839 
        10.7286         3.86781        0.348839 
        10.7443         3.85254        0.348839 
          10.76         3.83088        0.348839 
        10.7757         3.82553        0.348839 
        10.7914         3.81134        0.348839 
        10.8071         3.79412        0.348839 
        10.8228          3.7834        0.348839 
        10.8385         3.76757        0.348839 
        10.8542         3.75883        0.348839 
        10.8699         3.74421        0.348839 
        10.8856         3.73026        0.348839 
        10.9014         3.71518        0.348839 
        10.9171          3.7026        0.348839 
        10.9328         3.69475        0.348839 
        10.9485         3.68022        0.348839 
        10.9642         3.66852        0.348839 
        10.9799         3.65504        0.348839 
        10.9956         3.64426        0.348839 
        11.0113         3.63159        0.348839 
         11.027         3.62255        0.348839 
        11.0427         3.60843        0.348839 
        11.0584         3.59856        0.348839 
        11.0741         3.58358        0.348839 
        11.0898         3.57375        0.348839 
        11.1055         3.56465        0.348839 
        11.1212         3.54913        0.348839 
         11.137          3.5401        0.348839 
        11.1527         3.53015        0.348839 
        11.1684         3.52034        0.348839 
        11.1841         3.50741        0.348839 
        11.1998         3.49922        0.348839 
        11.2155         3.48703        0.348839 
        11.2312         3.47774        0.348839 
        11.2469         3.46826        0.348839 
        11.2626         3.45784        0.348839 
        11.2783          3.4516        0.348839 
         11.294         3.43869        0.348839 
        11.3097          3.4361        0.348839 
        11.3254         3.42041        0.348839 
        11.3412          3.4138        0.348839 
        11.3569         3.40324        0.348839 
        11.3726         3.39233        0.348839 
        11.3883         3.38567        0.348839 
         11.404         3.37617        0.348839 
        11.4197         3.36558        0.348839 
        11.4354         3.35617        0.348839 
        11.4511         3.35211        0.348839 
        11.4668         3.34338        0.348839 
        11.4825         3.33135        0.348839 
        11.4982         3.32708        0.348839 
         11.514         3.31997        0.348839 
        11.5297         3.30875        0.348839 
        11.5454         3.30417        0.348839 
        11.5611         3.29214        0.348839 
        11.5768         3.28908        0.348839 
        11.5925         3.28346        0.348839 
        11.6082         3.27423        0.348839 
        11.6239         3.26747        0.348839 
        11.6396          3.2578        0.348839 
        11.6553          3.2518        0.348839 
         11.671         3.24863        0.348839 
        11.6867         3.24093        0.348839 
        11.7024         3.23545        0.348839 
        11.7182         3.22596        0.348839 
        11.7339           3.223        0.348839 
        11.7496         3.21771        0.348839 
        11.7653         3.21442        0.348839 
         11.781         3.20839        0.348839 
        11.7967         3.19727        0.348839 
        11.8124          3.1932        0.348839 
        11.8281         3.18889        0.348839 
        11.8438         3.18576        0.348839 
        11.8595         3.18147        0.348839 
        11.8752         3.17439        0.348839 
         11.891          3.1701        0.348839 
        11.9067         3.16923        0.348839 
        11.9224         3.16445        0.348839 
        11.9381         3.15979        0.348839 
        11.9538         3.15622        0.348839 
        11.9695         3.15024        0.348839 
        11.9852         3.15044        0.348839 
        12.0009         3.14444        0.348839 
        12.0166         3.13983        0.348839 
        12.0323         3.13528        0.348839 
         12.048         3.13437        0.348839 
        12.0637         3.12989        0.348839 
