# k  (h/Mpc)    Pcb(k)  (Mpc/h)^3    Pcb_linear(k) (Mpc/h)^3   ShotnoiseSubtracted = true
      0.0200456         3502.47         3552.24 
      0.0350414         2742.81         2785.31 
      0.0492313         2198.22         2206.83 
      0.0637834         1817.19          1794.5 
      0.0800726         1381.99         1355.57 
       0.096163         1051.42         1066.25 
       0.111083         878.518         902.575 
       0.126058         758.381         750.297 
       0.142273         628.846         610.544 
       0.158546         538.063         520.112 
        0.17375         451.888         452.515 
       0.188953         407.289         389.025 
       0.204907         372.247         336.757 
       0.220756          320.13          297.64 
        0.23588         283.431         264.369 
         0.2514         248.322         234.252 
       0.267535         229.586         208.913 
       0.283568         209.051         187.726 
       0.299022         192.419         169.522 
       0.314451          173.15         153.699 
       0.330372         160.414         139.749 
       0.346141         145.599         127.575 
       0.361624         136.811         116.925 
       0.377134         128.949         107.506 
       0.392932         115.588         99.0186 
       0.408854         111.218         91.3658 
       0.424564         106.167         84.5875 
       0.440253         98.2906         78.5203 
       0.455999         92.8264         73.0345 
       0.471626         86.1335         68.1005 
        0.48727         83.2497         63.6167 
       0.502856         78.6873         59.5533 
       0.518488         75.6332         55.8346 
       0.534347         72.5844         52.3848 
       0.550082         66.7955         49.2506 
       0.565732         63.1809         46.3885 
       0.581496         61.3684         43.7357 
       0.597222          59.395         41.2961 
       0.612804         55.8497         39.0631 
       0.628434         54.2502         36.9899 
       0.644267          52.783         35.0436 
       0.660051         50.5527         33.2433 
       0.675724         48.1675         31.5811 
       0.691403         46.6914         30.0324 
       0.707174         45.3823         28.5797 
       0.722871         43.6085         27.2297 
        0.73838          42.348         25.9817 
       0.754018         40.4913         24.8029 
       0.769845         39.4523         23.6847 
        0.78569         38.3181         22.6345 
       0.801365         36.9326         21.6584 
       0.817031         36.1045         20.7407 
       0.832809         35.4278         19.8704 
       0.848511         33.4006         19.0542 
       0.864097         32.8022         18.2895 
       0.879701           32.16         17.5661 
       0.895507         31.5315         16.8735 
       0.911279         30.5309         16.2198 
        0.92691          29.774         15.6063 
       0.942635         28.7148         15.0212 
       0.958396         28.2856         14.4651 
       0.974128          27.424         13.9382 
       0.989692         27.1584         13.4429 
        1.00528         26.5086         12.9711 
        1.02113         25.5058         12.5146 
        1.03692          25.031         12.0819 
        1.05264         24.5289         11.6717 
        1.06832         24.0134         11.2813 
        1.08405         23.4361         10.9079 
        1.09979         22.9483         10.5511 
        1.11537         22.4734          10.214 
        1.13105         22.1716         9.88962 
        1.14679         21.8654         9.57815 
        1.16256          21.106         9.27954 
        1.17828         21.0475          8.9947 
        1.19395         20.3346         8.72282 
         1.2097         20.1734         8.46084 
        1.22537         19.6767         8.21092 
          1.241         19.3808          7.9719 
        1.25666         18.8898         7.74182 
        1.27241         18.5671         7.51978 
        1.28819         18.1998          7.3061 
        1.30392         18.0561         7.10138 
        1.31957         17.8099         6.90543 
        1.33529         17.5066         6.71619 
        1.35108          17.088         6.53331 
        1.36674         16.9002         6.35857 
         1.3824         16.5304         6.19041 
        1.39811         16.2797         6.02778 
        1.41389         16.1217         5.87039 
        1.42964         15.9053         5.71891 
        1.44531         15.7146         5.57353 
        1.46101         15.2946         5.43291 
        1.47667         15.1162         5.29757 
        1.49229         14.9423         5.16722 
        1.50793         14.7036         5.04112 
        1.52367         14.4996         4.91843 
        1.53953          14.315         4.79901 
        1.55526         14.0924         4.68452 
        1.57092         13.9061         4.57425 
        1.58662         13.7328         4.46727 
        1.60235         13.5221         4.36352 
        1.61809         13.3743         4.26302 
        1.63369          13.175         4.16659 
        1.64941         12.9611         4.07245 
        1.66519         12.8675          3.9809 
        1.68085         12.6697         3.89281 
        1.69652          12.483         3.80737 
        1.71228         12.3147         3.72402 
        1.72806         12.2614          3.6431 
        1.74368         12.0413         3.56541 
        1.75933         11.9004         3.48982 
        1.77505         11.7583         3.41609 
        1.79081         11.5665         3.34435 
         1.8065         11.4959         3.27499 
        1.82218         11.2827         3.20766 
        1.83797          11.207         3.14176 
        1.85367          11.034         3.07809 
        1.86928         11.0281         3.01656 
        1.88497          10.773         2.95638 
        1.90073         10.7241         2.89763 
        1.91647         10.6384         2.84053 
        1.93218         10.5232         2.78509 
        1.94787         10.3497         2.73121 
        1.96363         10.2825         2.67855 
        1.97935         10.1217         2.62739 
        1.99499         9.98621         2.57785 
        2.01064         9.88774         2.52952 
         2.0264         9.78819         2.48213 
        2.04216         9.69625         2.43598 
        2.05781         9.55615          2.3913 
        2.07353         9.49817         2.34758 
        2.08928         9.41298         2.30485 
        2.10499         9.34764         2.26331 
        2.12065         9.19407         2.22292 
        2.13633         9.16316         2.18348 
        2.15211           9.024         2.14474 
        2.16785          8.9464         2.10705 
        2.18349         8.87915         2.07051 
        2.19916         8.78575         2.03476 
        2.21489         8.67741         1.99973 
        2.23063         8.60316         1.96551 
         2.2463         8.48951         1.93224 
        2.26194         8.40552         1.89982 
        2.27765         8.37657         1.86799 
        2.29341         8.27043          1.8368 
        2.30914         8.17404         1.80639 
        2.32486         8.08262         1.77668 
        2.34061         8.02431         1.74759 
        2.35635          7.9926         1.71919 
        2.37203         7.88671         1.69151 
        2.38768         7.79015          1.6645 
        2.40339         7.74035         1.63798 
        2.41914         7.62243         1.61198 
        2.43483          7.6116         1.58663 
         2.4505          7.5396         1.56188 
        2.46622         7.46865         1.53757 
        2.48195           7.379         1.51377 
        2.49759         7.35318          1.4906 
        2.51328         7.25679         1.46786 
        2.52906         7.23088         1.44545 
        2.54479         7.13955          1.4236 
        2.56049         7.08607         1.40223 
        2.57618         7.03909         1.38133 
        2.59189         6.94358         1.36082 
        2.60758         6.91687         1.34076 
        2.62325         6.83756         1.32112 
        2.63898         6.75457         1.30182 
        2.65468         6.70863         1.28294 
        2.67044         6.65051         1.26435 
        2.68618         6.61701         1.24617 
        2.70184         6.54573         1.22843 
        2.71755         6.48096         1.21099 
        2.73329         6.44759         1.19385 
        2.74897         6.40157         1.17711 
        2.76462         6.35733         1.16072 
        2.78034         6.28006         1.14458 
        2.79607         6.23554         1.12873 
        2.81179         6.19964          1.1132 
        2.82749         6.12538         1.09798 
        2.84321         6.13034         1.08302 
        2.85893         6.05948         1.06835 
        2.87462         5.98917         1.05397 
        2.89033         5.94024         1.03985 
        2.90605         5.89226         1.02597 
        2.92176         5.83573         1.01236 
        2.93747         5.80054        0.998995 
        2.95318         5.77305        0.985872 
        2.96891         5.71456        0.972978 
        2.98456         5.67478        0.960372 
        3.00023         5.61235        0.947971 
        3.01596         5.58082         0.93575 
        3.03164         5.55385         0.92378 
        3.04738         5.51114        0.911985 
         3.0631         5.45962        0.900399 
        3.07883         5.42191        0.889014 
        3.09456         5.37694        0.877828 
        3.11026         5.35664        0.866852 
        3.12596         5.30071        0.856064 
        3.14163         5.25103        0.845485 
        3.15734         5.21321         0.83506 
        3.17308         5.18571        0.824786 
        3.18879         5.13553        0.814713 
        3.20447         5.11342        0.804823 
         3.2202         5.05783        0.795066 
         3.2359           5.037        0.785489 
        3.25157         4.98281        0.776092 
        3.26729         4.96919         0.76682 
        3.28304         4.92256        0.757682 
        3.29877          4.8834        0.748704 
        3.31446         4.83983        0.739892 
        3.33014         4.82328        0.731229 
        3.34585         4.78297        0.722692 
        3.36158         4.76638        0.714278 
        3.37727         4.72639        0.706025 
        3.39294         4.69495        0.697909 
        3.40867          4.6506        0.689892 
        3.42439          4.6171        0.682006 
        3.44008         4.58988        0.674258 
        3.45578         4.55443        0.666624 
        3.47153          4.5192        0.659092 
        3.48724          4.4998        0.651689 
        3.50292          4.4682        0.644418 
        3.51859         4.42918        0.637261 
        3.53431          4.3874         0.63019 
        3.55007         4.38116         0.62321 
        3.56577         4.35766        0.616362 
        3.58146         4.32413         0.60962 
        3.59719         4.29254        0.602964 
        3.61292         4.26556        0.596409 
        3.62859         4.22482        0.589977 
        3.64429         4.19911        0.583627 
        3.66003         4.17854        0.577351 
        3.67578         4.14505         0.57117 
        3.69146         4.10749        0.565102 
        3.70712         4.08804        0.559134 
        3.72284         4.06129        0.553229 
        3.73853         4.04311         0.54742 
        3.75422         4.00957        0.541693 
        3.76993         3.97508        0.536042 
        3.78564         3.95849        0.530474 
        3.80137         3.93246        0.524977 
        3.81707         3.90094        0.519569 
        3.83279         3.88432        0.514232 
        3.84853         3.84243        0.508962 
        3.86424         3.82682        0.503776 
        3.87992         3.80536         0.49867 
        3.89561         3.77732        0.493634 
        3.91134         3.75199        0.488658 
        3.92704          3.7278        0.483756 
        3.94273         3.70373        0.478926 
        3.95845         3.68884        0.474153 
        3.97418          3.6535        0.469444 
        3.98988         3.63541        0.464806 
        4.00554         3.60757        0.460243 
        4.02125         3.57498        0.455728 
        4.03698         3.55088        0.451266 
        4.05268         3.52946        0.446875 
        4.06839         3.51716        0.442538 
         4.0841         3.48393        0.438261 
        4.09983          3.4544        0.434034 
        4.11555         3.43869        0.429864 
        4.13124          3.4147        0.425761 
        4.14693         3.39083        0.421708 
        4.16266         3.37257        0.417698 
        4.17839         3.35508        0.413742 
        4.19408         3.31975        0.409847 
        4.20977          3.3012           0.406 
        4.22551         3.28041        0.402194 
        4.24123         3.25694         0.39844 
        4.25691          3.2368        0.394744 
        4.27259         3.22229        0.391094 
        4.28831         3.19642        0.387483 
        4.30404         3.17294        0.383914 
        4.31974         3.15814        0.380397 
        4.33543         3.13649        0.376927 
        4.35116         3.11306        0.373491 
        4.36688         3.10237          0.3701 
        4.38255         3.07339        0.366763 
        4.39825         3.06542        0.363461 
        4.41398         3.04674        0.360192 
         4.4297         3.02803        0.356967 
        4.44541         3.00613        0.353782 
        4.46111         2.98473        0.350638 
        4.47683         2.96467        0.347531 
        4.49251         2.94849        0.344467 
        4.50819         2.92785        0.341441 
         4.5239         2.91548        0.338447 
        4.53962         2.89821        0.335485 
        4.55535         2.87941        0.332557 
        4.57106         2.86487        0.329668 
        4.58678         2.84349        0.326813 
         4.6025         2.82536        0.323991 
        4.61821         2.81544        0.321203 
        4.63391         2.79748        0.318451 
         4.6496         2.78032        0.315733 
        4.66532         2.74907        0.313042 
        4.68103         2.74223        0.310384 
        4.69673         2.72736        0.307759 
        4.71241         2.70687        0.305167 
        4.72811         2.69362          0.3026 
        4.74384         2.68303         0.30006 
        4.75955         2.66707        0.297553 
        4.77525         2.65363        0.295076 
        4.79096         2.62899        0.292624 
        4.80669         2.62272        0.290198 
         4.8224         2.61076        0.287803 
        4.83809         2.59649        0.285438 
        4.85379         2.57691        0.283097 
         4.8695         2.56507        0.280781 
        4.88521         2.54902        0.278492 
        4.90093         2.52662        0.276228 
        4.91663         2.51629        0.273991 
        4.93234         2.50396        0.271777 
        4.94807         2.48807        0.269585 
        4.96377         2.47086        0.267422 
        4.97943         2.46168        0.265287 
        4.99514         2.44367         0.26317 
        5.01086         2.42753        0.261074 
        5.02654         2.42189        0.259007 
        5.04227         2.40742        0.256955 
          5.058         2.39324        0.254925 
        5.07371         2.38008        0.252921 
        5.08942         2.36965        0.250939 
        5.10513         2.35408        0.248977 
        5.12084         2.34803        0.247035 
        5.13656          2.3269        0.245114 
        5.15225         2.31531        0.243217 
        5.16796         2.29695        0.241337 
        5.18369         2.29019        0.239476 
         5.1994         2.28008        0.237637 
        5.21509         2.26619        0.235819 
        5.23079         2.25315        0.234018 
        5.24649         2.24109        0.232237 
        5.26217         2.23237        0.230476 
        5.27788         2.21384        0.228731 
        5.29359         2.20717        0.227003 
        5.30933         2.19557        0.225291 
        5.32504         2.18074        0.223599 
        5.34073         2.17113        0.221927 
        5.35646         2.15813        0.220268 
        5.37218         2.14984        0.218626 
        5.38789         2.13928        0.217003 
        5.40357         2.12696        0.215399 
        5.41929         2.11718        0.213807 
        5.43502         2.10747        0.212231 
         5.4507         2.09369        0.210675 
        5.46639         2.08705        0.209134 
        5.48212         2.07459        0.207605 
        5.49786         2.07015         0.20609 
        5.51353          2.0501        0.204597 
        5.52921         2.04041        0.203117 
        5.54495         2.03515        0.201648 
        5.56066         2.02392        0.200195 
        5.57637         2.01704        0.198756 
        5.59207         2.00279        0.197333 
        5.60778         1.99635        0.195923 
        5.62346         1.98455        0.194529 
        5.63916         1.97309        0.193147 
        5.65487         1.96233        0.191777 
         5.6706         1.95687         0.19042 
        5.68633         1.94415        0.189075 
        5.70203         1.93905        0.187746 
        5.71773         1.92884         0.18643 
        5.73344         1.91566        0.185125 
        5.74916          1.9078        0.183832 
        5.76486         1.89977        0.182553 
        5.78054         1.88865        0.181289 
        5.79626         1.88383        0.180032 
          5.812         1.87238        0.178787 
         5.8277         1.86072        0.177556 
        5.84339         1.85561        0.176338 
        5.85911         1.84553        0.175128 
        5.87484         1.83677         0.17393 
        5.89053         1.82852        0.172745 
        5.90623         1.81902        0.171571 
        5.92195         1.81102        0.170406 
        5.93767         1.80481        0.169253 
        5.95336         1.79551        0.168112 
        5.96905         1.78518        0.166981 
        5.98476         1.77817         0.16586 
        6.00048          1.7673        0.164749 
        6.01617         1.76313        0.163649 
        6.03185          1.7544        0.162561 
        6.04756         1.74633        0.161479 
        6.06331         1.73783        0.160406 
        6.07903         1.73162        0.159344 
        6.09473         1.72507        0.158293 
        6.11044         1.71326        0.157251 
        6.12616         1.70755        0.156218 
        6.14186         1.69882        0.155195 
        6.15755         1.69303        0.154182 
        6.17326         1.68436        0.153177 
        6.18898         1.67901         0.15218 
        6.20467         1.66969        0.151194 
        6.22036         1.66253        0.150217 
         6.2361         1.65475        0.149246 
         6.2518         1.64794        0.148285 
        6.26748         1.64065        0.147334 
        6.28319         1.63325        0.146389 
        6.29893         1.62992        0.145452 
        6.31463         1.61981        0.144525 
        6.33033         1.61277        0.143605 
        6.34604         1.60607        0.142694 
        6.36177         1.59837        0.141789 
        6.37747         1.59184        0.140894 
        6.39316         1.58583        0.140007 
        6.40888         1.57758        0.139126 
         6.4246         1.57107        0.138252 
        6.44031         1.56768        0.137386 
        6.45601         1.55927        0.136529 
        6.47172         1.55399        0.135679 
        6.48744         1.54619        0.134835 
        6.50313          1.5393        0.133999 
        6.51882         1.53467        0.133171 
        6.53452         1.52713         0.13235 
        6.55025         1.52089        0.131534 
        6.56597         1.51467        0.130725 
        6.58166         1.50768        0.129925 
        6.59736         1.50301        0.129131 
        6.61307         1.49771        0.128342 
         6.6288         1.49092         0.12756 
         6.6445         1.48322        0.126785 
         6.6602          1.4786        0.126017 
        6.67592         1.47603        0.125255 
        6.69164         1.46737        0.124499 
        6.70735         1.46366        0.123749 
        6.72304         1.45241        0.123007 
        6.73874          1.4495         0.12227 
        6.75446         1.44381        0.121538 
        6.77016         1.43942        0.120814 
        6.78585         1.43438        0.120095 
        6.80156         1.42801        0.119382 
        6.81729         1.42288        0.118674 
        6.83301         1.41466        0.117971 
         6.8487            1.41        0.117276 
         6.8644         1.40639        0.116586 
        6.88012         1.39869          0.1159 
        6.89583         1.39599        0.115221 
        6.91151          1.3907        0.114548 
        6.92723         1.38506        0.113879 
        6.94296         1.37871        0.113215 
        6.95866         1.37647        0.112558 
        6.97436         1.36888        0.111905 
        6.99007         1.36557        0.111258 
        7.00578         1.35997        0.110615 
        7.02147         1.35256        0.109979 
        7.03718         1.35098        0.109347 
         7.0529         1.34541        0.108719 
        7.06863         1.33961        0.108096 
        7.08433         1.33634        0.107478 
        7.10004         1.32988        0.106866 
        7.11575         1.32429        0.106258 
        7.13145         1.31969        0.105655 
        7.14715           1.315        0.105057 
        7.16284         1.31066        0.104464 
        7.17855          1.3076        0.103875 
        7.19428         1.29955        0.103289 
        7.20998         1.29753        0.102709 
        7.22568          1.2906        0.102134 
        7.24139         1.28772        0.101563 
        7.25711         1.28171        0.100996 
        7.27282         1.27873        0.100433 
        7.28852         1.27591       0.0998753 
        7.30423         1.27042       0.0993211 
        7.31995         1.26526       0.0987712 
        7.33565         1.26002       0.0982257 
        7.35135         1.25436       0.0976844 
        7.36706         1.25086       0.0971473 
        7.38277           1.248       0.0966137 
        7.39847          1.2441       0.0960845 
        7.41419         1.24017        0.095559 
         7.4299          1.2358       0.0950374 
        7.44561         1.23139       0.0945198 
        7.46132            1.23       0.0940061 
        7.47701          1.2238       0.0934969 
        7.49272         1.21991       0.0929908 
        7.50842         1.21453       0.0924886 
         7.5241         1.21099       0.0919909 
        7.53981         1.20756       0.0914961 
        7.55552         1.20388       0.0910047 
        7.57125         1.19942       0.0905164 
        7.58698         1.19602       0.0900316 
        7.60268         1.19181       0.0895514 
         7.6184         1.18707       0.0890741 
        7.63411         1.18424       0.0886005 
        7.64981         1.18148       0.0881306 
        7.66552         1.17697        0.087664 
        7.68123         1.17464       0.0872007 
        7.69695         1.16917       0.0867404 
        7.71264          1.1665       0.0862842 
        7.72834         1.16309       0.0858312 
        7.74407         1.15775       0.0853806 
        7.75978         1.15585       0.0849335 
        7.77546         1.15322       0.0844907 
        7.79116         1.14882       0.0840505 
         7.8069         1.14325       0.0836125 
         7.8226         1.14187       0.0831783 
        7.83828         1.13907        0.082748 
        7.85399         1.13664       0.0823201 
        7.86972         1.13215       0.0818944 
        7.88543         1.12941       0.0814724 
        7.90111         1.12391       0.0810542 
        7.91681           1.121       0.0806382 
        7.93255         1.11911       0.0802244 
        7.94828         1.11429       0.0798136 
        7.96397         1.11177       0.0794064 
        7.97967         1.10896       0.0790022 
        7.99538         1.10577       0.0786005 
         8.0111         1.10177       0.0782014 
         8.0268         1.09958       0.0778054 
        8.04248         1.09662       0.0774126 
         8.0582         1.09329       0.0770218 
        8.07393         1.08976       0.0766332 
        8.08963         1.08827       0.0762481 
        8.10533         1.08317       0.0758657 
        8.12104         1.08059       0.0754857 
        8.13675         1.07819       0.0751082 
        8.15245         1.07576       0.0747335 
        8.16815          1.0734       0.0743616 
        8.18387         1.07093       0.0739916 
        8.19959         1.06623        0.073624 
         8.2153         1.06347       0.0732593 
        8.23101         1.06143        0.072897 
        8.24672         1.05854       0.0725372 
        8.26241         1.05526       0.0721804 
         8.2781         1.05322       0.0718258 
        8.29381         1.05063       0.0714732 
        8.30952         1.04758        0.071123 
        8.32524         1.04448       0.0707749 
        8.34095         1.04205       0.0704293 
        8.35666         1.04055       0.0700862 
        8.37237          1.0369       0.0697452 
        8.38808         1.03552       0.0694065 
        8.40379         1.03167       0.0690701 
         8.4195         1.03089        0.068736 
         8.4352         1.02788       0.0684042 
        8.45091         1.02381       0.0680745 
        8.46662         1.02282       0.0677469 
        8.48232         1.02133       0.0674217 
        8.49802         1.01834       0.0670986 
        8.51374         1.01639       0.0667772 
        8.52945         1.01206       0.0664582 
        8.54515         1.01003       0.0661414 
        8.56086         1.00869       0.0658264 
        8.57658         1.00593       0.0655135 
        8.59228         1.00322       0.0652028 
        8.60799          1.0016       0.0648939 
        8.62371        0.999808        0.064587 
        8.63942        0.995774       0.0642822 
        8.65512        0.994262       0.0639796 
        8.67082        0.992736       0.0636788 
        8.68653        0.989254       0.0633799 
        8.70224        0.987723       0.0630828 
        8.71795        0.986131       0.0627878 
        8.73365        0.982378       0.0624946 
        8.74936        0.982142       0.0622033 
        8.76506        0.978964       0.0619141 
        8.78076        0.976169       0.0616265 
        8.79646        0.973725       0.0613409 
        8.81218        0.973109       0.0610568 
        8.82791        0.971441       0.0607742 
         8.8436        0.968549        0.060494 
         8.8593        0.966438       0.0602156 
        8.87503        0.963667       0.0599383 
        8.89076        0.963401       0.0596629 
        8.90644        0.961233         0.05939 
        8.92214        0.957998       0.0591185 
        8.93786        0.955957       0.0588483 
        8.95357        0.955383         0.05858 
        8.96928         0.95355       0.0583134 
        8.98498        0.950494       0.0580486 
        9.00069        0.948481       0.0577853 
        9.01639        0.947962       0.0575236 
        9.03208        0.945271       0.0572639 
        9.04778        0.944584       0.0570056 
        9.06351        0.940874       0.0567485 
        9.07923        0.938636       0.0564931 
        9.09493        0.938549       0.0562395 
        9.11062        0.936438       0.0559876 
        9.12635         0.93434       0.0557369 
        9.14207        0.932984       0.0554876 
        9.15777        0.929709       0.0552402 
        9.17346        0.927891       0.0549945 
        9.18917        0.926485       0.0547499 
         9.2049        0.926128       0.0545067 
        9.22061        0.924507       0.0542651 
        9.23631        0.922605       0.0540251 
        9.25201        0.920936       0.0537867 
        9.26773        0.919229       0.0535494 
        9.28343        0.918103       0.0533137 
        9.29913        0.917789       0.0530795 
        9.31484         0.91488       0.0528466 
        9.33057        0.911435       0.0526148 
        9.34627        0.911112       0.0523846 
        9.36197        0.909649       0.0521561 
        9.37768        0.907875       0.0519286 
        9.39338        0.907046       0.0517027 
        9.40909         0.90475       0.0514781 
        9.42479        0.903049       0.0512549 
         9.4405         0.90195       0.0510329 
        9.45621        0.899796       0.0508122 
        9.47193        0.899848       0.0505928 
        9.48763         0.89917       0.0503748 
        9.50334        0.896292       0.0501581 
        9.51906        0.894869       0.0499426 
        9.53476        0.893271       0.0497285 
        9.55045        0.892237       0.0495157 
        9.56616         0.89193       0.0493041 
        9.58188        0.889183       0.0490934 
        9.59759        0.887521        0.048884 
         9.6133        0.887033       0.0486759 
        9.62901        0.886857       0.0484689 
        9.64471        0.884594       0.0482631 
        9.66041        0.883844       0.0480585 
        9.67612        0.882254       0.0478548 
        9.69184        0.881956       0.0476522 
        9.70754        0.878952       0.0474511 
        9.72324        0.878764       0.0472512 
        9.73895        0.877859       0.0470525 
        9.75467        0.875525       0.0468549 
        9.77038        0.874493       0.0466587 
        9.78607        0.872607        0.046464 
        9.80177         0.87239       0.0462705 
        9.81749        0.871356       0.0460782 
         9.8332        0.869886       0.0458873 
         9.8489        0.869574       0.0456978 
        9.86463        0.867965       0.0455091 
        9.88035        0.866235       0.0453215 
        9.89606        0.864804        0.045135 
        9.91175        0.864245       0.0449494 
        9.92745        0.863632       0.0447644 
        9.94317        0.862909       0.0445797 
        9.95888        0.861573       0.0443956 
        9.97458          0.8606       0.0442118 
        9.99029        0.859014       0.0440281 
         10.006        0.858051       0.0439147 
        10.0217        0.858341       0.0439147 
        10.0374        0.856259       0.0439147 
        10.0531         0.85544       0.0439147 
        10.0688        0.854413       0.0439147 
        10.0845        0.854049       0.0439147 
        10.1002        0.852769       0.0439147 
        10.1159        0.852042       0.0439147 
        10.1317        0.851257       0.0439147 
        10.1474        0.850241       0.0439147 
        10.1631        0.850111       0.0439147 
        10.1788        0.848918       0.0439147 
        10.1945        0.847064       0.0439147 
        10.2102        0.847855       0.0439147 
        10.2259        0.845391       0.0439147 
        10.2416        0.845103       0.0439147 
        10.2573        0.844554       0.0439147 
         10.273        0.843699       0.0439147 
        10.2887        0.843421       0.0439147 
        10.3044        0.842753       0.0439147 
        10.3201         0.84168       0.0439147 
        10.3359        0.839767       0.0439147 
        10.3516        0.840061       0.0439147 
        10.3673        0.839845       0.0439147 
         10.383        0.839914       0.0439147 
        10.3987        0.837815       0.0439147 
        10.4144        0.837489       0.0439147 
        10.4301        0.836386       0.0439147 
        10.4458        0.835778       0.0439147 
        10.4615         0.83552       0.0439147 
        10.4772        0.835095       0.0439147 
        10.4929        0.834927       0.0439147 
        10.5086        0.835321       0.0439147 
        10.5244        0.833168       0.0439147 
        10.5401         0.83318       0.0439147 
        10.5558        0.832647       0.0439147 
        10.5715         0.83186       0.0439147 
        10.5872        0.831671       0.0439147 
        10.6029        0.831344       0.0439147 
        10.6186        0.830356       0.0439147 
        10.6343        0.831003       0.0439147 
          10.65        0.829967       0.0439147 
        10.6657        0.830118       0.0439147 
        10.6814         0.82885       0.0439147 
        10.6971        0.828398       0.0439147 
        10.7129        0.828988       0.0439147 
        10.7286        0.828027       0.0439147 
        10.7443        0.827672       0.0439147 
          10.76        0.827826       0.0439147 
        10.7757        0.827316       0.0439147 
        10.7914        0.826822       0.0439147 
        10.8071        0.826015       0.0439147 
        10.8228        0.826318       0.0439147 
        10.8385        0.826935       0.0439147 
        10.8542        0.826229       0.0439147 
        10.8699        0.825369       0.0439147 
        10.8856        0.825649       0.0439147 
        10.9014        0.825275       0.0439147 
        10.9171        0.824869       0.0439147 
        10.9328        0.825886       0.0439147 
        10.9485        0.825358       0.0439147 
        10.9642          0.8248       0.0439147 
        10.9799        0.824903       0.0439147 
        10.9956        0.823677       0.0439147 
        11.0113        0.824149       0.0439147 
         11.027        0.824035       0.0439147 
        11.0427        0.824415       0.0439147 
        11.0584        0.824614       0.0439147 
        11.0741        0.823646       0.0439147 
        11.0898        0.824596       0.0439147 
        11.1055        0.825319       0.0439147 
        11.1212        0.824775       0.0439147 
         11.137        0.824417       0.0439147 
        11.1527        0.825087       0.0439147 
        11.1684        0.824024       0.0439147 
        11.1841        0.824233       0.0439147 
        11.1998        0.825712       0.0439147 
        11.2155        0.825596       0.0439147 
        11.2312         0.82551       0.0439147 
        11.2469        0.825335       0.0439147 
        11.2626          0.8254       0.0439147 
        11.2783        0.826833       0.0439147 
         11.294        0.825737       0.0439147 
        11.3097        0.826121       0.0439147 
        11.3254        0.826495       0.0439147 
        11.3412        0.826637       0.0439147 
        11.3569        0.827357       0.0439147 
        11.3726        0.827151       0.0439147 
        11.3883        0.827859       0.0439147 
         11.404        0.828247       0.0439147 
        11.4197        0.828513       0.0439147 
        11.4354        0.828366       0.0439147 
        11.4511        0.829395       0.0439147 
        11.4668        0.830317       0.0439147 
        11.4825        0.829971       0.0439147 
        11.4982        0.830382       0.0439147 
         11.514        0.831631       0.0439147 
        11.5297        0.831446       0.0439147 
        11.5454        0.831454       0.0439147 
        11.5611        0.833084       0.0439147 
        11.5768        0.833438       0.0439147 
        11.5925        0.834209       0.0439147 
        11.6082        0.834606       0.0439147 
        11.6239        0.835591       0.0439147 
        11.6396        0.835976       0.0439147 
        11.6553        0.837017       0.0439147 
         11.671        0.837876       0.0439147 
        11.6867        0.838107       0.0439147 
        11.7024        0.838632       0.0439147 
        11.7182        0.839577       0.0439147 
        11.7339        0.840062       0.0439147 
        11.7496        0.841112       0.0439147 
        11.7653        0.841577       0.0439147 
         11.781        0.842508       0.0439147 
        11.7967        0.843723       0.0439147 
        11.8124         0.84468       0.0439147 
        11.8281        0.846408       0.0439147 
        11.8438         0.84664       0.0439147 
        11.8595        0.847447       0.0439147 
        11.8752        0.849137       0.0439147 
         11.891        0.849391       0.0439147 
        11.9067        0.850413       0.0439147 
        11.9224        0.851714       0.0439147 
        11.9381        0.853498       0.0439147 
        11.9538        0.852993       0.0439147 
        11.9695        0.854421       0.0439147 
        11.9852        0.856023       0.0439147 
        12.0009        0.857808       0.0439147 
        12.0166        0.858075       0.0439147 
        12.0323        0.859589       0.0439147 
         12.048        0.860996       0.0439147 
        12.0637        0.862575       0.0439147 
