# k  (h/Mpc)    Pcb(k)  (Mpc/h)^3    Pcb_linear(k) (Mpc/h)^3   ShotnoiseSubtracted = true
      0.0200456         20446.8         20763.4 
      0.0350414         16711.5         16280.6 
      0.0492313         12522.6         12899.3 
      0.0637834          9892.6         10489.1 
      0.0800726         7474.18         7923.54 
       0.096163         6354.81         6232.37 
       0.111083         5419.52         5275.69 
       0.126058         4312.24          4385.6 
       0.142273         3703.51         3568.73 
       0.158546         3153.92         3040.14 
        0.17375         2859.01         2645.02 
       0.188953         2668.46         2273.91 
       0.204907         2294.81          1968.4 
       0.220756         2086.92         1739.75 
        0.23588         1877.37         1545.28 
         0.2514         1701.72         1369.24 
       0.267535          1636.4         1221.13 
       0.283568         1464.95         1097.29 
       0.299022         1401.58         990.882 
       0.314451         1455.23         898.392 
       0.330372         1293.26         816.857 
       0.346141         1189.34         745.696 
       0.361624         1141.66         683.445 
       0.377134         1093.95          628.39 
       0.392932         1047.35         578.779 
       0.408854         1001.35         534.048 
       0.424564         982.029         494.427 
       0.440253         913.377         458.963 
       0.455999         874.658         426.898 
       0.471626          885.45         398.058 
        0.48727         838.941         371.849 
       0.502856         804.329         348.099 
       0.518488         782.482         326.362 
       0.534347         749.326         306.198 
       0.550082          716.86         287.877 
       0.565732         705.885         271.148 
       0.581496          689.82         255.642 
       0.597222         675.828         241.382 
       0.612804          661.33          228.33 
       0.628434         633.417         216.212 
       0.644267         615.763         204.836 
       0.660051         608.437         194.312 
       0.675724         596.229         184.597 
       0.691403         577.864         175.544 
       0.707174         560.464         167.053 
       0.722871         551.775         159.162 
        0.73838         543.101         151.867 
       0.754018         529.239         144.977 
       0.769845         521.316         138.441 
        0.78569         509.529         132.302 
       0.801365         493.219         126.597 
       0.817031          488.25         121.233 
       0.832809         481.287         116.146 
       0.848511         471.763         111.375 
       0.864097          463.46         106.905 
       0.879701         460.651         102.677 
       0.895507         442.371         98.6283 
       0.911279         437.441         94.8073 
        0.92691         430.744         91.2211 
       0.942635         426.405         87.8014 
       0.958396         412.645         84.5505 
       0.974128         407.038         81.4709 
       0.989692         394.293         78.5758 
        1.00528          392.06         75.8178 
        1.02113         383.733         73.1497 
        1.03692          378.23         70.6204 
        1.05264         371.295          68.223 
        1.06832         364.352         65.9411 
        1.08405         362.191         63.7581 
        1.09979         354.107          61.673 
        1.11537         344.483         59.7023 
        1.13105         341.536         57.8064 
        1.14679         335.129         55.9858 
        1.16256         331.737         54.2404 
        1.17828         326.782         52.5754 
        1.19395         318.425         50.9862 
         1.2097          316.45         49.4549 
        1.22537         309.385         47.9941 
          1.241         305.069          46.597 
        1.25666         300.483         45.2521 
        1.27241         295.991         43.9543 
        1.28819         290.008         42.7053 
        1.30392         288.672         41.5086 
        1.31957         281.016         40.3633 
        1.33529         277.832         39.2572 
        1.35108         274.947         38.1882 
        1.36674         268.548         37.1669 
         1.3824         265.733         36.1839 
        1.39811         261.989         35.2333 
        1.41389         255.714         34.3134 
        1.42964         252.515         33.4279 
        1.44531         248.415         32.5781 
        1.46101         244.606         31.7562 
        1.47667         241.637         30.9651 
        1.49229         237.798         30.2032 
        1.50793         234.432         29.4661 
        1.52367         230.949          28.749 
        1.53953         225.772         28.0509 
        1.55526         224.498         27.3817 
        1.57092          221.58         26.7372 
        1.58662         216.888         26.1119 
        1.60235          214.37         25.5055 
        1.61809         212.244          24.918 
        1.63369         208.073         24.3543 
        1.64941         205.158         23.8041 
        1.66519         201.827          23.269 
        1.68085         198.209         22.7541 
        1.69652         196.521         22.2547 
        1.71228         193.526         21.7675 
        1.72806         190.432         21.2945 
        1.74368         188.726         20.8404 
        1.75933         186.924         20.3986 
        1.77505         183.615         19.9676 
        1.79081         180.741         19.5483 
         1.8065         178.703         19.1428 
        1.82218         174.846         18.7493 
        1.83797         173.404         18.3641 
        1.85367         170.997         17.9919 
        1.86928          167.89         17.6323 
        1.88497         166.272         17.2805 
        1.90073         164.404         16.9371 
        1.91647         161.167         16.6033 
        1.93218         159.611         16.2793 
        1.94787         156.501         15.9643 
        1.96363         156.023         15.6565 
        1.97935          153.78         15.3575 
        1.99499         151.769         15.0679 
        2.01064         148.227         14.7855 
         2.0264         147.386         14.5085 
        2.04216         145.361         14.2387 
        2.05781         142.474         13.9775 
        2.07353         141.942         13.7219 
        2.08928         139.851         13.4722 
        2.10499         138.048         13.2294 
        2.12065         136.159         12.9933 
        2.13633         134.117         12.7628 
        2.15211         132.261         12.5363 
        2.16785         130.849         12.3161 
        2.18349         129.088         12.1025 
        2.19916         127.175         11.8935 
        2.21489         126.002         11.6887 
        2.23063         124.248         11.4887 
         2.2463         122.396         11.2942 
        2.26194          121.03         11.1048 
        2.27765         119.055         10.9187 
        2.29341         118.325         10.7364 
        2.30914         116.986         10.5586 
        2.32486         114.455          10.385 
        2.34061         113.292          10.215 
        2.35635         112.656         10.0489 
        2.37203         110.688         9.88713 
        2.38768         109.674         9.72925 
        2.40339         107.546         9.57425 
        2.41914         106.617         9.42227 
        2.43483         105.363         9.27413 
         2.4505         104.318         9.12942 
        2.46622         102.541         8.98731 
        2.48195         101.708         8.84822 
        2.49759         99.9561         8.71281 
        2.51328         99.0873         8.57989 
        2.52906          97.863         8.44891 
        2.54479         96.6915         8.32115 
        2.56049         95.3311         8.19628 
        2.57618         94.1314         8.07408 
        2.59189         93.5277          7.9542 
        2.60758         92.1175         7.83693 
        2.62325         91.2757         7.72218 
        2.63898         90.2827         7.60933 
        2.65468         88.8048         7.49896 
        2.67044         88.1001         7.39032 
        2.68618         86.7969         7.28408 
        2.70184         85.8593         7.18036 
        2.71755         84.9794          7.0784 
        2.73329         83.6034         6.97826 
        2.74897         82.8755         6.88039 
        2.76462         82.2014         6.78461 
        2.78034         80.9678         6.69026 
        2.79607         79.9639         6.59761 
        2.81179         79.3924         6.50682 
        2.82749         78.2867         6.41784 
        2.84321         77.3096         6.33042 
        2.85893         76.1784         6.24467 
        2.87462         75.5678         6.16064 
        2.89033          74.648         6.07809 
        2.90605         73.8066         5.99698 
        2.92176         73.0848         5.91739 
        2.93747           72.18         5.83928 
        2.95318         71.3371         5.76257 
        2.96891         70.6664         5.68721 
        2.98456         69.8845         5.61352 
        3.00023         69.1177         5.54104 
        3.01596         68.4967         5.46961 
        3.03164         67.7098         5.39964 
        3.04738         67.1054         5.33069 
         3.0631         66.1692         5.26297 
        3.07883         65.6503         5.19643 
        3.09456         64.7304         5.13104 
        3.11026         64.0436         5.06688 
        3.12596         63.3943         5.00383 
        3.14163         62.6869         4.94199 
        3.15734         61.9915         4.88106 
        3.17308         61.3917           4.821 
        3.18879         60.6095         4.76213 
        3.20447         60.0349         4.70432 
         3.2202         59.2234         4.64729 
         3.2359         58.7159          4.5913 
        3.25157         58.1769         4.53638 
        3.26729         57.5514         4.48218 
        3.28304         56.8293         4.42877 
        3.29877          56.215         4.37629 
        3.31446         55.5744         4.32478 
        3.33014         55.0459         4.27415 
        3.34585         54.6079         4.22425 
        3.36158         54.1256         4.17507 
        3.37727         53.4647         4.12683 
        3.39294         53.0515         4.07939 
        3.40867         52.4214         4.03253 
        3.42439         51.8952         3.98643 
        3.44008         51.2944         3.94114 
        3.45578          50.829         3.89652 
        3.47153          50.425          3.8525 
        3.48724         49.9848         3.80923 
        3.50292         49.3355         3.76672 
        3.51859         48.9461         3.72489 
        3.53431         48.2563         3.68356 
        3.55007         47.8221         3.64276 
        3.56577         47.2413         3.60273 
        3.58146         46.8562         3.56333 
        3.59719         46.3872         3.52442 
        3.61292         45.8644         3.48611 
        3.62859         45.4194         3.44851 
        3.64429         45.1419         3.41139 
        3.66003         44.6362         3.37471 
        3.67578         44.0812         3.33858 
        3.69146         43.7734         3.30311 
        3.70712         43.4329         3.26822 
        3.72284         42.9872         3.23371 
        3.73853         42.5611         3.19976 
        3.75422         42.1245         3.16628 
        3.76993         41.7686         3.13325 
        3.78564         41.4633         3.10071 
        3.80137         40.8958         3.06857 
        3.81707         40.5204         3.03696 
        3.83279         40.1934         3.00577 
        3.84853         39.6428         2.97496 
        3.86424         39.3796         2.94465 
        3.87992         39.0206          2.9148 
        3.89561         38.7128         2.88537 
        3.91134         38.2353         2.85628 
        3.92704         37.9266         2.82763 
        3.94273         37.4918          2.7994 
        3.95845         37.1963          2.7715 
        3.97418         36.8548         2.74398 
        3.98988         36.5759         2.71686 
        4.00554         36.0998         2.69019 
        4.02125         35.9003          2.6638 
        4.03698         35.5133         2.63772 
        4.05268         35.2661         2.61205 
        4.06839          34.853         2.58671 
         4.0841         34.6009          2.5617 
        4.09983         34.2434           2.537 
        4.11555         33.9543         2.51262 
        4.13124         33.5634         2.48864 
        4.14693         33.3214         2.46495 
        4.16266         33.0081         2.44151 
        4.17839         32.6409         2.41839 
        4.19408          32.421         2.39562 
        4.20977         32.1032         2.37314 
        4.22551          31.809         2.35088 
        4.24123         31.5947         2.32894 
        4.25691         31.2852         2.30734 
        4.27259         30.9557           2.286 
        4.28831         30.7485          2.2649 
        4.30404         30.4855         2.24403 
        4.31974         30.2457         2.22348 
        4.33543         29.9107          2.2032 
        4.35116         29.5913         2.18311 
        4.36688         29.4121         2.16329 
        4.38255         29.2185         2.14379 
        4.39825         28.9196         2.12448 
        4.41398         28.6356         2.10538 
         4.4297         28.4258         2.08653 
        4.44541         28.2036         2.06791 
        4.46111         27.9346         2.04954 
        4.47683         27.7254         2.03137 
        4.49251         27.4865         2.01346 
        4.50819         27.2536         1.99577 
         4.5239         26.9414         1.97827 
        4.53962         26.7644         1.96096 
        4.55535         26.5045         1.94385 
        4.57106         26.2968         1.92696 
        4.58678         26.1067         1.91027 
         4.6025         25.8969         1.89378 
        4.61821         25.6737         1.87748 
        4.63391         25.4031          1.8614 
         4.6496         25.2513         1.84551 
        4.66532         25.0595         1.82978 
        4.68103         24.7968         1.81424 
        4.69673         24.6106          1.7989 
        4.71241         24.4006         1.78375 
        4.72811         24.2255         1.76875 
        4.74384          24.063          1.7539 
        4.75955         23.8561         1.73924 
        4.77525         23.6313         1.72476 
        4.79096         23.4108         1.71043 
        4.80669          23.242         1.69625 
         4.8224         23.0832         1.68225 
        4.83809         22.8744         1.66843 
        4.85379         22.7214         1.65475 
         4.8695         22.5298         1.64121 
        4.88521         22.2958         1.62783 
        4.90093         22.2013          1.6146 
        4.91663         21.9875         1.60152 
        4.93234         21.7117         1.58858 
        4.94807         21.5765         1.57577 
        4.96377         21.4675         1.56312 
        4.97943         21.3048         1.55064 
        4.99514         21.1039         1.53827 
        5.01086         21.0042         1.52602 
        5.02654         20.7793         1.51393 
        5.04227         20.6231         1.50194 
          5.058         20.4573         1.49008 
        5.07371         20.2836         1.47837 
        5.08942         20.1473         1.46678 
        5.10513         19.9855         1.45531 
        5.12084         19.8176         1.44396 
        5.13656         19.6684         1.43273 
        5.15225         19.5285         1.42164 
        5.16796           19.35         1.41065 
        5.18369         19.1793         1.39977 
         5.1994         19.0575         1.38902 
        5.21509         18.8914          1.3784 
        5.23079         18.7788         1.36787 
        5.24649         18.6171         1.35746 
        5.26217         18.4905         1.34717 
        5.27788          18.364         1.33697 
        5.29359         18.2244         1.32687 
        5.30933           18.06         1.31686 
        5.32504         17.9272         1.30697 
        5.34073         17.7719          1.2972 
        5.35646         17.6771          1.2875 
        5.37218         17.5081          1.2779 
        5.38789          17.375         1.26842 
        5.40357         17.2716         1.25904 
        5.41929         17.1462         1.24974 
        5.43502          17.006         1.24053 
         5.4507         16.8436         1.23143 
        5.46639         16.7614         1.22242 
        5.48212         16.6231         1.21349 
        5.49786         16.4969         1.20463 
        5.51353         16.3828          1.1959 
        5.52921         16.2466         1.18725 
        5.54495         16.1578         1.17866 
        5.56066         15.9958         1.17017 
        5.57637         15.8758         1.16176 
        5.59207         15.7912         1.15344 
        5.60778         15.6936          1.1452 
        5.62346         15.5566         1.13705 
        5.63916         15.4186         1.12897 
        5.65487         15.2996         1.12097 
         5.6706         15.2155         1.11303 
        5.68633          15.133         1.10517 
        5.70203         14.9809          1.0974 
        5.71773         14.8928         1.08971 
        5.73344         14.8018         1.08209 
        5.74916         14.6905         1.07453 
        5.76486         14.5802         1.06705 
        5.78054         14.4752         1.05966 
        5.79626         14.3546         1.05232 
          5.812         14.2637         1.04504 
         5.8277         14.1644         1.03784 
        5.84339         14.0453         1.03072 
        5.85911         13.9817         1.02365 
        5.87484         13.8468         1.01665 
        5.89053         13.7617         1.00972 
        5.90623          13.669         1.00286 
        5.92195          13.583        0.996052 
        5.93767         13.4764        0.989309 
        5.95336         13.3732        0.982639 
        5.96905         13.2683        0.976033 
        5.98476            13.2        0.969478 
        6.00048         13.1029        0.962982 
        6.01617         13.0342        0.956554 
        6.03185         12.9148        0.950192 
        6.04756         12.8628        0.943872 
        6.06331         12.7478        0.937597 
        6.07903         12.6459        0.931392 
        6.09473         12.5328        0.925249 
        6.11044         12.4665        0.919156 
        6.12616         12.3835        0.913118 
        6.14186         12.3124        0.907141 
        6.15755          12.227        0.901217 
        6.17326         12.1453        0.895342 
        6.18898         12.0179        0.889516 
        6.20467         11.9695        0.883753 
        6.22036         11.9016        0.878041 
         6.2361         11.7795        0.872364 
         6.2518         11.7233        0.866747 
        6.26748          11.652        0.861191 
        6.28319         11.5731        0.855669 
        6.29893          11.484         0.85019 
        6.31463         11.4142        0.844769 
        6.33033         11.3361        0.839396 
        6.34604         11.2683        0.834067 
        6.36177         11.1881        0.828778 
        6.37747         11.0966        0.823545 
        6.39316         11.0339        0.818361 
        6.40888         10.9648        0.813211 
         6.4246          10.888        0.808105 
        6.44031         10.8113        0.803045 
        6.45601         10.7372        0.798035 
        6.47172         10.6647        0.793062 
        6.48744         10.5867         0.78813 
        6.50313         10.5288        0.783248 
        6.51882         10.4446        0.778408 
        6.53452         10.4013        0.773605 
        6.55025         10.3137        0.768834 
        6.56597          10.259         0.76411 
        6.58166         10.1786        0.759431 
        6.59736         10.1218        0.754789 
        6.61307         10.0619        0.750181 
         6.6288         10.0015        0.745609 
         6.6445          9.9199        0.741081 
         6.6602         9.87818        0.736591 
        6.67592         9.81537        0.732134 
        6.69164         9.74879        0.727715 
        6.70735         9.67773        0.723334 
        6.72304         9.60834        0.718993 
        6.73874         9.55372        0.714687 
        6.75446         9.49795        0.710411 
        6.77016         9.43363        0.706176 
        6.78585         9.37572        0.701975 
        6.80156         9.29813        0.697807 
        6.81729         9.23332        0.693666 
        6.83301         9.19505        0.689559 
         6.8487         9.14833        0.685495 
         6.8644         9.07353        0.681461 
        6.88012         9.01808        0.677455 
        6.89583          8.9648        0.673485 
        6.91151         8.90848        0.669552 
        6.92723         8.85628        0.665641 
        6.94296         8.78782         0.66176 
        6.95866         8.73389        0.657916 
        6.97436         8.69149        0.654104 
        6.99007         8.63792        0.650319 
        7.00578         8.56068        0.646564 
        7.02147          8.5371        0.642844 
        7.03718         8.46911        0.639148 
         7.0529         8.41846        0.635479 
        7.06863         8.37163        0.631836 
        7.08433         8.30971        0.628228 
        7.10004         8.25575        0.624648 
        7.11575         8.20857        0.621095 
        7.13145         8.16468        0.617571 
        7.14715         8.10883        0.614075 
        7.16284         8.05661         0.61061 
        7.17855         8.01058        0.607164 
        7.19428          7.9522        0.603742 
        7.20998         7.91663        0.600353 
        7.22568         7.86344         0.59699 
        7.24139         7.81957        0.593651 
        7.25711         7.77041        0.590336 
        7.27282          7.7193        0.587047 
        7.28852         7.68257        0.583787 
        7.30423         7.61869        0.580547 
        7.31995         7.58107        0.577333 
        7.33565         7.54221        0.574145 
        7.35135         7.48897        0.570981 
        7.36706         7.44425        0.567841 
        7.38277          7.4051        0.564722 
        7.39847         7.36327        0.561629 
        7.41419         7.30895        0.558557 
         7.4299          7.2578        0.555508 
        7.44561         7.23515        0.552483 
        7.46132         7.18016        0.549481 
        7.47701         7.13808        0.546504 
        7.49272          7.1006        0.543546 
        7.50842         7.05511        0.540611 
         7.5241         7.02032        0.537701 
        7.53981           6.963        0.534809 
        7.55552         6.93286        0.531937 
        7.57125         6.89026        0.529082 
        7.58698         6.84368        0.526249 
        7.60268         6.81513        0.523442 
         7.6184         6.77322        0.520652 
        7.63411         6.73541        0.517883 
        7.64981         6.69277        0.515137 
        7.66552         6.65733         0.51241 
        7.68123         6.62089        0.509701 
        7.69695         6.57964        0.507011 
        7.71264         6.53638        0.504345 
        7.72834         6.50018        0.501697 
        7.74407         6.46992        0.499063 
        7.75978         6.42356         0.49645 
        7.77546         6.39283        0.493861 
        7.79116         6.34518        0.491289 
         7.8069         6.32955        0.488728 
         7.8226         6.27942         0.48619 
        7.83828         6.25166        0.483675 
        7.85399         6.21181        0.481174 
        7.86972         6.17574        0.478686 
        7.88543         6.14439        0.476219 
        7.90111         6.10534        0.473774 
        7.91681          6.0652        0.471343 
        7.93255         6.03749        0.468924 
        7.94828         5.99601        0.466523 
        7.96397         5.96513        0.464143 
        7.97967          5.9288         0.46178 
        7.99538         5.89726        0.459432 
         8.0111          5.8684        0.457099 
         8.0268         5.82774        0.454785 
        8.04248         5.80283        0.452489 
         8.0582         5.77396        0.450204 
        8.07393         5.73738        0.447933 
        8.08963         5.71119        0.445682 
        8.10533         5.67563        0.443447 
        8.12104         5.64869        0.441225 
        8.13675         5.61076        0.439019 
        8.15245         5.58088        0.436829 
        8.16815         5.55945        0.434655 
        8.18387         5.51375        0.432492 
        8.19959          5.4943        0.430344 
         8.2153         5.45969        0.428212 
        8.23101         5.44038        0.426095 
        8.24672         5.40459        0.423991 
        8.26241         5.36918        0.421905 
         8.2781         5.34978        0.419833 
        8.29381          5.3158        0.417772 
        8.30952         5.29007        0.415725 
        8.32524         5.25783         0.41369 
        8.34095          5.2273         0.41167 
        8.35666         5.20168        0.409665 
        8.37237          5.1766        0.407671 
        8.38808         5.13898        0.405692 
        8.40379         5.12254        0.403726 
         8.4195         5.09501        0.401773 
         8.4352         5.06974        0.399833 
        8.45091         5.03677        0.397906 
        8.46662         5.00954        0.395991 
        8.48232         4.97901         0.39409 
        8.49802         4.95726        0.392202 
        8.51374         4.93124        0.390323 
        8.52945         4.89853        0.388458 
        8.54515         4.87714        0.386607 
        8.56086         4.85448        0.384765 
        8.57658         4.83366        0.382936 
        8.59228         4.80874        0.381121 
        8.60799          4.7794        0.379315 
        8.62371         4.76042        0.377521 
        8.63942         4.73411         0.37574 
        8.65512         4.71101         0.37397 
        8.67082         4.68398        0.372213 
        8.68653         4.66117        0.370465 
        8.70224         4.63546        0.368729 
        8.71795          4.6071        0.367004 
        8.73365         4.59541        0.365291 
        8.74936         4.56047        0.363588 
        8.76506          4.5359        0.361897 
        8.78076         4.51462        0.360217 
        8.79646         4.49435        0.358547 
        8.81218         4.47001        0.356886 
        8.82791         4.44758        0.355235 
         8.8436          4.4263        0.353597 
         8.8593         4.40642         0.35197 
        8.87503         4.38152        0.350349 
        8.89076         4.35793        0.348739 
        8.90644         4.33638        0.347144 
        8.92214         4.31233        0.345557 
        8.93786         4.29061        0.343978 
        8.95357          4.2769        0.342409 
        8.96928         4.24948        0.340851 
        8.98498         4.22594        0.339303 
        9.00069         4.21115        0.337764 
        9.01639         4.18569        0.336235 
        9.03208         4.16571        0.334717 
        9.04778         4.14285        0.333207 
        9.06351         4.13056        0.331704 
        9.07923         4.10966        0.330211 
        9.09493         4.08032        0.328729 
        9.11062         4.06628        0.327256 
        9.12635         4.05015        0.325791 
        9.14207         4.03578        0.324334 
        9.15777         4.00719        0.322888 
        9.17346         3.98771        0.321451 
        9.18917         3.96965        0.320022 
         9.2049         3.95374          0.3186 
        9.22061         3.93738        0.317188 
        9.23631         3.91544        0.315785 
        9.25201         3.89615        0.314391 
        9.26773         3.87965        0.313005 
        9.28343         3.86224        0.311627 
        9.29913         3.83829        0.310258 
        9.31484         3.82675        0.308897 
        9.33057          3.8027        0.307541 
        9.34627         3.78746        0.306196 
        9.36197         3.77272        0.304861 
        9.37768         3.75192        0.303531 
        9.39338         3.73471         0.30221 
        9.40909         3.71826        0.300897 
        9.42479         3.69767        0.299593 
         9.4405         3.68652        0.298295 
        9.45621         3.66453        0.297005 
        9.47193         3.64946        0.295723 
        9.48763          3.6344        0.294449 
        9.50334         3.61609        0.293182 
        9.51906         3.60076        0.291922 
        9.53476         3.58367        0.290671 
        9.55045         3.56725        0.289427 
        9.56616         3.55226         0.28819 
        9.58188         3.53434        0.286958 
        9.59759          3.5227        0.285735 
         9.6133         3.50347        0.284518 
        9.62901         3.48954        0.283308 
        9.64471         3.47387        0.282105 
        9.66041         3.45902        0.280909 
        9.67612          3.4436        0.279719 
        9.69184         3.42835        0.278535 
        9.70754         3.41261        0.277359 
        9.72324         3.39732        0.276191 
        9.73895         3.38166        0.275029 
        9.75467         3.36802        0.273874 
        9.77038         3.35079        0.272727 
        9.78607         3.33829        0.271589 
        9.80177         3.32473        0.270458 
        9.81749         3.31126        0.269334 
         9.8332         3.29703        0.268219 
         9.8489         3.28165        0.267111 
        9.86463         3.26733        0.266008 
        9.88035         3.25531        0.264911 
        9.89606         3.24398        0.263821 
        9.91175         3.22771        0.262736 
        9.92745          3.2115        0.261655 
        9.94317         3.19495        0.260576 
        9.95888          3.1866        0.259499 
        9.97458         3.17796        0.258425 
        9.99029         3.15909        0.257351 
         10.006         3.14728        0.256688 
        10.0217         3.13313        0.256688 
        10.0374          3.1242        0.256688 
        10.0531         3.10781        0.256688 
        10.0688         3.09699        0.256688 
        10.0845         3.08342        0.256688 
        10.1002         3.07306        0.256688 
        10.1159          3.0572        0.256688 
        10.1317         3.04885        0.256688 
        10.1474         3.03198        0.256688 
        10.1631         3.02538        0.256688 
        10.1788         3.01562        0.256688 
        10.1945         3.00166        0.256688 
        10.2102         2.98799        0.256688 
        10.2259         2.97245        0.256688 
        10.2416         2.96789        0.256688 
        10.2573         2.95209        0.256688 
         10.273         2.94257        0.256688 
        10.2887         2.93373        0.256688 
        10.3044           2.916        0.256688 
        10.3201         2.90755        0.256688 
        10.3359         2.89644        0.256688 
        10.3516         2.88581        0.256688 
        10.3673         2.87465        0.256688 
         10.383         2.86424        0.256688 
        10.3987         2.85291        0.256688 
        10.4144         2.84337        0.256688 
        10.4301         2.83245        0.256688 
        10.4458         2.82358        0.256688 
        10.4615          2.8121        0.256688 
        10.4772         2.80288        0.256688 
        10.4929         2.79386        0.256688 
        10.5086         2.78441        0.256688 
        10.5244         2.77228        0.256688 
        10.5401         2.76095        0.256688 
        10.5558         2.75117        0.256688 
        10.5715         2.74623        0.256688 
        10.5872         2.73585        0.256688 
        10.6029         2.72819        0.256688 
        10.6186         2.71443        0.256688 
        10.6343         2.70733        0.256688 
          10.65         2.69757        0.256688 
        10.6657         2.68695        0.256688 
        10.6814         2.67751        0.256688 
        10.6971         2.67199        0.256688 
        10.7129         2.65834        0.256688 
        10.7286         2.65405        0.256688 
        10.7443         2.64247        0.256688 
          10.76         2.63738        0.256688 
        10.7757         2.62987        0.256688 
        10.7914         2.61937        0.256688 
        10.8071         2.61154        0.256688 
        10.8228          2.6004        0.256688 
        10.8385         2.59643        0.256688 
        10.8542         2.58715        0.256688 
        10.8699          2.5783        0.256688 
        10.8856         2.57122        0.256688 
        10.9014         2.56555        0.256688 
        10.9171         2.55762        0.256688 
        10.9328         2.54885        0.256688 
        10.9485         2.53676        0.256688 
        10.9642         2.53219        0.256688 
        10.9799         2.52414        0.256688 
        10.9956         2.51939        0.256688 
        11.0113         2.50992        0.256688 
         11.027         2.50357        0.256688 
        11.0427         2.49658        0.256688 
        11.0584         2.48992        0.256688 
        11.0741         2.48441        0.256688 
        11.0898         2.47682        0.256688 
        11.1055         2.46884        0.256688 
        11.1212         2.46251        0.256688 
         11.137         2.45559        0.256688 
        11.1527         2.44875        0.256688 
        11.1684         2.44326        0.256688 
        11.1841         2.43685        0.256688 
        11.1998         2.42759        0.256688 
        11.2155         2.42505        0.256688 
        11.2312          2.4197        0.256688 
        11.2469         2.41506        0.256688 
        11.2626         2.40742        0.256688 
        11.2783         2.39989        0.256688 
         11.294         2.39556        0.256688 
        11.3097         2.39098        0.256688 
        11.3254         2.38671        0.256688 
        11.3412         2.38066        0.256688 
        11.3569         2.37441        0.256688 
        11.3726         2.37051        0.256688 
        11.3883         2.36238        0.256688 
         11.404         2.35794        0.256688 
        11.4197         2.35513        0.256688 
        11.4354         2.34835        0.256688 
        11.4511         2.34527        0.256688 
        11.4668         2.33966        0.256688 
        11.4825         2.33464        0.256688 
        11.4982         2.33107        0.256688 
         11.514         2.32695        0.256688 
        11.5297         2.32213        0.256688 
        11.5454         2.31806        0.256688 
        11.5611         2.31301        0.256688 
        11.5768         2.30917        0.256688 
        11.5925         2.30461        0.256688 
        11.6082         2.30099        0.256688 
        11.6239         2.29626        0.256688 
        11.6396         2.29215        0.256688 
        11.6553         2.28927        0.256688 
         11.671         2.28658        0.256688 
        11.6867         2.28016        0.256688 
        11.7024         2.27747        0.256688 
        11.7182         2.27499        0.256688 
        11.7339         2.27114        0.256688 
        11.7496         2.26893        0.256688 
        11.7653         2.26515        0.256688 
         11.781         2.26417        0.256688 
        11.7967         2.25752        0.256688 
        11.8124         2.25568        0.256688 
        11.8281         2.25497        0.256688 
        11.8438         2.25209        0.256688 
        11.8595         2.24947        0.256688 
        11.8752         2.24645        0.256688 
         11.891         2.24481        0.256688 
        11.9067         2.24122        0.256688 
        11.9224         2.24021        0.256688 
        11.9381          2.2379        0.256688 
        11.9538         2.23506        0.256688 
        11.9695         2.23336        0.256688 
        11.9852         2.23301        0.256688 
        12.0009         2.23075        0.256688 
        12.0166         2.23175        0.256688 
        12.0323          2.2299        0.256688 
         12.048         2.22864        0.256688 
        12.0637         2.22444        0.256688 
