# k  (h/Mpc)    Pcb(k)  (Mpc/h)^3    Pcb_linear(k) (Mpc/h)^3   ShotnoiseSubtracted = true
      0.0200456         21047.5         21544.3 
      0.0350414           16067         16892.9 
      0.0492313         12980.7         13384.4 
      0.0637834         11022.5         10883.6 
      0.0800726         8371.39         8221.54 
       0.096163         6156.76         6466.77 
       0.111083         5159.89         5474.11 
       0.126058         4578.82         4550.54 
       0.142273         3871.83         3702.95 
       0.158546         3544.11         3154.48 
        0.17375         2878.84          2744.5 
       0.188953         2772.98         2359.44 
       0.204907         2595.95         2042.43 
       0.220756         2281.83         1805.18 
        0.23588         2045.26         1603.39 
         0.2514         1784.23         1420.73 
       0.267535         1787.41         1267.05 
       0.283568         1623.37         1138.56 
       0.299022         1538.63         1028.15 
       0.314451         1466.58          932.18 
       0.330372         1345.82         847.579 
       0.346141         1303.71         773.741 
       0.361624         1248.83         709.149 
       0.377134         1164.02         652.023 
       0.392932         1120.61         600.547 
       0.408854         1097.24         554.133 
       0.424564         1016.32         513.022 
       0.440253         995.916         476.225 
       0.455999         970.195         442.953 
       0.471626         930.258         413.029 
        0.48727         895.262         385.834 
       0.502856         867.129          361.19 
       0.518488         859.286         338.636 
       0.534347         806.486         317.714 
       0.550082         789.649         298.704 
       0.565732         783.763         281.346 
       0.581496         742.089         265.257 
       0.597222         727.622          250.46 
       0.612804         715.419         236.918 
       0.628434         695.496         224.344 
       0.644267         676.409         212.539 
       0.660051         656.555          201.62 
       0.675724         651.478         191.539 
       0.691403         628.938         182.146 
       0.707174         609.498         173.336 
       0.722871         601.014         165.148 
        0.73838         588.312         157.579 
       0.754018          577.94          150.43 
       0.769845         566.345         143.647 
        0.78569         555.559         137.278 
       0.801365         541.276         131.358 
       0.817031         528.299         125.792 
       0.832809         523.007         120.514 
       0.848511         510.519         115.563 
       0.864097         494.893         110.925 
       0.879701         488.446         106.538 
       0.895507           486.4         102.338 
       0.911279         472.941         98.3729 
        0.92691         466.672         94.6519 
       0.942635         453.635         91.1036 
       0.958396         440.895         87.7304 
       0.974128         436.102          84.535 
       0.989692         431.396          81.531 
        1.00528         418.506         78.6693 
        1.02113         417.199         75.9008 
        1.03692         404.751         73.2764 
        1.05264         401.181         70.7888 
        1.06832         390.103         68.4212 
        1.08405         386.026          66.156 
        1.09979          380.05         63.9925 
        1.11537         372.147         61.9477 
        1.13105         366.214         59.9804 
        1.14679         357.765         58.0914 
        1.16256         347.911         56.2803 
        1.17828         349.039         54.5527 
        1.19395         340.512         52.9038 
         1.2097          333.98         51.3149 
        1.22537          326.51         49.7992 
          1.241         323.165         48.3495 
        1.25666         317.153         46.9541 
        1.27241         312.695         45.6074 
        1.28819         307.243         44.3114 
        1.30392         300.948         43.0698 
        1.31957         297.938         41.8814 
        1.33529         293.585         40.7336 
        1.35108         287.032         39.6245 
        1.36674         281.304         38.5647 
         1.3824         279.622         37.5447 
        1.39811         274.105         36.5584 
        1.41389         271.643         35.6039 
        1.42964         267.765         34.6851 
        1.44531         263.274         33.8034 
        1.46101         257.989         32.9505 
        1.47667         255.135         32.1297 
        1.49229         251.464         31.3391 
        1.50793         245.809         30.5743 
        1.52367         244.085         29.8302 
        1.53953         239.292         29.1059 
        1.55526         235.028         28.4116 
        1.57092           233.8         27.7428 
        1.58662         230.351          27.094 
        1.60235         225.698         26.4647 
        1.61809         222.555         25.8552 
        1.63369         220.137         25.2703 
        1.64941         216.054         24.6994 
        1.66519         213.479         24.1441 
        1.68085         211.071         23.6099 
        1.69652         207.112         23.0917 
        1.71228         202.207         22.5861 
        1.72806         200.265         22.0954 
        1.74368         197.498         21.6241 
        1.75933         194.485         21.1658 
        1.77505         193.057         20.7185 
        1.79081         190.186         20.2835 
         1.8065          186.46         19.8628 
        1.82218         184.341         19.4544 
        1.83797         183.085         19.0548 
        1.85367         179.629         18.6686 
        1.86928         176.308         18.2954 
        1.88497         174.352         17.9304 
        1.90073         172.204         17.5741 
        1.91647         170.279         17.2278 
        1.93218         167.489         16.8915 
        1.94787          163.77         16.5648 
        1.96363         161.699         16.2454 
        1.97935         160.808         15.9351 
        1.99499         158.323         15.6346 
        2.01064         156.406         15.3415 
         2.0264         154.869         15.0541 
        2.04216          152.42         14.7742 
        2.05781         150.127         14.5032 
        2.07353         147.934          14.238 
        2.08928         146.224         13.9789 
        2.10499         144.334          13.727 
        2.12065         142.162          13.482 
        2.13633         140.476         13.2428 
        2.15211         138.371         13.0078 
        2.16785          136.77         12.7793 
        2.18349         135.093         12.5576 
        2.19916         133.179         12.3408 
        2.21489          131.99         12.1283 
        2.23063         129.833         11.9208 
         2.2463         127.438          11.719 
        2.26194         126.075         11.5224 
        2.27765         124.771         11.3293 
        2.29341         123.454         11.1402 
        2.30914         121.791         10.9557 
        2.32486         120.127         10.7755 
        2.34061         118.384         10.5991 
        2.35635         116.801         10.4268 
        2.37203         115.808          10.259 
        2.38768          113.91         10.0952 
        2.40339         112.689         9.93433 
        2.41914           111.2         9.77664 
        2.43483         110.192         9.62292 
         2.4505         108.839         9.47278 
        2.46622         107.386         9.32532 
        2.48195         105.688           9.181 
        2.49759         104.302          9.0405 
        2.51328         103.641         8.90258 
        2.52906         102.121         8.76667 
        2.54479         100.717          8.6341 
        2.56049         99.7803         8.50454 
        2.57618         98.4912         8.37774 
        2.59189         97.8572         8.25335 
        2.60758         96.2508         8.13168 
        2.62325          94.777         8.01261 
        2.63898         93.6074         7.89551 
        2.65468          92.705           7.781 
        2.67044         91.6479         7.66827 
        2.68618         90.5692         7.55803 
        2.70184         89.7635         7.45041 
        2.71755         88.5711         7.34461 
        2.73329         87.3417         7.24071 
        2.74897         86.6723         7.13916 
        2.76462         85.4672         7.03978 
        2.78034         84.7083         6.94188 
        2.79607         83.4144         6.84574 
        2.81179         82.6967         6.75154 
        2.82749         81.6453         6.65921 
        2.84321         80.7318         6.56851 
        2.85893         79.8798         6.47952 
        2.87462         78.8513         6.39234 
        2.89033         78.0218         6.30668 
        2.90605         77.3059         6.22252 
        2.92176         75.9816         6.13994 
        2.93747         75.4811          6.0589 
        2.95318         74.4427          5.9793 
        2.96891         73.9386          5.9011 
        2.98456         72.9951         5.82465 
        3.00023         72.0588         5.74943 
        3.01596         70.9789         5.67532 
        3.03164         70.5236         5.60272 
        3.04738         69.6862         5.53118 
         3.0631          68.898         5.46091 
        3.07883         68.3007         5.39186 
        3.09456         67.7473         5.32402 
        3.11026         66.7024         5.25745 
        3.12596         65.9909         5.19202 
        3.14163         65.3977         5.12786 
        3.15734          64.629         5.06463 
        3.17308         63.9684         5.00232 
        3.18879         63.2482         4.94123 
        3.20447         62.7446         4.88124 
         3.2202         62.0211         4.82207 
         3.2359         61.2306         4.76398 
        3.25157         60.4909         4.70699 
        3.26729         60.1244         4.65076 
        3.28304         59.5287         4.59533 
        3.29877         58.6109         4.54088 
        3.31446         58.0989         4.48744 
        3.33014          57.579          4.4349 
        3.34585         56.8151         4.38312 
        3.36158         56.2624         4.33209 
        3.37727          55.965         4.28203 
        3.39294         55.1596         4.23281 
        3.40867         54.7463         4.18419 
        3.42439         54.1048         4.13636 
        3.44008         53.5769         4.08937 
        3.45578         52.8643         4.04307 
        3.47153         52.4402         3.99739 
        3.48724         52.1148         3.95249 
        3.50292         51.5865         3.90839 
        3.51859         51.0247         3.86498 
        3.53431          50.572          3.8221 
        3.55007         50.0271         3.77976 
        3.56577         49.6461         3.73823 
        3.58146         48.9829         3.69734 
        3.59719          48.624         3.65697 
        3.61292         48.0815         3.61722 
        3.62859         47.5019          3.5782 
        3.64429         47.1429         3.53969 
        3.66003         46.7471         3.50163 
        3.67578         46.3487         3.46414 
        3.69146          45.776         3.42734 
        3.70712         45.2529         3.39114 
        3.72284         44.9391         3.35533 
        3.73853         44.4662          3.3201 
        3.75422         44.0149         3.28536 
        3.76993         43.4552         3.25109 
        3.78564         43.1879         3.21732 
        3.80137         42.8529         3.18398 
        3.81707         42.4138         3.15118 
        3.83279         41.9136         3.11881 
        3.84853         41.7415         3.08685 
        3.86424         41.2481          3.0554 
        3.87992         40.7981         3.02443 
        3.89561         40.4643         2.99389 
        3.91134         40.1119         2.96371 
        3.92704         39.6622         2.93397 
        3.94273         39.2135         2.90468 
        3.95845         38.9324         2.87573 
        3.97418         38.6462         2.84718 
        3.98988         38.2331         2.81904 
        4.00554         37.9523         2.79137 
        4.02125         37.5049         2.76398 
        4.03698         37.1604         2.73693 
        4.05268         36.7734         2.71029 
        4.06839         36.5639         2.68399 
         4.0841         36.1487         2.65805 
        4.09983         35.9914         2.63241 
        4.11555         35.5615         2.60712 
        4.13124         35.2302         2.58224 
        4.14693         34.9079         2.55765 
        4.16266         34.6709         2.53333 
        4.17839         34.3201         2.50934 
        4.19408         33.9603         2.48572 
        4.20977         33.7438         2.46239 
        4.22551         33.3567          2.4393 
        4.24123         33.1075         2.41653 
        4.25691           32.82         2.39412 
        4.27259         32.5194         2.37198 
        4.28831         32.2727         2.35008 
        4.30404          31.987         2.32843 
        4.31974         31.6964          2.3071 
        4.33543         31.3679         2.28606 
        4.35116         31.1235         2.26522 
        4.36688         30.9268         2.24465 
        4.38255         30.6341         2.22442 
        4.39825         30.3571         2.20438 
        4.41398         30.1257         2.18456 
         4.4297         29.7984           2.165 
        4.44541          29.652         2.14568 
        4.46111         29.2615         2.12662 
        4.47683         29.0271         2.10777 
        4.49251         28.8294         2.08919 
        4.50819          28.564         2.07083 
         4.5239         28.3481         2.05268 
        4.53962         28.0712         2.03471 
        4.55535         27.8386         2.01695 
        4.57106         27.6121         1.99943 
        4.58678         27.4486         1.98212 
         4.6025         27.1368           1.965 
        4.61821         26.9439         1.94809 
        4.63391         26.6954          1.9314 
         4.6496         26.5193         1.91492 
        4.66532         26.2783          1.8986 
        4.68103         26.1047         1.88247 
        4.69673         25.8355         1.86655 
        4.71241         25.7056         1.85083 
        4.72811         25.4811         1.83527 
        4.74384          25.251         1.81986 
        4.75955          24.991         1.80465 
        4.77525         24.8225         1.78963 
        4.79096         24.6916         1.77476 
        4.80669          24.387         1.76005 
         4.8224         24.2526         1.74552 
        4.83809         24.0876         1.73118 
        4.85379         23.8694         1.71698 
         4.8695          23.646         1.70293 
        4.88521         23.4572         1.68905 
        4.90093         23.3083         1.67532 
        4.91663          23.085         1.66175 
        4.93234         22.8693         1.64832 
        4.94807         22.7847         1.63503 
        4.96377         22.5465         1.62191 
        4.97943         22.3962         1.60896 
        4.99514         22.1963         1.59612 
        5.01086         22.0208         1.58341 
        5.02654         21.8154         1.57087 
        5.04227         21.6872         1.55843 
          5.058         21.5187         1.54612 
        5.07371         21.3413         1.53397 
        5.08942         21.1247         1.52194 
        5.10513         21.0041         1.51004 
        5.12084         20.8739         1.49827 
        5.13656         20.6916         1.48662 
        5.15225          20.551         1.47511 
        5.16796         20.3608         1.46371 
        5.18369         20.2302         1.45242 
         5.1994         20.0584         1.44126 
        5.21509         19.9118         1.43024 
        5.23079         19.7393         1.41932 
        5.24649          19.611         1.40852 
        5.26217         19.4489         1.39783 
        5.27788         19.3064         1.38725 
        5.29359         19.1501         1.37677 
        5.30933         19.0283         1.36639 
        5.32504         18.8578         1.35613 
        5.34073         18.7309         1.34598 
        5.35646         18.6168         1.33592 
        5.37218         18.4396         1.32596 
        5.38789         18.3026         1.31612 
        5.40357         18.1826         1.30639 
        5.41929         18.0586         1.29674 
        5.43502         17.9159         1.28718 
         5.4507         17.7997         1.27774 
        5.46639         17.6316          1.2684 
        5.48212         17.5032         1.25912 
        5.49786         17.3944         1.24993 
        5.51353         17.2303         1.24088 
        5.52921         17.1182          1.2319 
        5.54495         16.9984         1.22299 
        5.56066         16.8726         1.21418 
        5.57637         16.7188         1.20545 
        5.59207         16.5989         1.19682 
        5.60778         16.4973         1.18827 
        5.62346         16.3657         1.17981 
        5.63916         16.3008         1.17143 
        5.65487         16.1483         1.16313 
         5.6706         16.0367         1.15489 
        5.68633         15.9032         1.14674 
        5.70203         15.7801         1.13868 
        5.71773         15.7099         1.13069 
        5.73344         15.5841         1.12278 
        5.74916         15.4716         1.11494 
        5.76486         15.3532         1.10718 
        5.78054         15.2507         1.09951 
        5.79626         15.1592         1.09189 
          5.812         15.0438         1.08434 
         5.8277         14.9472         1.07688 
        5.84339         14.8419         1.06949 
        5.85911         14.7182         1.06215 
        5.87484         14.6159         1.05488 
        5.89053         14.4945          1.0477 
        5.90623         14.4109         1.04058 
        5.92195         14.3404         1.03351 
        5.93767         14.2028         1.02652 
        5.95336         14.1021          1.0196 
        5.96905         14.0218         1.01274 
        5.98476         13.9042         1.00594 
        6.00048         13.8217        0.999199 
        6.01617         13.7357        0.992529 
        6.03185         13.6203        0.985928 
        6.04756          13.507        0.979371 
        6.06331         13.4117         0.97286 
        6.07903         13.3413        0.966421 
        6.09473         13.2237        0.960047 
        6.11044         13.1214        0.953725 
        6.12616         13.0384         0.94746 
        6.14186           12.95        0.941258 
        6.15755         12.8879        0.935112 
        6.17326         12.7718        0.929016 
        6.18898          12.719        0.922971 
        6.20467         12.6322        0.916991 
        6.22036         12.5271        0.911064 
         6.2361         12.4452        0.905173 
         6.2518         12.3388        0.899345 
        6.26748          12.284         0.89358 
        6.28319         12.1712         0.88785 
        6.29893          12.098        0.882165 
        6.31463         12.0248         0.87654 
        6.33033         11.9571        0.870965 
        6.34604         11.8582        0.865435 
        6.36177          11.787        0.859948 
        6.37747         11.7106        0.854519 
        6.39316         11.6237        0.849139 
        6.40888         11.5362        0.843795 
         6.4246         11.4749        0.838497 
        6.44031         11.4175        0.833248 
        6.45601         11.3343        0.828049 
        6.47172         11.2413        0.822889 
        6.48744         11.1599        0.817771 
        6.50313         11.1057        0.812705 
        6.51882         11.0097        0.807684 
        6.53452         10.9473          0.8027 
        6.55025         10.8891         0.79775 
        6.56597         10.8053        0.792847 
        6.58166         10.7396        0.787992 
        6.59736         10.6534        0.783176 
        6.61307         10.5874        0.778395 
         6.6288         10.5332        0.773651 
         6.6445         10.4248        0.768952 
         6.6602         10.3872        0.764294 
        6.67592         10.3142         0.75967 
        6.69164         10.2411        0.755084 
        6.70735         10.1853        0.750538 
        6.72304         10.1143        0.746034 
        6.73874         10.0541        0.741566 
        6.75446         9.97305        0.737129 
        6.77016         9.92933        0.732735 
        6.78585         9.85595        0.728376 
        6.80156         9.79594        0.724051 
        6.81729           9.739        0.719754 
        6.83301         9.67854        0.715493 
         6.8487          9.6168        0.711276 
         6.8644         9.54825         0.70709 
        6.88012         9.47672        0.702934 
        6.89583         9.40104        0.698815 
        6.91151         9.36252        0.694734 
        6.92723         9.30623        0.690676 
        6.94296         9.25547        0.686648 
        6.95866         9.19433         0.68266 
        6.97436         9.13401        0.678704 
        6.99007         9.09366        0.674777 
        7.00578         9.02175        0.670881 
        7.02147          8.9777        0.667021 
        7.03718         8.91629        0.663186 
         7.0529         8.85439        0.659379 
        7.06863         8.80227        0.655599 
        7.08433         8.74821        0.651855 
        7.10004         8.69608        0.648141 
        7.11575         8.63738        0.644455 
        7.13145         8.59706        0.640798 
        7.14715         8.53397         0.63717 
        7.16284         8.47305        0.633575 
        7.17855         8.43151            0.63 
        7.19428         8.37056        0.626448 
        7.20998         8.31871        0.622932 
        7.22568         8.27502        0.619442 
        7.24139         8.21204        0.615978 
        7.25711         8.17426        0.612538 
        7.27282         8.11715        0.609125 
        7.28852         8.08266        0.605743 
        7.30423         8.02024        0.602381 
        7.31995         7.97794        0.599046 
        7.33565         7.93248        0.595738 
        7.35135         7.86857        0.592455 
        7.36706         7.82752        0.589197 
        7.38277         7.77553        0.585961 
        7.39847         7.73904        0.582751 
        7.41419         7.69989        0.579564 
         7.4299         7.63534        0.576401 
        7.44561         7.59103        0.573262 
        7.46132         7.55187        0.570146 
        7.47701         7.50794        0.567058 
        7.49272         7.45996        0.563988 
        7.50842         7.41021        0.560943 
         7.5241         7.37415        0.557924 
        7.53981         7.32727        0.554923 
        7.55552         7.28913        0.551942 
        7.57125         7.24377        0.548981 
        7.58698         7.20077        0.546041 
        7.60268         7.15534        0.543128 
         7.6184         7.11748        0.540234 
        7.63411         7.07159        0.537361 
        7.64981         7.03273        0.534511 
        7.66552          6.9877        0.531682 
        7.68123         6.94852        0.528871 
        7.69695         6.90354         0.52608 
        7.71264         6.87209        0.523313 
        7.72834         6.83499        0.520565 
        7.74407          6.7954        0.517833 
        7.75978          6.7534        0.515121 
        7.77546         6.70704        0.512435 
        7.79116         6.66729        0.509766 
         7.8069         6.64537        0.507109 
         7.8226          6.6007        0.504476 
        7.83828         6.55801        0.501866 
        7.85399         6.52298        0.499271 
        7.86972         6.48342        0.496689 
        7.88543         6.44598        0.494129 
        7.90111         6.40644        0.491593 
        7.91681         6.37577         0.48907 
        7.93255         6.33595         0.48656 
        7.94828         6.30773        0.484069 
        7.96397         6.26186        0.481599 
        7.97967         6.23084        0.479147 
        7.99538         6.20443        0.476711 
         8.0111          6.1719        0.474291 
         8.0268         6.13067        0.471889 
        8.04248         6.09582        0.469507 
         8.0582         6.06226        0.467136 
        8.07393         6.02239         0.46478 
        8.08963          5.9902        0.462444 
        8.10533         5.95079        0.460125 
        8.12104         5.92026         0.45782 
        8.13675           5.889         0.45553 
        8.15245         5.86124        0.453258 
        8.16815         5.82043        0.451002 
        8.18387         5.79337        0.448758 
        8.19959         5.76566        0.446529 
         8.2153         5.73024        0.444317 
        8.23101         5.69457         0.44212 
        8.24672         5.66379        0.439937 
        8.26241         5.63034        0.437773 
         8.2781         5.60567        0.435623 
        8.29381         5.57082        0.433484 
        8.30952         5.54018         0.43136 
        8.32524         5.52057        0.429249 
        8.34095           5.482        0.427153 
        8.35666         5.45587        0.425072 
        8.37237         5.42825        0.423004 
        8.38808         5.38951         0.42095 
        8.40379         5.36445         0.41891 
         8.4195         5.34168        0.416883 
         8.4352         5.30925        0.414871 
        8.45091         5.27615        0.412871 
        8.46662         5.25955        0.410884 
        8.48232         5.23129        0.408912 
        8.49802         5.19861        0.406952 
        8.51374         5.16489        0.405003 
        8.52945         5.14066        0.403068 
        8.54515         5.12223        0.401147 
        8.56086         5.09201        0.399236 
        8.57658         5.05888        0.397338 
        8.59228         5.03059        0.395454 
        8.60799         5.00271        0.393581 
        8.62371         4.98851         0.39172 
        8.63942         4.96059        0.389871 
        8.65512          4.9305        0.388035 
        8.67082         4.90993        0.386211 
        8.68653         4.87621        0.384398 
        8.70224         4.85487        0.382597 
        8.71795         4.83261        0.380807 
        8.73365         4.80369        0.379029 
        8.74936         4.78267        0.377262 
        8.76506         4.75715        0.375508 
        8.78076         4.73295        0.373764 
        8.79646         4.70586        0.372032 
        8.81218         4.68618        0.370309 
        8.82791         4.65978        0.368595 
         8.8436         4.63554        0.366896 
         8.8593          4.6113        0.365207 
        8.87503          4.5869        0.363525 
        8.89076         4.56936        0.361855 
        8.90644         4.54832          0.3602 
        8.92214         4.52278        0.358553 
        8.93786         4.50254        0.356914 
        8.95357         4.47691        0.355287 
        8.96928         4.44886         0.35367 
        8.98498         4.43272        0.352064 
        9.00069         4.41456        0.350467 
        9.01639         4.38077         0.34888 
        9.03208         4.36304        0.347305 
        9.04778         4.34494        0.345738 
        9.06351         4.31751        0.344179 
        9.07923         4.29661         0.34263 
        9.09493         4.27516        0.341092 
        9.11062         4.25705        0.339564 
        9.12635         4.23536        0.338043 
        9.14207         4.21371        0.336532 
        9.15777         4.19487        0.335031 
        9.17346          4.1742        0.333541 
        9.18917         4.14839        0.332058 
         9.2049         4.12981        0.330582 
        9.22061         4.11733        0.329117 
        9.23631         4.09091        0.327662 
        9.25201         4.07475        0.326216 
        9.26773         4.05964        0.324777 
        9.28343         4.03469        0.323347 
        9.29913         4.02189        0.321926 
        9.31484           3.996        0.320514 
        9.33057         3.97782        0.319108 
        9.34627         3.96347        0.317712 
        9.36197         3.94385        0.316326 
        9.37768         3.92453        0.314947 
        9.39338         3.90578        0.313576 
        9.40909         3.88718        0.312214 
        9.42479         3.87094         0.31086 
         9.4405         3.84944        0.309514 
        9.45621         3.83537        0.308175 
        9.47193         3.81499        0.306845 
        9.48763         3.80055        0.305523 
        9.50334         3.77741        0.304208 
        9.51906         3.76334        0.302901 
        9.53476         3.74379        0.301603 
        9.55045         3.72638        0.300312 
        9.56616         3.71554        0.299029 
        9.58188         3.69749        0.297751 
        9.59759         3.67658        0.296481 
         9.6133         3.65947        0.295219 
        9.62901         3.64611        0.293963 
        9.64471          3.6293        0.292715 
        9.66041         3.61553        0.291474 
        9.67612         3.59516        0.290239 
        9.69184         3.57774         0.28901 
        9.70754         3.56495         0.28779 
        9.72324         3.55172        0.286578 
        9.73895          3.5347        0.285373 
        9.75467         3.51987        0.284174 
        9.77038         3.49912        0.282984 
        9.78607         3.48485        0.281804 
        9.80177         3.47464         0.28063 
        9.81749         3.46057        0.279464 
         9.8332         3.44049        0.278306 
         9.8489         3.42761        0.277157 
        9.86463         3.41191        0.276012 
        9.88035         3.39992        0.274874 
        9.89606          3.3858        0.273743 
        9.91175         3.37095        0.272618 
        9.92745         3.35669        0.271496 
        9.94317         3.33986        0.270376 
        9.95888         3.32843        0.269259 
        9.97458         3.31433        0.268144 
        9.99029         3.29641         0.26703 
         10.006         3.28305        0.266342 
        10.0217         3.27333        0.266342 
        10.0374         3.25795        0.266342 
        10.0531         3.24206        0.266342 
        10.0688         3.22785        0.266342 
        10.0845         3.21559        0.266342 
        10.1002         3.20638        0.266342 
        10.1159         3.19053        0.266342 
        10.1317         3.18148        0.266342 
        10.1474         3.16681        0.266342 
        10.1631         3.15732        0.266342 
        10.1788         3.14255        0.266342 
        10.1945         3.12909        0.266342 
        10.2102         3.11435        0.266342 
        10.2259         3.10569        0.266342 
        10.2416          3.0924        0.266342 
        10.2573         3.08018        0.266342 
         10.273         3.06822        0.266342 
        10.2887         3.05566        0.266342 
        10.3044         3.04623        0.266342 
        10.3201         3.03676        0.266342 
        10.3359         3.02368        0.266342 
        10.3516         3.00999        0.266342 
        10.3673         3.00185        0.266342 
         10.383         2.98853        0.266342 
        10.3987         2.97574        0.266342 
        10.4144         2.96994        0.266342 
        10.4301         2.95608        0.266342 
        10.4458         2.94455        0.266342 
        10.4615         2.92902        0.266342 
        10.4772         2.91999        0.266342 
        10.4929         2.91353        0.266342 
        10.5086         2.90047        0.266342 
        10.5244          2.8901        0.266342 
        10.5401         2.87937        0.266342 
        10.5558         2.87029        0.266342 
        10.5715          2.8631        0.266342 
        10.5872         2.84994        0.266342 
        10.6029         2.84219        0.266342 
        10.6186         2.83108        0.266342 
        10.6343         2.82141        0.266342 
          10.65         2.80974        0.266342 
        10.6657         2.79988        0.266342 
        10.6814         2.78985        0.266342 
        10.6971         2.78392        0.266342 
        10.7129           2.776        0.266342 
        10.7286         2.76196        0.266342 
        10.7443         2.75453        0.266342 
          10.76         2.74407        0.266342 
        10.7757         2.73728        0.266342 
        10.7914         2.72551        0.266342 
        10.8071         2.71776        0.266342 
        10.8228         2.70942        0.266342 
        10.8385         2.70291        0.266342 
        10.8542           2.692        0.266342 
        10.8699         2.68789        0.266342 
        10.8856         2.67691        0.266342 
        10.9014         2.66669        0.266342 
        10.9171         2.66118        0.266342 
        10.9328          2.6543        0.266342 
        10.9485         2.64265        0.266342 
        10.9642         2.63545        0.266342 
        10.9799          2.6278        0.266342 
        10.9956         2.62087        0.266342 
        11.0113         2.61383        0.266342 
         11.027         2.60526        0.266342 
        11.0427         2.59744        0.266342 
        11.0584         2.59138        0.266342 
        11.0741         2.58347        0.266342 
        11.0898         2.57595        0.266342 
        11.1055         2.57277        0.266342 
        11.1212          2.5624        0.266342 
         11.137          2.5541        0.266342 
        11.1527         2.55045        0.266342 
        11.1684         2.54281        0.266342 
        11.1841         2.53687        0.266342 
        11.1998         2.52779        0.266342 
        11.2155         2.52028        0.266342 
        11.2312         2.51753        0.266342 
        11.2469         2.51073        0.266342 
        11.2626           2.505        0.266342 
        11.2783         2.49813        0.266342 
         11.294          2.4927        0.266342 
        11.3097         2.48521        0.266342 
        11.3254          2.4793        0.266342 
        11.3412         2.47661        0.266342 
        11.3569         2.46786        0.266342 
        11.3726         2.46216        0.266342 
        11.3883         2.45972        0.266342 
         11.404         2.45475        0.266342 
        11.4197         2.44931        0.266342 
        11.4354         2.44218        0.266342 
        11.4511         2.43721        0.266342 
        11.4668         2.43166        0.266342 
        11.4825           2.429        0.266342 
        11.4982         2.42101        0.266342 
         11.514         2.41622        0.266342 
        11.5297         2.41399        0.266342 
        11.5454         2.40632        0.266342 
        11.5611          2.4005        0.266342 
        11.5768         2.40122        0.266342 
        11.5925         2.39652        0.266342 
        11.6082         2.39097        0.266342 
        11.6239         2.38579        0.266342 
        11.6396         2.38161        0.266342 
        11.6553         2.37736        0.266342 
         11.671         2.37714        0.266342 
        11.6867         2.37186        0.266342 
        11.7024         2.36523        0.266342 
        11.7182         2.36342        0.266342 
        11.7339         2.36036        0.266342 
        11.7496         2.35498        0.266342 
        11.7653         2.35676        0.266342 
         11.781          2.3524        0.266342 
        11.7967         2.34767        0.266342 
        11.8124         2.34475        0.266342 
        11.8281         2.34268        0.266342 
        11.8438          2.3398        0.266342 
        11.8595         2.33633        0.266342 
        11.8752         2.33385        0.266342 
         11.891         2.33237        0.266342 
        11.9067          2.3283        0.266342 
        11.9224          2.3268        0.266342 
        11.9381         2.32359        0.266342 
        11.9538         2.32373        0.266342 
        11.9695         2.32159        0.266342 
        11.9852         2.31927        0.266342 
        12.0009         2.31839        0.266342 
        12.0166         2.31602        0.266342 
        12.0323         2.31326        0.266342 
         12.048         2.31263        0.266342 
        12.0637         2.31089        0.266342 
