# k  (h/Mpc)    Pcb(k)  (Mpc/h)^3    Pcb_linear(k) (Mpc/h)^3   ShotnoiseSubtracted = true
      0.0200456         6283.18         6382.87 
      0.0350414         4892.78         5004.82 
      0.0492313         3932.86         3965.36 
      0.0637834          3272.2         3224.47 
      0.0800726         2488.47         2435.78 
       0.096163         1875.59         1915.89 
       0.111083         1564.37          1621.8 
       0.126058          1364.8         1348.18 
       0.142273         1138.32         1097.06 
       0.158546         985.322          934.57 
        0.17375          817.28         813.107 
       0.188953         751.934         699.025 
       0.204907         695.202         605.106 
       0.220756         598.856         534.817 
        0.23588         529.887         475.034 
         0.2514         462.437         420.918 
       0.267535         437.632         375.387 
       0.283568         399.578         337.318 
       0.299022         370.625         304.607 
       0.314451         340.407         276.175 
       0.330372         314.843          251.11 
       0.346141         285.005         229.234 
       0.361624         271.115         210.098 
       0.377134         254.978         193.173 
       0.392932         234.929         177.923 
       0.408854         225.348         164.172 
       0.424564         216.409         151.992 
       0.440253         203.956          141.09 
       0.455999         192.503         131.233 
       0.471626         177.418         122.367 
        0.48727         173.154          114.31 
       0.502856         165.835         107.009 
       0.518488         161.796         100.327 
       0.534347         154.138         94.1283 
       0.550082         143.126         88.4965 
       0.565732         138.434         83.3536 
       0.581496         132.634          78.587 
       0.597222         128.594         74.2033 
       0.612804         122.542          70.191 
       0.628434         119.821         66.4657 
       0.644267         115.769         62.9686 
       0.660051         113.106         59.7336 
       0.675724         109.512         56.7469 
       0.691403          106.22          53.964 
       0.707174         102.294         51.3538 
       0.722871          100.33         48.9279 
        0.73838         98.2521         46.6855 
       0.754018         93.6245         44.5674 
       0.769845         91.8619          42.558 
        0.78569         89.6686          40.671 
       0.801365         86.8174         38.9171 
       0.817031         84.0126         37.2681 
       0.832809         82.9857         35.7044 
       0.848511         79.7759         34.2377 
       0.864097         77.5998         32.8636 
       0.879701         76.8488         31.5639 
       0.895507          75.308         30.3193 
       0.911279         73.9706         29.1447 
        0.92691         71.8708         28.0423 
       0.942635         69.8001         26.9911 
       0.958396         69.4656         25.9917 
       0.974128         67.6803          25.045 
       0.989692         66.1364          24.155 
        1.00528         64.9872         23.3072 
        1.02113          63.309          22.487 
        1.03692          61.952         21.7094 
        1.05264         61.3466         20.9724 
        1.06832         59.9821          20.271 
        1.08405         59.1952         19.5999 
        1.09979         58.3137         18.9589 
        1.11537         56.1756         18.3531 
        1.13105         56.4955         17.7703 
        1.14679          55.394         17.2106 
        1.16256         54.2885          16.674 
        1.17828         52.9587         16.1622 
        1.19395         52.4293         15.6737 
         1.2097         51.4453          15.203 
        1.22537         51.1491         14.7539 
          1.241         49.8422         14.3244 
        1.25666         48.8487          13.911 
        1.27241         48.5552          13.512 
        1.28819         47.3053          13.128 
        1.30392         46.5882         12.7602 
        1.31957         46.3312         12.4081 
        1.33529         45.7525         12.0681 
        1.35108         45.1012         11.7395 
        1.36674         44.3121         11.4255 
         1.3824         43.3314         11.1233 
        1.39811         43.1229         10.8311 
        1.41389         42.4349         10.5483 
        1.42964         41.7703         10.2761 
        1.44531         41.3275         10.0149 
        1.46101         40.3083         9.76218 
        1.47667         40.2557         9.51899 
        1.49229         39.8665         9.28477 
        1.50793         39.0274         9.05819 
        1.52367         38.6507         8.83773 
        1.53953         38.3092         8.62315 
        1.55526         37.6193         8.41743 
        1.57092         37.2572         8.21928 
        1.58662         36.7523         8.02707 
        1.60235         36.3674         7.84064 
        1.61809         35.7657         7.66006 
        1.63369         35.2653         7.48678 
        1.64941         34.7273         7.31763 
        1.66519         34.4244         7.15312 
        1.68085         34.0734         6.99484 
        1.69652         33.6415         6.84132 
        1.71228         33.3961         6.69155 
        1.72806         32.8181         6.54615 
        1.74368         32.4106         6.40654 
        1.75933         32.0293         6.27073 
        1.77505         31.8151         6.13823 
        1.79081          31.259         6.00933 
         1.8065         30.9768          5.8847 
        1.82218         30.6499         5.76371 
        1.83797         30.2594         5.64531 
        1.85367         29.8721         5.53089 
        1.86928         29.5929         5.42034 
        1.88497         29.1266         5.31221 
        1.90073         29.0933         5.20663 
        1.91647         28.5849         5.10403 
        1.93218         28.3107         5.00441 
        1.94787         28.0635          4.9076 
        1.96363         27.8116         4.81298 
        1.97935         27.4753         4.72105 
        1.99499          27.122         4.63204 
        2.01064         26.8935          4.5452 
         2.0264          26.456         4.46005 
        2.04216         26.1916         4.37712 
        2.05781         25.9814         4.29683 
        2.07353         25.7113         4.21827 
        2.08928          25.614          4.1415 
        2.10499         25.2748         4.06685 
        2.12065         24.8475         3.99427 
        2.13633         24.7105         3.92341 
        2.15211         24.2775          3.8538 
        2.16785         24.1353         3.78608 
        2.18349         23.9976         3.72042 
        2.19916         23.6688         3.65617 
        2.21489         23.3714         3.59324 
        2.23063         23.2372         3.53174 
         2.2463         23.0386         3.47196 
        2.26194         22.8085         3.41372 
        2.27765         22.4963         3.35651 
        2.29341         22.2218         3.30047 
        2.30914         22.1135         3.24582 
        2.32486         21.9053         3.19245 
        2.34061         21.6296         3.14018 
        2.35635         21.3409         3.08914 
        2.37203         21.2285         3.03941 
        2.38768         21.0266         2.99087 
        2.40339         20.8542         2.94322 
        2.41914         20.6196          2.8965 
        2.43483         20.3561         2.85096 
         2.4505         20.1628         2.80648 
        2.46622         19.9541         2.76279 
        2.48195         19.7575         2.72003 
        2.49759         19.5837         2.67841 
        2.51328         19.3937         2.63755 
        2.52906         19.2553         2.59728 
        2.54479          19.016         2.55801 
        2.56049         18.8118         2.51962 
        2.57618         18.6841         2.48206 
        2.59189         18.5294          2.4452 
        2.60758         18.3629         2.40915 
        2.62325         18.1838         2.37388 
        2.63898         18.0214         2.33918 
        2.65468         17.8979         2.30526 
        2.67044          17.656         2.27186 
        2.68618         17.5358          2.2392 
        2.70184         17.3914         2.20732 
        2.71755         17.1537         2.17597 
        2.73329         17.0368         2.14519 
        2.74897         16.8077          2.1151 
        2.76462         16.8612         2.08566 
        2.78034         16.6142         2.05666 
        2.79607         16.4372         2.02817 
        2.81179         16.3264         2.00026 
        2.82749          16.189         1.97291 
        2.84321         16.0248         1.94604 
        2.85893         15.8757         1.91967 
        2.87462         15.6957         1.89384 
        2.89033         15.5592         1.86847 
        2.90605         15.4469         1.84353 
        2.92176         15.2657         1.81907 
        2.93747         15.1575         1.79506 
        2.95318         15.0125         1.77147 
        2.96891         14.8478         1.74831 
        2.98456         14.7589         1.72565 
        3.00023         14.6627         1.70337 
        3.01596         14.5019         1.68141 
        3.03164         14.3885          1.6599 
        3.04738         14.2153         1.63871 
         3.0631          14.118         1.61789 
        3.07883          13.967         1.59743 
        3.09456         13.8525         1.57733 
        3.11026          13.718         1.55761 
        3.12596         13.6123         1.53823 
        3.14163         13.5227         1.51922 
        3.15734         13.3638         1.50049 
        3.17308         13.2633         1.48203 
        3.18879         13.1646         1.46393 
        3.20447         13.0288         1.44615 
         3.2202         12.9082         1.42862 
         3.2359         12.8361         1.41141 
        3.25157         12.7289         1.39453 
        3.26729         12.5567         1.37787 
        3.28304         12.4862         1.36145 
        3.29877         12.3703         1.34532 
        3.31446         12.2662         1.32948 
        3.33014         12.1368         1.31392 
        3.34585          12.066         1.29858 
        3.36158         11.9717         1.28346 
        3.37727         11.8687         1.26863 
        3.39294         11.7755         1.25405 
        3.40867         11.6121         1.23964 
        3.42439         11.5653         1.22547 
        3.44008         11.4682         1.21155 
        3.45578         11.3921         1.19783 
        3.47153         11.2919          1.1843 
        3.48724          11.197           1.171 
        3.50292         11.0587         1.15793 
        3.51859         11.0186         1.14507 
        3.53431         10.9159         1.13236 
        3.55007         10.8427         1.11982 
        3.56577          10.745         1.10752 
        3.58146         10.6612          1.0954 
        3.59719         10.5334         1.08344 
        3.61292         10.4792         1.07166 
        3.62859         10.3464         1.06011 
        3.64429         10.2924          1.0487 
        3.66003         10.2159         1.03742 
        3.67578         10.1045         1.02631 
        3.69146         10.0528         1.01541 
        3.70712          9.9595         1.00469 
        3.72284         9.87105        0.994076 
        3.73853         9.80744        0.983638 
        3.75422         9.73979        0.973346 
        3.76993         9.64243        0.963193 
        3.78564         9.54351        0.953189 
        3.80137         9.50157         0.94331 
        3.81707         9.39509        0.933592 
        3.83279         9.33461        0.924003 
        3.84853           9.255        0.914534 
        3.86424         9.16975        0.905215 
        3.87992         9.09523         0.89604 
        3.89561         9.04839        0.886992 
        3.91134         8.99107         0.87805 
        3.92704         8.89885        0.869242 
        3.94273         8.83912        0.860563 
        3.95845          8.7661        0.851987 
        3.97418         8.66926        0.843526 
        3.98988         8.62498        0.835192 
        4.00554         8.53351        0.826992 
        4.02125         8.48417        0.818879 
        4.03698          8.4203        0.810863 
        4.05268         8.36152        0.802972 
        4.06839         8.27101         0.79518 
         4.0841         8.22581        0.787494 
        4.09983         8.16287        0.779898 
        4.11555         8.09812        0.772406 
        4.13124         8.02475        0.765033 
        4.14693         7.95051         0.75775 
        4.16266         7.90715        0.750545 
        4.17839         7.83946        0.743437 
        4.19408         7.78091        0.736438 
        4.20977         7.71657        0.729526 
        4.22551          7.6564        0.722686 
        4.24123         7.59917        0.715941 
        4.25691         7.53427          0.7093 
        4.27259         7.47682        0.702741 
        4.28831         7.42155        0.696252 
        4.30404         7.36063        0.689839 
        4.31974         7.29686        0.683521 
        4.33543          7.2348        0.677285 
        4.35116         7.19618        0.671112 
        4.36688         7.14534        0.665018 
        4.38255         7.07833        0.659023 
        4.39825         7.00917        0.653088 
        4.41398         6.98237        0.647215 
         4.4297         6.92647         0.64142 
        4.44541         6.86286        0.635697 
        4.46111         6.82629        0.630048 
        4.47683         6.75619        0.624464 
        4.49251         6.73317        0.618959 
        4.50819         6.67314        0.613522 
         4.5239         6.61712        0.608142 
        4.53962         6.57302         0.60282 
        4.55535         6.52049        0.597559 
        4.57106         6.46115        0.592368 
        4.58678         6.41192        0.587238 
         4.6025         6.37768        0.582167 
        4.61821         6.31355        0.577157 
        4.63391          6.2707        0.572213 
         4.6496          6.2179        0.567328 
        4.66532         6.19492        0.562493 
        4.68103         6.11352        0.557716 
        4.69673         6.08977        0.552999 
        4.71241          6.0468        0.548342 
        4.72811          5.9852         0.54373 
        4.74384         5.95386        0.539166 
        4.75955         5.89481        0.534661 
        4.77525         5.87356         0.53021 
        4.79096         5.82749        0.525804 
        4.80669         5.78604        0.521446 
         4.8224         5.75196        0.517142 
        4.83809         5.68952        0.512892 
        4.85379          5.6448        0.508686 
         4.8695         5.61731        0.504525 
        4.88521         5.57216        0.500411 
        4.90093         5.52689        0.496343 
        4.91663         5.49429        0.492324 
        4.93234          5.4582        0.488345 
        4.94807          5.4127        0.484407 
        4.96377         5.37511         0.48052 
        4.97943         5.33506        0.476684 
        4.99514         5.29924        0.472879 
        5.01086         5.25222        0.469114 
        5.02654         5.23177        0.465399 
        5.04227         5.18277        0.461713 
          5.058         5.14913        0.458066 
        5.07371         5.11421        0.454465 
        5.08942         5.08275        0.450902 
        5.10513         5.05178        0.447377 
        5.12084         5.02575        0.443888 
        5.13656         4.98381        0.440437 
        5.15225         4.94589        0.437028 
        5.16796         4.91627         0.43365 
        5.18369         4.87169        0.430304 
         5.1994         4.84579           0.427 
        5.21509         4.80805        0.423734 
        5.23079         4.77855        0.420497 
        5.24649         4.74629        0.417298 
        5.26217         4.70962        0.414133 
        5.27788         4.67752        0.410997 
        5.29359         4.64557        0.407893 
        5.30933         4.61774        0.404817 
        5.32504         4.59055        0.401777 
        5.34073         4.54352        0.398772 
        5.35646         4.51676        0.395791 
        5.37218         4.48467        0.392841 
        5.38789         4.46082        0.389925 
        5.40357          4.4162        0.387042 
        5.41929         4.40292        0.384182 
        5.43502         4.38178         0.38135 
         5.4507         4.33536        0.378554 
        5.46639         4.30642        0.375785 
        5.48212         4.27843        0.373038 
        5.49786         4.24864        0.370315 
        5.51353         4.22255        0.367632 
        5.52921         4.19224        0.364974 
        5.54495          4.1616        0.362333 
        5.56066         4.14062        0.359722 
        5.57637         4.11892        0.357137 
        5.59207         4.09021        0.354579 
        5.60778         4.06075        0.352046 
        5.62346         4.02801        0.349541 
        5.63916         4.00552        0.347058 
        5.65487         3.97476        0.344597 
         5.6706         3.94824        0.342158 
        5.68633         3.93263        0.339741 
        5.70203         3.90411        0.337353 
        5.71773         3.88339        0.334988 
        5.73344         3.85935        0.332644 
        5.74916         3.82958        0.330321 
        5.76486         3.80487        0.328023 
        5.78054         3.77683         0.32575 
        5.79626         3.75709        0.323493 
          5.812         3.73316        0.321255 
         5.8277          3.7143        0.319044 
        5.84339         3.68757        0.316854 
        5.85911         3.66759        0.314681 
        5.87484          3.6436        0.312528 
        5.89053         3.62373          0.3104 
        5.90623         3.59405         0.30829 
        5.92195         3.57328        0.306197 
        5.93767         3.55635        0.304124 
        5.95336         3.53093        0.302073 
        5.96905         3.50268        0.300042 
        5.98476          3.4881        0.298028 
        6.00048         3.46643         0.29603 
        6.01617         3.44508        0.294054 
        6.03185         3.41928        0.292099 
        6.04756         3.40711        0.290156 
        6.06331           3.379        0.288227 
        6.07903         3.36065        0.286319 
        6.09473         3.34181        0.284431 
        6.11044         3.31811        0.282558 
        6.12616         3.30335        0.280702 
        6.14186          3.2793        0.278864 
        6.15755         3.26372        0.277043 
        6.17326         3.24371        0.275237 
        6.18898         3.21945        0.273446 
        6.20467         3.20302        0.271675 
        6.22036         3.18481        0.269919 
         6.2361         3.16278        0.268174 
         6.2518         3.14704        0.266447 
        6.26748         3.12775        0.264739 
        6.28319         3.10936        0.263041 
        6.29893         3.08527        0.261357 
        6.31463         3.07493        0.259691 
        6.33033         3.05079        0.258039 
        6.34604         3.03209        0.256401 
        6.36177         3.01475        0.254775 
        6.37747         3.00306        0.253166 
        6.39316         2.98097        0.251572 
        6.40888         2.96528        0.249989 
         6.4246          2.9464         0.24842 
        6.44031         2.92956        0.246864 
        6.45601         2.91223        0.245324 
        6.47172         2.89708        0.243795 
        6.48744         2.87952        0.242279 
        6.50313         2.86438        0.240778 
        6.51882         2.85434        0.239291 
        6.53452         2.83224        0.237814 
        6.55025         2.81855        0.236347 
        6.56597         2.80477        0.234895 
        6.58166         2.78751        0.233457 
        6.59736         2.76932         0.23203 
        6.61307         2.75242        0.230613 
         6.6288         2.74177        0.229208 
         6.6445         2.72249        0.227816 
         6.6602         2.70598        0.226436 
        6.67592         2.69597        0.225066 
        6.69164         2.68094        0.223707 
        6.70735         2.66103         0.22236 
        6.72304         2.64858        0.221026 
        6.73874         2.64044        0.219702 
        6.75446         2.62353        0.218388 
        6.77016         2.60638        0.217086 
        6.78585         2.59356        0.215794 
        6.80156          2.5794        0.214513 
        6.81729         2.57124         0.21324 
        6.83301         2.55741        0.211978 
         6.8487         2.53769        0.210728 
         6.8644         2.52677        0.209488 
        6.88012         2.51215        0.208257 
        6.89583         2.49921        0.207036 
        6.91151         2.48673        0.205827 
        6.92723         2.47425        0.204625 
        6.94296         2.45953        0.203432 
        6.95866         2.45116         0.20225 
        6.97436         2.43513        0.201078 
        6.99007         2.42483        0.199915 
        7.00578         2.40668        0.198761 
        7.02147         2.39869        0.197617 
        7.03718          2.3834        0.196481 
         7.0529         2.37505        0.195353 
        7.06863         2.36076        0.194233 
        7.08433         2.34524        0.193124 
        7.10004         2.34043        0.192023 
        7.11575         2.32525        0.190931 
        7.13145          2.3072        0.189848 
        7.14715         2.29909        0.188773 
        7.16284         2.28611        0.187708 
        7.17855         2.27739        0.186649 
        7.19428         2.26526        0.185596 
        7.20998         2.25273        0.184555 
        7.22568         2.24268        0.183521 
        7.24139         2.23167        0.182494 
        7.25711         2.21991        0.181475 
        7.27282          2.2118        0.180464 
        7.28852         2.19707        0.179462 
        7.30423          2.1867        0.178466 
        7.31995         2.17449        0.177478 
        7.33565         2.16901        0.176498 
        7.35135          2.1549        0.175525 
        7.36706         2.14575         0.17456 
        7.38277         2.13413        0.173601 
        7.39847          2.1243         0.17265 
        7.41419          2.1162        0.171706 
         7.4299         2.10497        0.170769 
        7.44561         2.09476        0.169839 
        7.46132         2.08434        0.168916 
        7.47701         2.07036        0.168001 
        7.49272         2.06275        0.167091 
        7.50842         2.05533        0.166189 
         7.5241         2.04496        0.165295 
        7.53981         2.03521        0.164406 
        7.55552         2.02624        0.163523 
        7.57125         2.01686        0.162645 
        7.58698         2.00589        0.161774 
        7.60268         1.99539        0.160911 
         7.6184         1.98869        0.160054 
        7.63411         1.97618        0.159203 
        7.64981         1.97339        0.158358 
        7.66552          1.9623         0.15752 
        7.68123         1.95381        0.156687 
        7.69695         1.94477         0.15586 
        7.71264         1.93451        0.155041 
        7.72834         1.92903        0.154227 
        7.74407         1.91553        0.153417 
        7.75978         1.91058        0.152614 
        7.77546         1.90127        0.151818 
        7.79116         1.89166        0.151027 
         7.8069         1.88391         0.15024 
         7.8226         1.87466         0.14946 
        7.83828         1.86724        0.148687 
        7.85399         1.85826        0.147918 
        7.86972          1.8493        0.147153 
        7.88543         1.84292        0.146395 
        7.90111          1.8333        0.145643 
        7.91681         1.82681        0.144896 
        7.93255         1.82028        0.144152 
        7.94828         1.81034        0.143414 
        7.96397         1.80293        0.142682 
        7.97967         1.79427        0.141956 
        7.99538          1.7884        0.141234 
         8.0111         1.77984        0.140517 
         8.0268         1.77235        0.139805 
        8.04248         1.76439          0.1391 
         8.0582         1.75669        0.138397 
        8.07393         1.75258        0.137699 
        8.08963         1.74562        0.137007 
        8.10533         1.73762         0.13632 
        8.12104         1.72947        0.135637 
        8.13675         1.72475        0.134959 
        8.15245         1.71421        0.134286 
        8.16815         1.70559        0.133617 
        8.18387          1.7024        0.132953 
        8.19959          1.6902        0.132292 
         8.2153         1.68747        0.131637 
        8.23101         1.68159        0.130986 
        8.24672         1.67319        0.130339 
        8.26241         1.66756        0.129698 
         8.2781         1.66128        0.129061 
        8.29381         1.65277        0.128427 
        8.30952         1.64472        0.127798 
        8.32524         1.64047        0.127173 
        8.34095         1.63365        0.126552 
        8.35666         1.62827        0.125935 
        8.37237         1.62116        0.125322 
        8.38808          1.6144        0.124714 
        8.40379         1.60863        0.124109 
         8.4195         1.60203        0.123509 
         8.4352         1.59732        0.122913 
        8.45091         1.58946         0.12232 
        8.46662         1.58253        0.121732 
        8.48232         1.57794        0.121147 
        8.49802         1.57159        0.120567 
        8.51374         1.56703        0.119989 
        8.52945         1.56055        0.119416 
        8.54515         1.55479        0.118847 
        8.56086         1.54811        0.118281 
        8.57658         1.54179        0.117719 
        8.59228         1.53806         0.11716 
        8.60799          1.5292        0.116605 
        8.62371         1.52587        0.116054 
        8.63942         1.51967        0.115506 
        8.65512         1.51596        0.114962 
        8.67082         1.50931        0.114422 
        8.68653         1.50253        0.113885 
        8.70224          1.4968        0.113351 
        8.71795         1.49155        0.112821 
        8.73365         1.48782        0.112294 
        8.74936         1.48237        0.111771 
        8.76506         1.47639        0.111251 
        8.78076         1.47287        0.110734 
        8.79646         1.46602        0.110221 
        8.81218         1.46161        0.109711 
        8.82791         1.45672        0.109203 
         8.8436          1.4514        0.108699 
         8.8593         1.44636        0.108199 
        8.87503         1.44185        0.107701 
        8.89076         1.43735        0.107206 
        8.90644         1.43149        0.106715 
        8.92214           1.427        0.106228 
        8.93786         1.42174        0.105742 
        8.95357          1.4181         0.10526 
        8.96928         1.41118        0.104781 
        8.98498         1.40854        0.104305 
        9.00069         1.40303        0.103832 
        9.01639         1.39813        0.103362 
        9.03208          1.3929        0.102895 
        9.04778         1.38905        0.102431 
        9.06351         1.38426        0.101969 
        9.07923         1.38054         0.10151 
        9.09493         1.37567        0.101055 
        9.11062         1.37265        0.100602 
        9.12635         1.36708        0.100151 
        9.14207         1.36242       0.0997035 
        9.15777         1.35921        0.099259 
        9.17346          1.3571       0.0988175 
        9.18917          1.3492        0.098378 
         9.2049         1.34556       0.0979409 
        9.22061         1.34144       0.0975068 
        9.23631         1.33732       0.0970756 
        9.25201         1.33312       0.0966471 
        9.26773         1.32768       0.0962208 
        9.28343         1.32655       0.0957973 
        9.29913         1.32056       0.0953764 
        9.31484         1.31805        0.094958 
        9.33057         1.31254       0.0945414 
        9.34627         1.31083       0.0941279 
        9.36197         1.30372       0.0937173 
        9.37768         1.30447       0.0933085 
        9.39338         1.29721       0.0929025 
        9.40909         1.29379        0.092499 
        9.42479         1.28976       0.0920978 
         9.4405         1.28614        0.091699 
        9.45621         1.28496       0.0913024 
        9.47193         1.27955       0.0909082 
        9.48763          1.2745       0.0905166 
        9.50334         1.27135       0.0901271 
        9.51906         1.26879       0.0897398 
        9.53476         1.26463       0.0893552 
        9.55045         1.26222       0.0889729 
        9.56616         1.25754       0.0885925 
        9.58188         1.25519       0.0882139 
        9.59759         1.25004       0.0878378 
         9.6133         1.24599       0.0874638 
        9.62901         1.24296       0.0870918 
        9.64471         1.24034        0.086722 
        9.66041         1.23708       0.0863544 
        9.67612          1.2322       0.0859884 
        9.69184         1.23099       0.0856244 
        9.70754         1.22781        0.085263 
        9.72324         1.22363       0.0849038 
        9.73895         1.22012       0.0845467 
        9.75467         1.21915       0.0841917 
        9.77038         1.21463       0.0838392 
        9.78607          1.2114       0.0834893 
        9.80177         1.20918       0.0831417 
        9.81749         1.20635       0.0827961 
         9.8332         1.20312       0.0824531 
         9.8489         1.20187       0.0821126 
        9.86463         1.19773       0.0817736 
        9.88035         1.19548       0.0814364 
        9.89606          1.1917       0.0811013 
        9.91175         1.18901       0.0807678 
        9.92745         1.18559       0.0804354 
        9.94317         1.18338       0.0801036 
        9.95888         1.18115       0.0797727 
        9.97458         1.17734       0.0794425 
        9.99029         1.17494       0.0791124 
         10.006         1.17205       0.0789086 
        10.0217         1.16897       0.0789086 
        10.0374         1.16689       0.0789086 
        10.0531         1.16368       0.0789086 
        10.0688           1.161       0.0789086 
        10.0845         1.15822       0.0789086 
        10.1002         1.15614       0.0789086 
        10.1159         1.15342       0.0789086 
        10.1317         1.15122       0.0789086 
        10.1474         1.14793       0.0789086 
        10.1631          1.1457       0.0789086 
        10.1788         1.14304       0.0789086 
        10.1945         1.14101       0.0789086 
        10.2102          1.1381       0.0789086 
        10.2259         1.13587       0.0789086 
        10.2416         1.13532       0.0789086 
        10.2573         1.13353       0.0789086 
         10.273         1.12933       0.0789086 
        10.2887         1.12778       0.0789086 
        10.3044         1.12559       0.0789086 
        10.3201         1.12301       0.0789086 
        10.3359         1.12215       0.0789086 
        10.3516         1.11921       0.0789086 
        10.3673         1.11724       0.0789086 
         10.383         1.11345       0.0789086 
        10.3987         1.11331       0.0789086 
        10.4144         1.11065       0.0789086 
        10.4301         1.10885       0.0789086 
        10.4458         1.10654       0.0789086 
        10.4615         1.10537       0.0789086 
        10.4772         1.10374       0.0789086 
        10.4929         1.10181       0.0789086 
        10.5086         1.09932       0.0789086 
        10.5244         1.09677       0.0789086 
        10.5401          1.0958       0.0789086 
        10.5558         1.09404       0.0789086 
        10.5715         1.09169       0.0789086 
        10.5872         1.09046       0.0789086 
        10.6029         1.08832       0.0789086 
        10.6186         1.08706       0.0789086 
        10.6343         1.08523       0.0789086 
          10.65          1.0832       0.0789086 
        10.6657         1.08285       0.0789086 
        10.6814         1.08058       0.0789086 
        10.6971         1.07911       0.0789086 
        10.7129         1.07774       0.0789086 
        10.7286         1.07605       0.0789086 
        10.7443          1.0754       0.0789086 
          10.76         1.07249       0.0789086 
        10.7757         1.07273       0.0789086 
        10.7914          1.0693       0.0789086 
        10.8071         1.06826       0.0789086 
        10.8228         1.06816       0.0789086 
        10.8385         1.06693       0.0789086 
        10.8542          1.0643       0.0789086 
        10.8699         1.06264       0.0789086 
        10.8856         1.06237       0.0789086 
        10.9014         1.06076       0.0789086 
        10.9171         1.05933       0.0789086 
        10.9328         1.05864       0.0789086 
        10.9485         1.05737       0.0789086 
        10.9642         1.05638       0.0789086 
        10.9799          1.0549       0.0789086 
        10.9956         1.05457       0.0789086 
        11.0113         1.05284       0.0789086 
         11.027         1.05223       0.0789086 
        11.0427         1.05189       0.0789086 
        11.0584         1.05048       0.0789086 
        11.0741         1.04991       0.0789086 
        11.0898          1.0488       0.0789086 
        11.1055         1.04691       0.0789086 
        11.1212         1.04586       0.0789086 
         11.137         1.04597       0.0789086 
        11.1527         1.04493       0.0789086 
        11.1684         1.04404       0.0789086 
        11.1841         1.04273       0.0789086 
        11.1998         1.04269       0.0789086 
        11.2155         1.04109       0.0789086 
        11.2312         1.04176       0.0789086 
        11.2469         1.04031       0.0789086 
        11.2626         1.04029       0.0789086 
        11.2783         1.04057       0.0789086 
         11.294         1.03839       0.0789086 
        11.3097         1.03851       0.0789086 
        11.3254         1.03779       0.0789086 
        11.3412         1.03768       0.0789086 
        11.3569         1.03718       0.0789086 
        11.3726         1.03709       0.0789086 
        11.3883         1.03695       0.0789086 
         11.404         1.03572       0.0789086 
        11.4197         1.03578       0.0789086 
        11.4354          1.0348       0.0789086 
        11.4511         1.03457       0.0789086 
        11.4668         1.03502       0.0789086 
        11.4825         1.03594       0.0789086 
        11.4982         1.03417       0.0789086 
         11.514         1.03507       0.0789086 
        11.5297         1.03434       0.0789086 
        11.5454         1.03344       0.0789086 
        11.5611         1.03303       0.0789086 
        11.5768         1.03381       0.0789086 
        11.5925         1.03305       0.0789086 
        11.6082         1.03424       0.0789086 
        11.6239         1.03264       0.0789086 
        11.6396         1.03386       0.0789086 
        11.6553         1.03308       0.0789086 
         11.671         1.03376       0.0789086 
        11.6867          1.0333       0.0789086 
        11.7024         1.03306       0.0789086 
        11.7182         1.03446       0.0789086 
        11.7339         1.03369       0.0789086 
        11.7496         1.03603       0.0789086 
        11.7653         1.03493       0.0789086 
         11.781         1.03677       0.0789086 
        11.7967         1.03506       0.0789086 
        11.8124         1.03617       0.0789086 
        11.8281         1.03601       0.0789086 
        11.8438         1.03743       0.0789086 
        11.8595         1.03681       0.0789086 
        11.8752         1.03858       0.0789086 
         11.891         1.03965       0.0789086 
        11.9067         1.03951       0.0789086 
        11.9224         1.04024       0.0789086 
        11.9381         1.04047       0.0789086 
        11.9538         1.04155       0.0789086 
        11.9695         1.04178       0.0789086 
        11.9852         1.04296       0.0789086 
        12.0009         1.04333       0.0789086 
        12.0166         1.04481       0.0789086 
        12.0323         1.04583       0.0789086 
         12.048         1.04644       0.0789086 
        12.0637         1.04788       0.0789086 
