# k  (h/Mpc)    Pcb(k)  (Mpc/h)^3    Pcb_linear(k) (Mpc/h)^3   ShotnoiseSubtracted = true
      0.0200456         26807.6         27513.4 
      0.0350414         20347.3         21573.3 
      0.0492313         16446.3         17092.7 
      0.0637834         14046.9         13899.1 
      0.0800726           10667         10499.4 
       0.096163         7805.64         8258.46 
       0.111083         6577.19         6990.77 
       0.126058         5837.85         5811.32 
       0.142273         4956.36         4728.89 
       0.158546         4608.93         4028.46 
        0.17375         3757.17          3504.9 
       0.188953         3642.32         3013.14 
       0.204907         3412.02         2608.31 
       0.220756         3009.55         2305.33 
        0.23588         2724.76         2047.63 
         0.2514         2399.25         1814.37 
       0.267535         2410.44          1618.1 
       0.283568         2187.29         1454.01 
       0.299022         2090.31         1313.01 
       0.314451         1988.36         1190.45 
       0.330372            1814         1082.41 
       0.346141         1803.95         988.115 
       0.361624         1730.19         905.626 
       0.377134         1623.31         832.674 
       0.392932         1554.79         766.935 
       0.408854         1525.41         707.662 
       0.424564         1406.58         655.161 
       0.440253         1377.17         608.168 
       0.455999         1365.15         565.679 
       0.471626         1306.28         527.464 
        0.48727          1262.4         492.734 
       0.502856         1205.98         461.262 
       0.518488         1217.72         432.459 
       0.534347          1135.9          405.74 
       0.550082         1127.49         381.464 
       0.565732         1106.48         359.296 
       0.581496         1059.39         338.749 
       0.597222         1029.79         319.853 
       0.612804         1016.44         302.558 
       0.628434         989.114           286.5 
       0.644267         963.887         271.426 
       0.660051         945.454         257.482 
       0.675724         935.911         244.607 
       0.691403         910.245         232.612 
       0.707174         878.337          221.36 
       0.722871         855.081         210.904 
        0.73838         843.295         201.238 
       0.754018         829.013         192.108 
       0.769845         814.319         183.446 
        0.78569         803.142         175.312 
       0.801365         779.581         167.752 
       0.817031         768.137         160.644 
       0.832809         754.386         153.904 
       0.848511         738.354         147.581 
       0.864097         715.799         141.659 
       0.879701         703.648         136.056 
       0.895507         700.336         130.691 
       0.911279         690.002         125.628 
        0.92691         673.477         120.876 
       0.942635         654.223         116.345 
       0.958396         645.681         112.037 
       0.974128         636.727         107.956 
       0.989692         626.961          104.12 
        1.00528         605.754         100.466 
        1.02113         606.206           96.93 
        1.03692         591.518         93.5785 
        1.05264         581.307         90.4017 
        1.06832         569.547          87.378 
        1.08405         559.674         84.4853 
        1.09979         551.321         81.7224 
        1.11537         542.716          79.111 
        1.13105         535.516         76.5987 
        1.14679         523.181         74.1862 
        1.16256         513.575         71.8734 
        1.17828          509.17         69.6672 
        1.19395         499.409         67.5614 
         1.2097         485.585         65.5323 
        1.22537         479.746         63.5966 
          1.241         470.594         61.7452 
        1.25666          467.71         59.9632 
        1.27241         457.073         58.2434 
        1.28819         444.737         56.5884 
        1.30392         441.816         55.0027 
        1.31957         431.116         53.4851 
        1.33529         427.308         52.0193 
        1.35108         417.957         50.6029 
        1.36674         411.217         49.2495 
         1.3824         406.536          47.947 
        1.39811         397.017         46.6874 
        1.41389          393.13         45.4684 
        1.42964         389.095         44.2951 
        1.44531         384.262          43.169 
        1.46101         375.563         42.0798 
        1.47667         367.353         41.0316 
        1.49229         365.146          40.022 
        1.50793         353.707         39.0453 
        1.52367         353.101          38.095 
        1.53953         342.898         37.1701 
        1.55526         342.791         36.2833 
        1.57092         339.354         35.4292 
        1.58662         332.003         34.6007 
        1.60235         326.921         33.7971 
        1.61809         322.755         33.0187 
        1.63369          316.33         32.2717 
        1.64941         309.978         31.5426 
        1.66519         307.165         30.8335 
        1.68085         304.084         30.1513 
        1.69652         300.187         29.4895 
        1.71228         292.355         28.8439 
        1.72806         289.335         28.2172 
        1.74368         283.456         27.6154 
        1.75933         280.924           27.03 
        1.77505         275.535         26.4588 
        1.79081         272.888         25.9032 
         1.8065         267.651          25.366 
        1.82218         264.998         24.8445 
        1.83797         261.497         24.3341 
        1.85367         257.001         23.8409 
        1.86928         252.156         23.3644 
        1.88497         250.244         22.8983 
        1.90073          245.81         22.4432 
        1.91647         242.376         22.0009 
        1.93218          239.03         21.5715 
        1.94787         235.905         21.1542 
        1.96363         232.741         20.7463 
        1.97935         228.545         20.3501 
        1.99499         225.709         19.9664 
        2.01064         222.457         19.5921 
         2.0264         219.777          19.225 
        2.04216         218.024         18.8676 
        2.05781          214.85         18.5215 
        2.07353         211.061         18.1828 
        2.08928         207.506         17.8519 
        2.10499         204.953         17.5302 
        2.12065         202.347         17.2173 
        2.13633         200.318         16.9118 
        2.15211         197.393         16.6118 
        2.16785         195.625         16.3199 
        2.18349         192.847         16.0369 
        2.19916         189.243         15.7599 
        2.21489         188.341         15.4886 
        2.23063         185.099         15.2236 
         2.2463         181.842         14.9659 
        2.26194         179.912         14.7148 
        2.27765         176.668         14.4682 
        2.29341         174.883         14.2267 
        2.30914         172.352         13.9911 
        2.32486         171.299          13.761 
        2.34061         167.221         13.5358 
        2.35635         166.961         13.3157 
        2.37203         163.817         13.1014 
        2.38768         161.256         12.8921 
        2.40339         160.184         12.6868 
        2.41914         158.239         12.4854 
        2.43483         156.037         12.2891 
         2.4505         154.063         12.0973 
        2.46622         152.392          11.909 
        2.48195         150.191         11.7247 
        2.49759          148.96         11.5453 
        2.51328          146.67         11.3691 
        2.52906         145.173         11.1956 
        2.54479         143.769         11.0263 
        2.56049         141.545         10.8608 
        2.57618         140.238         10.6989 
        2.59189         138.284           10.54 
        2.60758         136.146         10.3847 
        2.62325         134.862         10.2326 
        2.63898         133.076         10.0831 
        2.65468         131.988         9.93681 
        2.67044         130.756         9.79285 
        2.68618         128.867         9.65208 
        2.70184         127.207         9.51463 
        2.71755         125.782         9.37952 
        2.73329         123.671         9.24683 
        2.74897         123.072         9.11714 
        2.76462         121.517         8.99023 
        2.78034         120.314         8.86521 
        2.79607         118.774         8.74244 
        2.81179         117.732         8.62213 
        2.82749         116.211         8.50422 
        2.84321         114.265         8.38839 
        2.85893         113.171         8.27475 
        2.87462         112.001         8.16341 
        2.89033         110.529         8.05402 
        2.90605         109.893         7.94654 
        2.92176         108.143         7.84108 
        2.93747         107.082         7.73758 
        2.95318         106.117         7.63594 
        2.96891         104.853         7.53607 
        2.98456         103.592         7.43843 
        3.00023         102.899         7.34238 
        3.01596         101.417         7.24773 
        3.03164         100.415         7.15502 
        3.04738         99.2808         7.06365 
         3.0631          98.187         6.97392 
        3.07883         96.9863         6.88574 
        3.09456         95.8935          6.7991 
        3.11026         95.5311         6.71408 
        3.12596         93.9938         6.63053 
        3.14163         92.9543         6.54859 
        3.15734         92.2241         6.46785 
        3.17308         91.1776         6.38827 
        3.18879         89.9983         6.31025 
        3.20447         89.1778         6.23365 
         3.2202         88.2226         6.15808 
         3.2359         87.4219          6.0839 
        3.25157         86.3223         6.01111 
        3.26729          85.297          5.9393 
        3.28304         84.7288         5.86852 
        3.29877         83.8202         5.79899 
        3.31446         82.7073         5.73073 
        3.33014         82.3793         5.66364 
        3.34585         81.2678         5.59751 
        3.36158         80.4501         5.53235 
        3.37727         79.3623         5.46842 
        3.39294         78.6469         5.40556 
        3.40867         77.8572         5.34347 
        3.42439         77.0012         5.28238 
        3.44008         76.1992         5.22237 
        3.45578         75.4314         5.16325 
        3.47153         74.9227         5.10491 
        3.48724         73.8811         5.04757 
        3.50292         73.3839         4.99125 
        3.51859         72.5884         4.93582 
        3.53431         71.9595         4.88105 
        3.55007         71.1381         4.82699 
        3.56577         70.5059         4.77395 
        3.58146         70.0421         4.72173 
        3.59719         69.1325         4.67018 
        3.61292         68.3986         4.61941 
        3.62859         67.7041         4.56959 
        3.64429         67.0098          4.5204 
        3.66003         66.4936         4.47179 
        3.67578         65.7256         4.42392 
        3.69146         65.2534         4.37692 
        3.70712         64.5815         4.33069 
        3.72284         63.9201         4.28496 
        3.73853         63.3437         4.23997 
        3.75422         62.7464         4.19561 
        3.76993         62.2512         4.15184 
        3.78564         61.3378         4.10872 
        3.80137         60.9808         4.06614 
        3.81707         60.4219         4.02425 
        3.83279         59.6638         3.98291 
        3.84853         59.2468          3.9421 
        3.86424         58.7418         3.90193 
        3.87992         58.2664         3.86238 
        3.89561         57.5783         3.82338 
        3.91134          56.961         3.78483 
        3.92704         56.6528         3.74687 
        3.94273         55.9608         3.70946 
        3.95845         55.5933         3.67249 
        3.97418         54.8636         3.63602 
        3.98988           54.55         3.60009 
        4.00554         54.0549         3.56475 
        4.02125         53.5888         3.52978 
        4.03698         53.1015         3.49522 
        4.05268         52.6125         3.46121 
        4.06839         52.1287         3.42762 
         4.0841         51.6795         3.39449 
        4.09983         51.1817         3.36175 
        4.11555         50.6524         3.32946 
        4.13124         50.2255         3.29767 
        4.14693         49.8774         3.26628 
        4.16266         49.3304         3.23522 
        4.17839         49.0005         3.20459 
        4.19408          48.536         3.17442 
        4.20977         48.1439         3.14462 
        4.22551         47.7158         3.11514 
        4.24123         47.2153         3.08606 
        4.25691         46.9362         3.05744 
        4.27259         46.3571         3.02917 
        4.28831          46.157         3.00119 
        4.30404         45.6278         2.97355 
        4.31974         45.2647         2.94631 
        4.33543         44.8975         2.91943 
        4.35116         44.3762         2.89283 
        4.36688         44.0921         2.86656 
        4.38255         43.6365         2.84072 
        4.39825         43.2522         2.81513 
        4.41398         42.9046         2.78982 
         4.4297         42.6211         2.76484 
        4.44541         42.2006         2.74017 
        4.46111         41.8905         2.71582 
        4.47683         41.4211         2.69175 
        4.49251         41.3108         2.66802 
        4.50819         40.8568         2.64458 
         4.5239         40.4846         2.62139 
        4.53962         40.1011         2.59845 
        4.55535         39.8881         2.57578 
        4.57106         39.6619          2.5534 
        4.58678         39.2125         2.53129 
         4.6025         38.7708         2.50943 
        4.61821          38.446         2.48783 
        4.63391         38.2052         2.46652 
         4.6496         37.7572         2.44547 
        4.66532         37.5113         2.42462 
        4.68103         37.2518         2.40403 
        4.69673         36.9476          2.3837 
        4.71241         36.6147         2.36363 
        4.72811         36.3536         2.34375 
        4.74384         36.0608         2.32407 
        4.75955         35.7803         2.30466 
        4.77525         35.4542         2.28547 
        4.79096          35.177         2.26648 
        4.80669         34.8944         2.24769 
         4.8224         34.6271         2.22914 
        4.83809         34.2441         2.21082 
        4.85379         34.0275         2.19269 
         4.8695         33.7597         2.17475 
        4.88521         33.4608         2.15702 
        4.90093         33.1506         2.13949 
        4.91663         32.9957         2.12216 
        4.93234         32.7072         2.10501 
        4.94807         32.4116         2.08803 
        4.96377         32.1855         2.07128 
        4.97943         31.8965         2.05474 
        4.99514         31.6604         2.03835 
        5.01086         31.3927         2.02211 
        5.02654         31.1982          2.0061 
        5.04227         30.8928         1.99021 
          5.058         30.7108         1.97449 
        5.07371         30.4587         1.95897 
        5.08942         30.2194         1.94361 
        5.10513         30.0161         1.92842 
        5.12084         29.7337         1.91338 
        5.13656         29.5434          1.8985 
        5.15225         29.2875         1.88381 
        5.16796         29.0679         1.86925 
        5.18369         28.8297         1.85483 
         5.1994         28.6407         1.84058 
        5.21509         28.4063          1.8265 
        5.23079         28.2006         1.81255 
        5.24649          27.932         1.79876 
        5.26217         27.7358         1.78512 
        5.27788         27.5662          1.7716 
        5.29359         27.3411         1.75822 
        5.30933         27.1296         1.74496 
        5.32504         26.9085         1.73186 
        5.34073         26.7207          1.7189 
        5.35646         26.4745         1.70606 
        5.37218         26.3034         1.69334 
        5.38789         26.0626         1.68077 
        5.40357         25.8583         1.66834 
        5.41929         25.6893         1.65602 
        5.43502         25.5016         1.64381 
         5.4507         25.3125         1.63176 
        5.46639         25.1321         1.61982 
        5.48212         24.9702         1.60798 
        5.49786          24.766         1.59624 
        5.51353         24.6201         1.58468 
        5.52921         24.3988         1.57322 
        5.54495         24.2992         1.56184 
        5.56066         24.0802         1.55058 
        5.57637         23.9053         1.53944 
        5.59207         23.7316         1.52841 
        5.60778         23.5024         1.51749 
        5.62346         23.3279          1.5067 
        5.63916         23.2096         1.49599 
        5.65487         23.0393         1.48539 
         5.6706         22.8068         1.47487 
        5.68633         22.6659         1.46445 
        5.70203         22.5096         1.45416 
        5.71773          22.372         1.44397 
        5.73344         22.2243         1.43386 
        5.74916         22.0224         1.42385 
        5.76486         21.8832         1.41394 
        5.78054          21.705         1.40415 
        5.79626          21.595         1.39442 
          5.812         21.4131         1.38477 
         5.8277         21.2104         1.37524 
        5.84339         21.1324          1.3658 
        5.85911         20.9633         1.35643 
        5.87484         20.8219         1.34715 
        5.89053         20.6816         1.33798 
        5.90623         20.5222         1.32888 
        5.92195          20.391         1.31986 
        5.93767         20.2468         1.31092 
        5.95336         20.1036         1.30209 
        5.96905         19.9399         1.29333 
        5.98476         19.8054         1.28465 
        6.00048         19.6806         1.27604 
        6.01617         19.5608         1.26752 
        6.03185         19.4153         1.25909 
        6.04756         19.2618         1.25072 
        6.06331         19.1548          1.2424 
        6.07903         18.9915         1.23418 
        6.09473         18.8768         1.22604 
        6.11044         18.7174         1.21797 
        6.12616         18.6238         1.20996 
        6.14186         18.4743         1.20204 
        6.15755         18.3397          1.1942 
        6.17326         18.2111         1.18641 
        6.18898         18.1137         1.17869 
        6.20467         17.9853         1.17105 
        6.22036          17.831         1.16348 
         6.2361         17.7242         1.15596 
         6.2518         17.5984         1.14852 
        6.26748          17.467         1.14116 
        6.28319         17.3407         1.13384 
        6.29893         17.2688         1.12658 
        6.31463         17.1333          1.1194 
        6.33033          17.003         1.11228 
        6.34604         16.8838         1.10521 
        6.36177         16.7631         1.09821 
        6.37747         16.7086         1.09127 
        6.39316         16.5585          1.0844 
        6.40888         16.4204         1.07758 
         6.4246          16.316         1.07081 
        6.44031         16.2428         1.06411 
        6.45601         16.1358         1.05747 
        6.47172         15.9957         1.05088 
        6.48744         15.9164         1.04434 
        6.50313         15.8032         1.03787 
        6.51882          15.701         1.03146 
        6.53452         15.5802          1.0251 
        6.55025         15.4603         1.01878 
        6.56597         15.3664         1.01251 
        6.58166         15.2947         1.00631 
        6.59736         15.1516         1.00016 
        6.61307         15.0953        0.994058 
         6.6288         14.9974           0.988 
         6.6445         14.8986           0.982 
         6.6602         14.7778        0.976051 
        6.67592         14.7214        0.970145 
        6.69164         14.5783        0.964289 
        6.70735         14.5065        0.958483 
        6.72304         14.3914        0.952732 
        6.73874         14.3254        0.947026 
        6.75446         14.2396         0.94136 
        6.77016         14.1402        0.935748 
        6.78585         14.0475        0.930181 
        6.80156         13.9678        0.924658 
        6.81729          13.862        0.919171 
        6.83301         13.7596        0.913729 
         6.8487          13.695        0.908343 
         6.8644         13.5856        0.902998 
        6.88012         13.5131         0.89769 
        6.89583         13.4048        0.892429 
        6.91151         13.3549        0.887218 
        6.92723         13.2342        0.882035 
        6.94296         13.1883        0.876892 
        6.95866         13.0713        0.871799 
        6.97436          12.994        0.866747 
        6.99007         12.9201        0.861732 
        7.00578         12.8172        0.856757 
        7.02147         12.7467        0.851826 
        7.03718         12.6475         0.84693 
         7.0529         12.5887        0.842067 
        7.06863         12.5112        0.837241 
        7.08433         12.4246        0.832459 
        7.10004         12.3536        0.827716 
        7.11575          12.274        0.823008 
        7.13145         12.1953        0.818338 
        7.14715         12.1184        0.813706 
        7.16284         12.0365        0.809114 
        7.17855         11.9739        0.804548 
        7.19428         11.8961        0.800013 
        7.20998          11.811        0.795522 
        7.22568         11.7618        0.791066 
        7.24139         11.6734        0.786641 
        7.25711         11.6087        0.782249 
        7.27282         11.5248        0.777891 
        7.28852         11.4654        0.773571 
        7.30423         11.3811        0.769278 
        7.31995         11.3234        0.765019 
        7.33565          11.249        0.760794 
        7.35135         11.1764        0.756601 
        7.36706         11.1051        0.752441 
        7.38277         11.0363        0.748308 
        7.39847         10.9817        0.744209 
        7.41419         10.9201        0.740139 
         7.4299         10.8401        0.736099 
        7.44561          10.782         0.73209 
        7.46132         10.7028        0.728112 
        7.47701         10.6751        0.724167 
        7.49272         10.5767        0.720248 
        7.50842         10.5248        0.716358 
         7.5241         10.4585        0.712503 
        7.53981          10.393         0.70867 
        7.55552         10.3436        0.704865 
        7.57125         10.2644        0.701082 
        7.58698         10.2255        0.697328 
        7.60268         10.1458        0.693608 
         7.6184         10.0946        0.689912 
        7.63411         10.0358        0.686243 
        7.64981         9.97158        0.682603 
        7.66552         9.91059         0.67899 
        7.68123         9.84798        0.675401 
        7.69695         9.78176        0.671836 
        7.71264         9.72605        0.668303 
        7.72834         9.68602        0.664794 
        7.74407         9.61224        0.661304 
        7.75978         9.55044        0.657841 
        7.77546         9.50215        0.654411 
        7.79116         9.45972        0.651002 
         7.8069         9.40373        0.647609 
         7.8226         9.33998        0.644247 
        7.83828         9.28834        0.640914 
        7.85399          9.2231          0.6376 
        7.86972         9.18146        0.634302 
        7.88543         9.12718        0.631034 
        7.90111         9.04342        0.627794 
        7.91681         9.00377        0.624572 
        7.93255         8.95942        0.621367 
        7.94828         8.90226        0.618185 
        7.96397         8.85613        0.615032 
        7.97967          8.7924        0.611901 
        7.99538         8.75834        0.608789 
         8.0111         8.71231        0.605698 
         8.0268         8.64948        0.602631 
        8.04248         8.60083        0.599589 
         8.0582         8.55401        0.596562 
        8.07393         8.49169        0.593552 
        8.08963         8.44617        0.590569 
        8.10533         8.40479        0.587608 
        8.12104         8.36627        0.584664 
        8.13675         8.32042         0.58174 
        8.15245         8.26706        0.578839 
        8.16815         8.22165        0.575958 
        8.18387         8.18086        0.573092 
        8.19959         8.12915        0.570245 
         8.2153         8.07982         0.56742 
        8.23101          8.0261        0.564614 
        8.24672         7.98466        0.561827 
        8.26241         7.94295        0.559063 
         8.2781         7.89448        0.556317 
        8.29381         7.86011        0.553586 
        8.30952         7.82124        0.550874 
        8.32524         7.78252        0.548177 
        8.34095         7.72059        0.545501 
        8.35666         7.68772        0.542843 
        8.37237         7.64287        0.540202 
        8.38808         7.59536        0.537579 
        8.40379         7.56532        0.534973 
         8.4195         7.52204        0.532386 
         8.4352         7.48464        0.529815 
        8.45091         7.43238        0.527262 
        8.46662         7.39907        0.524725 
        8.48232         7.35704        0.522206 
        8.49802         7.31586        0.519703 
        8.51374          7.2654        0.517214 
        8.52945         7.23599        0.514743 
        8.54515         7.19289        0.512289 
        8.56086         7.15176        0.509849 
        8.57658          7.1102        0.507426 
        8.59228           7.068         0.50502 
        8.60799         7.04575        0.502627 
        8.62371         6.99791         0.50025 
        8.63942         6.96557        0.497889 
        8.65512         6.92932        0.495545 
        8.67082         6.89708        0.493216 
        8.68653         6.85084          0.4909 
        8.70224         6.81466        0.488599 
        8.71795         6.78044        0.486314 
        8.73365         6.75153        0.484044 
        8.74936         6.71086        0.481787 
        8.76506         6.66993        0.479547 
        8.78076         6.63382         0.47732 
        8.79646         6.59876        0.475108 
        8.81218          6.5588        0.472907 
        8.82791         6.53139        0.470718 
         8.8436         6.49766        0.468548 
         8.8593         6.46518        0.466392 
        8.87503         6.42523        0.464244 
        8.89076         6.39735        0.462111 
        8.90644         6.36556        0.459997 
        8.92214         6.33091        0.457894 
        8.93786         6.28872        0.455802 
        8.95357         6.26684        0.453723 
        8.96928         6.22805        0.451659 
        8.98498         6.20038        0.449607 
        9.00069         6.16539        0.447568 
        9.01639         6.14024        0.445541 
        9.03208         6.09428         0.44353 
        9.04778         6.06572        0.441529 
        9.06351         6.04184        0.439538 
        9.07923         6.01639        0.437559 
        9.09493         5.97522        0.435595 
        9.11062         5.94611        0.433645 
        9.12635         5.91736        0.431702 
        9.14207         5.88691        0.429772 
        9.15777         5.85691        0.427856 
        9.17346         5.82835        0.425953 
        9.18917         5.80773        0.424058 
         9.2049         5.76979        0.422174 
        9.22061         5.74108        0.420303 
        9.23631         5.71166        0.418444 
        9.25201         5.67943        0.416597 
        9.26773         5.65052         0.41476 
        9.28343         5.63434        0.412934 
        9.29913         5.59642         0.41112 
        9.31484         5.56484        0.409316 
        9.33057         5.54155        0.407521 
        9.34627         5.51703        0.405738 
        9.36197         5.48803        0.403968 
        9.37768         5.46139        0.402206 
        9.39338          5.4325        0.400456 
        9.40909         5.40064        0.398717 
        9.42479         5.38031        0.396988 
         9.4405         5.36356        0.395268 
        9.45621         5.33438        0.393559 
        9.47193         5.29868         0.39186 
        9.48763         5.27332        0.390172 
        9.50334         5.24606        0.388493 
        9.51906         5.23124        0.386823 
        9.53476          5.1965        0.385165 
        9.55045         5.17217        0.383517 
        9.56616         5.15038        0.381878 
        9.58188         5.12684        0.380246 
        9.59759         5.10108        0.378625 
         9.6133         5.07591        0.377013 
        9.62901          5.0508        0.375409 
        9.64471         5.02432        0.373815 
        9.66041         5.00709         0.37223 
        9.67612         4.98232        0.370653 
        9.69184         4.95847        0.369084 
        9.70754         4.93336        0.367526 
        9.72324         4.91547        0.365978 
        9.73895         4.89003        0.364439 
        9.75467         4.86594        0.362908 
        9.77038         4.84205        0.361389 
        9.78607         4.82212        0.359881 
        9.80177          4.7994        0.358382 
        9.81749          4.7781        0.356892 
         9.8332         4.75172        0.355414 
         9.8489         4.73789        0.353946 
        9.86463         4.70934        0.352485 
        9.88035         4.69131        0.351031 
        9.89606         4.67273        0.349587 
        9.91175         4.64731        0.348149 
        9.92745          4.6177        0.346717 
        9.94317          4.6024        0.345286 
        9.95888          4.5846         0.34386 
        9.97458         4.56688        0.342437 
        9.99029         4.54661        0.341014 
         10.006         4.52669        0.340135 
        10.0217         4.50031        0.340135 
        10.0374         4.48159        0.340135 
        10.0531         4.46296        0.340135 
        10.0688         4.44596        0.340135 
        10.0845         4.42529        0.340135 
        10.1002         4.39926        0.340135 
        10.1159         4.38328        0.340135 
        10.1317         4.36732        0.340135 
        10.1474         4.35199        0.340135 
        10.1631         4.32651        0.340135 
        10.1788         4.31449        0.340135 
        10.1945         4.29557        0.340135 
        10.2102         4.27186        0.340135 
        10.2259         4.25553        0.340135 
        10.2416         4.23492        0.340135 
        10.2573         4.22009        0.340135 
         10.273         4.19981        0.340135 
        10.2887         4.18288        0.340135 
        10.3044         4.16389        0.340135 
        10.3201         4.14616        0.340135 
        10.3359         4.12847        0.340135 
        10.3516         4.12304        0.340135 
        10.3673         4.09589        0.340135 
         10.383         4.08425        0.340135 
        10.3987         4.06556        0.340135 
        10.4144         4.05055        0.340135 
        10.4301         4.03752        0.340135 
        10.4458         4.01859        0.340135 
        10.4615         4.00093        0.340135 
        10.4772         3.98943        0.340135 
        10.4929         3.97165        0.340135 
        10.5086         3.95408        0.340135 
        10.5244         3.93917        0.340135 
        10.5401         3.92634        0.340135 
        10.5558         3.90684        0.340135 
        10.5715         3.89246        0.340135 
        10.5872         3.88134        0.340135 
        10.6029         3.86136        0.340135 
        10.6186         3.84664        0.340135 
        10.6343         3.83672        0.340135 
          10.65         3.81851        0.340135 
        10.6657         3.80741        0.340135 
        10.6814         3.79113        0.340135 
        10.6971          3.7811        0.340135 
        10.7129         3.76061        0.340135 
        10.7286         3.74996        0.340135 
        10.7443         3.73417        0.340135 
          10.76         3.72541        0.340135 
        10.7757         3.70913        0.340135 
        10.7914         3.69443        0.340135 
        10.8071         3.68203        0.340135 
        10.8228         3.67399        0.340135 
        10.8385         3.65818        0.340135 
        10.8542         3.64281        0.340135 
        10.8699         3.63221        0.340135 
        10.8856         3.62182        0.340135 
        10.9014         3.60761        0.340135 
        10.9171         3.59703        0.340135 
        10.9328         3.58058        0.340135 
        10.9485         3.56769        0.340135 
        10.9642         3.55868        0.340135 
        10.9799          3.5451        0.340135 
        10.9956         3.53566        0.340135 
        11.0113         3.52314        0.340135 
         11.027         3.51523        0.340135 
        11.0427         3.50303        0.340135 
        11.0584         3.48813        0.340135 
        11.0741         3.47952        0.340135 
        11.0898         3.46317        0.340135 
        11.1055         3.45382        0.340135 
        11.1212         3.44649        0.340135 
         11.137         3.43755        0.340135 
        11.1527         3.42397        0.340135 
        11.1684         3.41206        0.340135 
        11.1841         3.40353        0.340135 
        11.1998         3.39415        0.340135 
        11.2155         3.38596        0.340135 
        11.2312         3.37579        0.340135 
        11.2469         3.36784        0.340135 
        11.2626         3.35468        0.340135 
        11.2783         3.34785        0.340135 
         11.294         3.33646        0.340135 
        11.3097         3.32706        0.340135 
        11.3254         3.31294        0.340135 
        11.3412         3.30803        0.340135 
        11.3569         3.29664        0.340135 
        11.3726         3.29213        0.340135 
        11.3883         3.28308        0.340135 
         11.404         3.27637        0.340135 
        11.4197         3.26605        0.340135 
        11.4354         3.25555        0.340135 
        11.4511         3.24876        0.340135 
        11.4668         3.24291        0.340135 
        11.4825         3.23798        0.340135 
        11.4982         3.22415        0.340135 
         11.514         3.21784        0.340135 
        11.5297         3.21177        0.340135 
        11.5454         3.20314        0.340135 
        11.5611         3.19908        0.340135 
        11.5768         3.18913        0.340135 
        11.5925         3.18423        0.340135 
        11.6082         3.17918        0.340135 
        11.6239         3.16651        0.340135 
        11.6396         3.16436        0.340135 
        11.6553          3.1575        0.340135 
         11.671         3.15165        0.340135 
        11.6867         3.14522        0.340135 
        11.7024         3.14024        0.340135 
        11.7182         3.13463        0.340135 
        11.7339         3.12864        0.340135 
        11.7496         3.12101        0.340135 
        11.7653         3.11726        0.340135 
         11.781         3.11319        0.340135 
        11.7967         3.10668        0.340135 
        11.8124         3.10123        0.340135 
        11.8281          3.0969        0.340135 
        11.8438         3.09262        0.340135 
        11.8595         3.08515        0.340135 
        11.8752          3.0835        0.340135 
         11.891         3.07762        0.340135 
        11.9067         3.07415        0.340135 
        11.9224         3.06891        0.340135 
        11.9381         3.06504        0.340135 
        11.9538         3.06256        0.340135 
        11.9695         3.06044        0.340135 
        11.9852         3.05631        0.340135 
        12.0009         3.05114        0.340135 
        12.0166         3.04572        0.340135 
        12.0323         3.04781        0.340135 
         12.048         3.04355        0.340135 
        12.0637         3.03669        0.340135 
