# k  (h/Mpc)    Pcb(k)  (Mpc/h)^3    Pcb_linear(k) (Mpc/h)^3   ShotnoiseSubtracted = true
      0.0200456         24199.2         24598.3 
      0.0350414         19817.4         19287.6 
      0.0492313         14757.3         15281.7 
      0.0637834         11649.9         12426.5 
      0.0800726         8798.92            9387 
       0.096163         7524.04         7383.47 
       0.111083         6405.13          6250.1 
       0.126058            5107         5195.61 
       0.142273         4414.24         4227.86 
       0.158546         3744.13         3601.64 
        0.17375         3416.45         3133.55 
       0.188953         3223.48          2693.9 
       0.204907         2778.39         2331.96 
       0.220756         2531.85         2061.08 
        0.23588         2279.53         1830.69 
         0.2514         2077.96         1622.13 
       0.267535         1991.31         1446.67 
       0.283568         1796.43         1299.95 
       0.299022         1716.42          1173.9 
       0.314451         1784.12         1064.32 
       0.330372         1611.96         967.728 
       0.346141         1484.45         883.424 
       0.361624         1421.43         809.675 
       0.377134         1369.45         744.452 
       0.392932         1302.82         685.678 
       0.408854         1252.77         632.685 
       0.424564         1230.15         585.746 
       0.440253         1156.21         543.733 
       0.455999         1106.29         505.745 
       0.471626         1109.99         471.579 
        0.48727         1058.89         440.529 
       0.502856         1029.59         412.392 
       0.518488         990.496          386.64 
       0.534347         957.016         362.752 
       0.550082         919.904         341.048 
       0.565732          900.13         321.228 
       0.581496             877         302.859 
       0.597222         867.399         285.965 
       0.612804         844.515         270.502 
       0.628434         811.117         256.146 
       0.644267         791.089         242.668 
       0.660051         779.971         230.201 
       0.675724         768.215         218.691 
       0.691403         737.088         207.966 
       0.707174         720.504         197.907 
       0.722871         712.939         188.558 
        0.73838         693.864         179.917 
       0.754018         683.849         171.754 
       0.769845         669.887          164.01 
        0.78569         653.052         156.738 
       0.801365         634.687         149.979 
       0.817031         625.965         143.624 
       0.832809          613.75         137.598 
       0.848511         600.208         131.945 
       0.864097         593.641          126.65 
       0.879701         594.939         121.641 
       0.895507         572.128         116.845 
       0.911279         567.786         112.318 
        0.92691          554.53         108.069 
       0.942635          546.21         104.018 
       0.958396         535.946         100.167 
       0.974128         525.253         96.5184 
       0.989692         513.332         93.0886 
        1.00528         506.739         89.8212 
        1.02113         496.128         86.6602 
        1.03692         488.347         83.6638 
        1.05264         481.951         80.8236 
        1.06832         471.887         78.1203 
        1.08405         467.379         75.5341 
        1.09979          456.49         73.0639 
        1.11537          446.85         70.7292 
        1.13105         441.715          68.483 
        1.14679         433.505         66.3262 
        1.16256         429.202         64.2584 
        1.17828         422.183          62.286 
        1.19395         413.222         60.4033 
         1.2097         405.907         58.5891 
        1.22537         400.156         56.8585 
          1.241         392.798         55.2033 
        1.25666          387.17         53.6101 
        1.27241         383.622         52.0725 
        1.28819         374.744         50.5928 
        1.30392         371.453         49.1752 
        1.31957         364.067         47.8183 
        1.33529         359.606         46.5079 
        1.35108         358.779         45.2415 
        1.36674         349.257         44.0315 
         1.3824         341.441          42.867 
        1.39811         338.926         41.7408 
        1.41389         333.963          40.651 
        1.42964         327.981          39.602 
        1.44531         321.609         38.5952 
        1.46101         314.263         37.6215 
        1.47667         313.579         36.6843 
        1.49229         309.651         35.7817 
        1.50793         302.702         34.9084 
        1.52367         296.893         34.0588 
        1.53953         293.581         33.2319 
        1.55526         288.194         32.4391 
        1.57092          283.98         31.6755 
        1.58662         279.996         30.9347 
        1.60235         275.881         30.2163 
        1.61809         272.547         29.5203 
        1.63369          267.92         28.8525 
        1.64941         264.704         28.2007 
        1.66519          260.61         27.5667 
        1.68085         255.453         26.9567 
        1.69652         252.181         26.3651 
        1.71228         248.351         25.7879 
        1.72806         245.068         25.2275 
        1.74368         241.902         24.6895 
        1.75933         239.143         24.1661 
        1.77505         234.683         23.6555 
        1.79081         231.656         23.1588 
         1.8065          229.71         22.6784 
        1.82218         224.128         22.2122 
        1.83797         222.038         21.7559 
        1.85367         217.977         21.3149 
        1.86928         214.282         20.8889 
        1.88497         211.918         20.4722 
        1.90073         209.956         20.0653 
        1.91647         206.593         19.6699 
        1.93218         203.237          19.286 
        1.94787         199.105         18.9129 
        1.96363         198.202         18.5483 
        1.97935         194.475          18.194 
        1.99499         192.314         17.8509 
        2.01064         187.855         17.5163 
         2.0264         187.087         17.1881 
        2.04216         183.478         16.8685 
        2.05781         181.789         16.5591 
        2.07353         180.216         16.2564 
        2.08928         177.922         15.9605 
        2.10499         174.703         15.6728 
        2.12065         172.469         15.3931 
        2.13633         169.883           15.12 
        2.15211         167.927         14.8518 
        2.16785         165.693         14.5908 
        2.18349           163.4         14.3377 
        2.19916           162.1         14.0902 
        2.21489         159.328         13.8476 
        2.23063         157.656         13.6106 
         2.2463         155.761         13.3802 
        2.26194         152.976         13.1558 
        2.27765         151.455         12.9353 
        2.29341         149.307         12.7193 
        2.30914         147.263         12.5087 
        2.32486         145.779          12.303 
        2.34061         143.117         12.1016 
        2.35635         141.308         11.9049 
        2.37203         140.348         11.7133 
        2.38768         138.304         11.5262 
        2.40339         136.437         11.3426 
        2.41914         134.538         11.1625 
        2.43483         133.364          10.987 
         2.4505         131.447         10.8156 
        2.46622         129.502         10.6472 
        2.48195         128.426         10.4825 
        2.49759         126.128          10.322 
        2.51328         124.807         10.1646 
        2.52906         123.565         10.0094 
        2.54479         121.745         9.85804 
        2.56049         120.531         9.71011 
        2.57618         119.077         9.56534 
        2.59189         117.952         9.42332 
        2.60758         116.866          9.2844 
        2.62325         114.702         9.14845 
        2.63898         112.896         9.01475 
        2.65468         111.866           8.884 
        2.67044         110.913         8.75529 
        2.68618         109.196         8.62943 
        2.70184         108.318         8.50655 
        2.71755         106.495         8.38576 
        2.73329         105.412         8.26713 
        2.74897         104.001         8.15118 
        2.76462         103.057         8.03771 
        2.78034         101.757         7.92594 
        2.79607         100.841         7.81617 
        2.81179         99.5501         7.70861 
        2.82749         98.4224          7.6032 
        2.84321          97.183         7.49964 
        2.85893         96.0967         7.39804 
        2.87462          94.651          7.2985 
        2.89033         93.9407          7.2007 
        2.90605         92.7281          7.1046 
        2.92176         91.3433         7.01031 
        2.93747         90.7661         6.91779 
        2.95318          89.734         6.82691 
        2.96891         88.7698         6.73762 
        2.98456         87.5196         6.65033 
        3.00023         86.7202         6.56445 
        3.01596         85.8421         6.47983 
        3.03164         85.0015         6.39694 
        3.04738         84.0637         6.31526 
         3.0631         83.1007         6.23503 
        3.07883         82.2162         6.15619 
        3.09456         81.2143         6.07873 
        3.11026         80.6344         6.00272 
        3.12596         79.2404         5.92802 
        3.14163         78.6969         5.85477 
        3.15734         77.6483         5.78258 
        3.17308         76.7006         5.71143 
        3.18879         76.2564         5.64168 
        3.20447         75.2237         5.57319 
         3.2202         74.2306         5.50563 
         3.2359          73.901         5.43931 
        3.25157         73.3318         5.37424 
        3.26729         72.0384         5.31003 
        3.28304         71.5954         5.24675 
        3.29877         70.7182         5.18458 
        3.31446         70.1761         5.12356 
        3.33014         69.4889         5.06357 
        3.34585         68.7176         5.00446 
        3.36158         67.9712         4.94619 
        3.37727         67.1724         4.88904 
        3.39294         66.6019         4.83284 
        3.40867         65.6669         4.77733 
        3.42439         64.9559         4.72271 
        3.44008         64.4541         4.66906 
        3.45578         64.1807          4.6162 
        3.47153          63.182         4.56404 
        3.48724         62.5508         4.51278 
        3.50292         62.1759         4.46243 
        3.51859         61.3623         4.41287 
        3.53431         60.7788          4.3639 
        3.55007         60.1819         4.31556 
        3.56577         59.7119         4.26815 
        3.58146         58.9092         4.22146 
        3.59719         58.4648         4.17537 
        3.61292         57.9554         4.12998 
        3.62859         57.3064         4.08544 
        3.64429         56.9454         4.04147 
        3.66003         56.1048         3.99801 
        3.67578         55.5551          3.9552 
        3.69146         55.0546         3.91318 
        3.70712         54.3732         3.87186 
        3.72284         54.1054         3.83097 
        3.73853         53.4572         3.79074 
        3.75422          53.152         3.75108 
        3.76993         52.4998         3.71195 
        3.78564         52.0246          3.6734 
        3.80137         51.4681         3.63533 
        3.81707         50.9182         3.59788 
        3.83279         50.6129         3.56092 
        3.84853          50.089         3.52443 
        3.86424         49.6645         3.48852 
        3.87992         49.1023         3.45316 
        3.89561         48.7511         3.41829 
        3.91134         48.2365         3.38383 
        3.92704         47.8009         3.34988 
        3.94273         47.3096         3.31644 
        3.95845         46.9558         3.28339 
        3.97418         46.5046         3.25078 
        3.98988         46.1896         3.21866 
        4.00554         45.5276         3.18706 
        4.02125         45.1412          3.1558 
        4.03698         44.8195          3.1249 
        4.05268         44.3702         3.09449 
        4.06839          43.951         3.06446 
         4.0841         43.6481         3.03484 
        4.09983         43.1658         3.00557 
        4.11555         42.8433          2.9767 
        4.13124         42.4716         2.94828 
        4.14693         42.2284         2.92022 
        4.16266         41.7656         2.89245 
        4.17839         41.2831         2.86506 
        4.19408         40.9941         2.83809 
        4.20977         40.5602         2.81145 
        4.22551         40.1646         2.78509 
        4.24123         39.9073         2.75909 
        4.25691         39.4035          2.7335 
        4.27259         39.2499         2.70822 
        4.28831         38.8269         2.68322 
        4.30404         38.5381          2.6585 
        4.31974          38.192         2.63415 
        4.33543         37.7534         2.61012 
        4.35116         37.5065         2.58633 
        4.36688         37.2336         2.56285 
        4.38255         36.9139         2.53974 
        4.39825         36.5459         2.51687 
        4.41398         36.3426         2.49424 
         4.4297         35.8967          2.4719 
        4.44541         35.6738         2.44985 
        4.46111         35.3091         2.42808 
        4.47683         35.1252         2.40656 
        4.49251         34.8306         2.38534 
        4.50819         34.5031         2.36439 
         4.5239          34.206         2.34366 
        4.53962         33.8275         2.32315 
        4.55535         33.5495         2.30287 
        4.57106         33.3518         2.28287 
        4.58678         33.0252          2.2631 
         4.6025         32.7575         2.24356 
        4.61821         32.5222         2.22425 
        4.63391         32.1966         2.20519 
         4.6496         31.9759         2.18637 
        4.66532         31.6899         2.16773 
        4.68103         31.4647         2.14933 
        4.69673          31.052         2.13115 
        4.71241         31.0104          2.1132 
        4.72811         30.7535         2.09543 
        4.74384         30.4253         2.07784 
        4.75955          30.149         2.06048 
        4.77525         29.9132         2.04332 
        4.79096          29.726         2.02634 
        4.80669         29.4424         2.00955 
         4.8224         29.2079         1.99296 
        4.83809         28.9868         1.97658 
        4.85379         28.6804         1.96037 
         4.8695         28.4884         1.94434 
        4.88521         28.2391         1.92848 
        4.90093         28.0109         1.91281 
        4.91663         27.8547         1.89732 
        4.93234         27.6452         1.88198 
        4.94807         27.3975         1.86681 
        4.96377         27.2091         1.85183 
        4.97943         26.9676         1.83704 
        4.99514         26.7264         1.82238 
        5.01086         26.5416         1.80787 
        5.02654         26.3104         1.79355 
        5.04227         26.0986         1.77935 
          5.058         25.9592         1.76529 
        5.07371         25.7164         1.75142 
        5.08942          25.519         1.73769 
        5.10513         25.3092          1.7241 
        5.12084         25.1512         1.71065 
        5.13656         24.9522         1.69735 
        5.15225         24.7261         1.68422 
        5.16796         24.5528          1.6712 
        5.18369         24.3069         1.65831 
         5.1994         24.1844         1.64557 
        5.21509         23.9372         1.63298 
        5.23079         23.7913         1.62051 
        5.24649         23.5813         1.60818 
        5.26217         23.4301         1.59599 
        5.27788         23.2526          1.5839 
        5.29359         23.0594         1.57194 
        5.30933         22.8594         1.56008 
        5.32504         22.7852         1.54837 
        5.34073         22.5727         1.53679 
        5.35646          22.409          1.5253 
        5.37218         22.2704         1.51393 
        5.38789         22.0472         1.50269 
        5.40357         21.8901         1.49158 
        5.41929         21.7564         1.48056 
        5.43502         21.5717         1.46965 
         5.4507         21.4011         1.45887 
        5.46639         21.2492          1.4482 
        5.48212         21.1134         1.43761 
        5.49786         20.9449         1.42712 
        5.51353         20.7615         1.41678 
        5.52921         20.6112         1.40653 
        5.54495         20.4479         1.39636 
        5.56066         20.3884          1.3863 
        5.57637         20.1667         1.37633 
        5.59207         20.1062         1.36648 
        5.60778         19.8694         1.35671 
        5.62346         19.7433         1.34706 
        5.63916         19.5623         1.33749 
        5.65487         19.4584         1.32801 
         5.6706         19.2801         1.31861 
        5.68633         19.1962          1.3093 
        5.70203         19.0231         1.30009 
        5.71773         18.8757         1.29098 
        5.73344         18.7639         1.28194 
        5.74916         18.6418         1.27299 
        5.76486         18.5132         1.26413 
        5.78054         18.3194         1.25538 
        5.79626         18.2254         1.24668 
          5.812         18.1146         1.23805 
         5.8277         17.9392         1.22953 
        5.84339         17.8043         1.22109 
        5.85911         17.6915         1.21272 
        5.87484         17.5871         1.20442 
        5.89053         17.4237         1.19622 
        5.90623         17.3237         1.18809 
        5.92195         17.2118         1.18002 
        5.93767         17.0491         1.17203 
        5.95336         16.9534         1.16413 
        5.96905         16.8347          1.1563 
        5.98476         16.7076         1.14854 
        6.00048         16.6179         1.14084 
        6.01617         16.4507         1.13323 
        6.03185         16.3759         1.12569 
        6.04756         16.2618          1.1182 
        6.06331         16.1306         1.11077 
        6.07903         16.0245         1.10342 
        6.09473         15.9209         1.09614 
        6.11044         15.7991         1.08892 
        6.12616         15.7097         1.08177 
        6.14186         15.5827         1.07469 
        6.15755         15.5119         1.06767 
        6.17326         15.4088         1.06071 
        6.18898         15.2956         1.05381 
        6.20467         15.1736         1.04698 
        6.22036         15.0514         1.04021 
         6.2361         14.9692         1.03349 
         6.2518         14.8915         1.02683 
        6.26748         14.7647         1.02025 
        6.28319         14.6688         1.01371 
        6.29893         14.5434         1.00722 
        6.31463         14.4542          1.0008 
        6.33033         14.3479         0.99443 
        6.34604          14.285        0.988116 
        6.36177         14.1754        0.981851 
        6.37747         14.0962        0.975652 
        6.39316         13.9754         0.96951 
        6.40888          13.898        0.963409 
         6.4246          13.801         0.95736 
        6.44031         13.6939        0.951366 
        6.45601         13.6293        0.945431 
        6.47172         13.5187        0.939539 
        6.48744         13.4234        0.933695 
        6.50313         13.3358        0.927911 
        6.51882          13.249        0.922178 
        6.53452         13.1636        0.916488 
        6.55025         13.0595        0.910836 
        6.56597         12.9926        0.905239 
        6.58166         12.9166        0.899695 
        6.59736         12.8309        0.894196 
        6.61307         12.7353        0.888737 
         6.6288         12.6726        0.883321 
         6.6445         12.5622        0.877956 
         6.6602         12.4718        0.872638 
        6.67592         12.3993        0.867358 
        6.69164         12.3099        0.862123 
        6.70735         12.2294        0.856932 
        6.72304          12.183        0.851789 
        6.73874          12.096        0.846688 
        6.75446         11.9935        0.841622 
        6.77016         11.9235        0.836605 
        6.78585          11.831        0.831628 
        6.80156         11.7653         0.82669 
        6.81729         11.6841        0.821784 
        6.83301         11.6264        0.816919 
         6.8487         11.5556        0.812104 
         6.8644         11.4662        0.807325 
        6.88012         11.4028        0.802579 
        6.89583         11.3187        0.797876 
        6.91151         11.2642        0.793217 
        6.92723         11.1772        0.788583 
        6.94296         11.1131        0.783985 
        6.95866         11.0528        0.779432 
        6.97436         10.9699        0.774915 
        6.99007         10.8896        0.770431 
        7.00578          10.834        0.765983 
        7.02147         10.7652        0.761575 
        7.03718         10.6829        0.757197 
         7.0529         10.6182         0.75285 
        7.06863         10.5529        0.748535 
        7.08433         10.4933         0.74426 
        7.10004          10.421        0.740019 
        7.11575         10.3579         0.73581 
        7.13145          10.307        0.731635 
        7.14715         10.2233        0.727493 
        7.16284         10.1736        0.723388 
        7.17855         10.1053        0.719306 
        7.19428         10.0424        0.715252 
        7.20998         9.98148        0.711236 
        7.22568         9.90295        0.707252 
        7.24139         9.84445        0.703296 
        7.25711         9.79104         0.69937 
        7.27282          9.7092        0.695473 
        7.28852         9.67155        0.691611 
        7.30423         9.61439        0.687773 
        7.31995         9.55644        0.683965 
        7.33565          9.4894        0.680188 
        7.35135         9.43078        0.676439 
        7.36706         9.36713         0.67272 
        7.38277         9.33134        0.669025 
        7.39847         9.26947         0.66536 
        7.41419         9.20918        0.661721 
         7.4299         9.15792        0.658109 
        7.44561         9.09694        0.654525 
        7.46132         9.04938        0.650968 
        7.47701         8.98046        0.647442 
        7.49272         8.92655        0.643937 
        7.50842         8.87654         0.64046 
         7.5241         8.82707        0.637013 
        7.53981         8.77243        0.633587 
        7.55552         8.72059        0.630184 
        7.57125         8.66769        0.626803 
        7.58698         8.61578        0.623446 
        7.60268         8.55193         0.62012 
         7.6184         8.50441        0.616815 
        7.63411         8.45136        0.613535 
        7.64981         8.41035        0.610281 
        7.66552         8.35983        0.607051 
        7.68123         8.30521        0.603842 
        7.69695         8.25613        0.600655 
        7.71264         8.21441        0.597496 
        7.72834         8.16468        0.594359 
        7.74407          8.1131        0.591239 
        7.75978         8.05417        0.588143 
        7.77546         8.01753        0.585076 
        7.79116         7.96734        0.582028 
         7.8069         7.91364        0.578995 
         7.8226         7.87761        0.575988 
        7.83828         7.82805        0.573009 
        7.85399         7.78297        0.570046 
        7.86972         7.74638        0.567098 
        7.88543          7.7014        0.564176 
        7.90111         7.65931        0.561279 
        7.91681         7.60895        0.558399 
        7.93255         7.57119        0.555533 
        7.94828         7.51733        0.552688 
        7.96397         7.46039        0.549869 
        7.97967         7.43401         0.54707 
        7.99538         7.39253        0.544288 
         8.0111         7.34968        0.541524 
         8.0268         7.30198        0.538782 
        8.04248         7.26267        0.536062 
         8.0582         7.21733        0.533356 
        8.07393         7.18856        0.530665 
        8.08963         7.14061        0.527998 
        8.10533         7.10981        0.525351 
        8.12104         7.05148        0.522719 
        8.13675         7.02522        0.520105 
        8.15245         6.98932        0.517511 
        8.16815           6.932        0.514935 
        8.18387         6.91625        0.512373 
        8.19959         6.87029        0.509827 
         8.2153          6.8334        0.507302 
        8.23101         6.78303        0.504793 
        8.24672         6.76056        0.502301 
        8.26241          6.7197         0.49983 
         8.2781         6.67471        0.497375 
        8.29381         6.63541        0.494933 
        8.30952         6.60018        0.492508 
        8.32524         6.57225        0.490098 
        8.34095         6.53351        0.487705 
        8.35666          6.4947        0.485329 
        8.37237         6.45124        0.482967 
        8.38808         6.42434        0.480622 
        8.40379         6.38959        0.478293 
         8.4195         6.35543        0.475979 
         8.4352         6.31207        0.473681 
        8.45091         6.27645        0.471399 
        8.46662          6.2509         0.46913 
        8.48232         6.21283        0.466878 
        8.49802         6.17887         0.46464 
        8.51374         6.14579        0.462415 
        8.52945         6.11471        0.460206 
        8.54515         6.07963        0.458012 
        8.56086         6.04883        0.455831 
        8.57658         6.01621        0.453664 
        8.59228         5.99135        0.451513 
        8.60799         5.95811        0.449373 
        8.62371          5.9184        0.447249 
        8.63942         5.89381        0.445138 
        8.65512         5.85468        0.443042 
        8.67082         5.83092        0.440959 
        8.68653         5.79812        0.438889 
        8.70224         5.76222        0.436832 
        8.71795         5.74342        0.434789 
        8.73365         5.71077        0.432759 
        8.74936         5.67135        0.430742 
        8.76506         5.64388        0.428739 
        8.78076         5.60997        0.426748 
        8.79646         5.59128         0.42477 
        8.81218         5.55077        0.422803 
        8.82791         5.52595        0.420846 
         8.8436          5.5059        0.418905 
         8.8593         5.46587        0.416978 
        8.87503         5.43964        0.415057 
        8.89076          5.4178         0.41315 
        8.90644         5.39153         0.41126 
        8.92214         5.35823         0.40938 
        8.93786         5.32789        0.407509 
        8.95357         5.30146        0.405651 
        8.96928         5.27057        0.403805 
        8.98498          5.2469        0.401971 
        9.00069         5.22601        0.400148 
        9.01639          5.1999        0.398336 
        9.03208         5.17511        0.396538 
        9.04778         5.14661        0.394749 
        9.06351          5.1189        0.392969 
        9.07923         5.08542          0.3912 
        9.09493         5.07278        0.389444 
        9.11062         5.04176          0.3877 
        9.12635         5.01426        0.385963 
        9.14207         4.98721        0.384237 
        9.15777          4.9593        0.382524 
        9.17346         4.94037        0.380823 
        9.18917         4.91809        0.379129 
         9.2049         4.89687        0.377445 
        9.22061         4.86361        0.375772 
        9.23631         4.84218         0.37411 
        9.25201         4.82145        0.372459 
        9.26773         4.79706        0.370816 
        9.28343         4.77384        0.369183 
        9.29913         4.75069        0.367562 
        9.31484          4.7253        0.365949 
        9.33057         4.70626        0.364344 
        9.34627         4.67974         0.36275 
        9.36197           4.656        0.361168 
        9.37768         4.63481        0.359592 
        9.39338         4.61419        0.358028 
        9.40909          4.5935        0.356472 
        9.42479         4.57232        0.354927 
         9.4405         4.55061         0.35339 
        9.45621         4.53188        0.351861 
        9.47193         4.50406        0.350342 
        9.48763         4.48606        0.348833 
        9.50334         4.46558        0.347332 
        9.51906         4.44342        0.345839 
        9.53476         4.42496        0.344357 
        9.55045         4.39982        0.342884 
        9.56616         4.37712        0.341418 
        9.58188         4.36153        0.339959 
        9.59759         4.33196        0.338509 
         9.6133         4.31766        0.337068 
        9.62901          4.3019        0.335634 
        9.64471         4.27703        0.334209 
        9.66041          4.2629        0.332792 
        9.67612         4.23657        0.331382 
        9.69184         4.22033        0.329979 
        9.70754         4.20062        0.328587 
        9.72324         4.18616        0.327202 
        9.73895         4.16438        0.325826 
        9.75467         4.14044        0.324458 
        9.77038         4.12456        0.323099 
        9.78607         4.10259        0.321751 
        9.80177            4.09        0.320411 
        9.81749         4.07076         0.31908 
         9.8332         4.05281        0.317758 
         9.8489         4.03785        0.316445 
        9.86463         4.01261        0.315139 
        9.88035         3.99972         0.31384 
        9.89606          3.9774        0.312548 
        9.91175         3.96403        0.311263 
        9.92745         3.94964        0.309982 
        9.94317         3.92872        0.308703 
        9.95888         3.91157        0.307428 
        9.97458         3.89546        0.306155 
        9.99029         3.87724        0.304883 
         10.006         3.86023        0.304098 
        10.0217         3.84435        0.304098 
        10.0374         3.82757        0.304098 
        10.0531         3.80673        0.304098 
        10.0688          3.7962        0.304098 
        10.0845         3.77595        0.304098 
        10.1002         3.76194        0.304098 
        10.1159         3.74883        0.304098 
        10.1317         3.73109        0.304098 
        10.1474         3.71282        0.304098 
        10.1631         3.70205        0.304098 
        10.1788          3.6882        0.304098 
        10.1945         3.66825        0.304098 
        10.2102         3.65721        0.304098 
        10.2259         3.63783        0.304098 
        10.2416         3.62702        0.304098 
        10.2573         3.61174        0.304098 
         10.273         3.59665        0.304098 
        10.2887         3.58643        0.304098 
        10.3044         3.56881        0.304098 
        10.3201         3.54878        0.304098 
        10.3359         3.54153        0.304098 
        10.3516         3.52556        0.304098 
        10.3673         3.51361        0.304098 
         10.383         3.49876        0.304098 
        10.3987         3.48577        0.304098 
        10.4144         3.47317        0.304098 
        10.4301         3.45818        0.304098 
        10.4458         3.44328        0.304098 
        10.4615         3.42867        0.304098 
        10.4772         3.41832        0.304098 
        10.4929         3.40391        0.304098 
        10.5086         3.39058        0.304098 
        10.5244         3.37779        0.304098 
        10.5401         3.36745        0.304098 
        10.5558         3.34902        0.304098 
        10.5715         3.34193        0.304098 
        10.5872         3.32551        0.304098 
        10.6029         3.31445        0.304098 
        10.6186         3.30344        0.304098 
        10.6343         3.29306        0.304098 
          10.65         3.28553        0.304098 
        10.6657         3.26875        0.304098 
        10.6814         3.25877        0.304098 
        10.6971          3.2468        0.304098 
        10.7129         3.23668        0.304098 
        10.7286          3.2254        0.304098 
        10.7443         3.21314        0.304098 
          10.76          3.2006        0.304098 
        10.7757         3.18586        0.304098 
        10.7914         3.18231        0.304098 
        10.8071         3.16877        0.304098 
        10.8228         3.15735        0.304098 
        10.8385           3.147        0.304098 
        10.8542         3.13668        0.304098 
        10.8699         3.12539        0.304098 
        10.8856         3.11759        0.304098 
        10.9014          3.1067        0.304098 
        10.9171          3.0993        0.304098 
        10.9328         3.08584        0.304098 
        10.9485         3.07683        0.304098 
        10.9642         3.06568        0.304098 
        10.9799         3.05778        0.304098 
        10.9956         3.04999        0.304098 
        11.0113         3.03529        0.304098 
         11.027         3.02581        0.304098 
        11.0427         3.02208        0.304098 
        11.0584         3.01216        0.304098 
        11.0741         3.00205        0.304098 
        11.0898         2.99138        0.304098 
        11.1055         2.98612        0.304098 
        11.1212         2.97446        0.304098 
         11.137         2.96629        0.304098 
        11.1527          2.9588        0.304098 
        11.1684         2.94926        0.304098 
        11.1841         2.94365        0.304098 
        11.1998         2.93396        0.304098 
        11.2155          2.9277        0.304098 
        11.2312          2.9185        0.304098 
        11.2469         2.91184        0.304098 
        11.2626         2.90645        0.304098 
        11.2783         2.89788        0.304098 
         11.294         2.88777        0.304098 
        11.3097         2.88156        0.304098 
        11.3254          2.8747        0.304098 
        11.3412         2.86787        0.304098 
        11.3569         2.86088        0.304098 
        11.3726         2.85343        0.304098 
        11.3883          2.8457        0.304098 
         11.404         2.84019        0.304098 
        11.4197         2.83348        0.304098 
        11.4354         2.82598        0.304098 
        11.4511         2.81753        0.304098 
        11.4668         2.81541        0.304098 
        11.4825         2.80727        0.304098 
        11.4982         2.80193        0.304098 
         11.514         2.79523        0.304098 
        11.5297          2.7888        0.304098 
        11.5454         2.78532        0.304098 
        11.5611         2.77484        0.304098 
        11.5768         2.77294        0.304098 
        11.5925         2.76716        0.304098 
        11.6082         2.76223        0.304098 
        11.6239         2.75647        0.304098 
        11.6396         2.75031        0.304098 
        11.6553         2.74624        0.304098 
         11.671         2.73879        0.304098 
        11.6867         2.73677        0.304098 
        11.7024         2.73547        0.304098 
        11.7182         2.72886        0.304098 
        11.7339         2.72507        0.304098 
        11.7496         2.71792        0.304098 
        11.7653         2.71344        0.304098 
         11.781         2.70808        0.304098 
        11.7967         2.70767        0.304098 
        11.8124         2.70178        0.304098 
        11.8281         2.69893        0.304098 
        11.8438         2.69843        0.304098 
        11.8595         2.69064        0.304098 
        11.8752         2.69135        0.304098 
         11.891         2.68601        0.304098 
        11.9067         2.68224        0.304098 
        11.9224         2.67878        0.304098 
        11.9381         2.67517        0.304098 
        11.9538         2.67153        0.304098 
        11.9695         2.67004        0.304098 
        11.9852         2.67057        0.304098 
        12.0009         2.66572        0.304098 
        12.0166         2.66378        0.304098 
        12.0323         2.66005        0.304098 
         12.048         2.66082        0.304098 
        12.0637         2.65351        0.304098 
