# k  (h/Mpc)    Pcb(k)  (Mpc/h)^3    Pcb_linear(k) (Mpc/h)^3   ShotnoiseSubtracted = true
      0.0200456         295.448         298.951 
      0.0350414         233.888         234.408 
      0.0492313          185.87         185.723 
      0.0637834         151.599         151.023 
      0.0800726         115.207         114.083 
       0.096163         89.5913         89.7337 
       0.111083         75.3159         75.9594 
       0.126058         63.3326         63.1439 
       0.142273         51.8473         51.3825 
       0.158546         43.9483         43.7719 
        0.17375         37.8719          38.083 
       0.188953         32.8726         32.7398 
       0.204907          28.932          28.341 
       0.220756         25.2354         25.0489 
        0.23588         22.4007         22.2489 
         0.2514         19.7871         19.7143 
       0.267535         17.6913         17.5818 
       0.283568         15.9263         15.7988 
       0.299022         14.4311         14.2667 
       0.314451         12.9257          12.935 
       0.330372         11.8392         11.7611 
       0.346141         10.8072         10.7365 
       0.361624         9.94605         9.84024 
       0.377134          9.1989         9.04756 
       0.392932         8.28046         8.33327 
       0.408854         7.81108         7.68922 
       0.424564         7.19278         7.11876 
       0.440253         6.67698         6.60815 
       0.455999         6.25787         6.14648 
       0.471626          5.8614         5.73124 
        0.48727          5.4401         5.35389 
       0.502856          5.0762         5.01192 
       0.518488         4.82638         4.69896 
       0.534347         4.56296         4.40863 
       0.550082         4.21032         4.14486 
       0.565732         3.91023         3.90399 
       0.581496         3.76916         3.68074 
       0.597222         3.57667         3.47542 
       0.612804         3.35584          3.2875 
       0.628434         3.21673         3.11302 
       0.644267         3.03369         2.94922 
       0.660051         2.86656         2.79771 
       0.675724         2.73272         2.65782 
       0.691403          2.6169         2.52748 
       0.707174         2.47704         2.40523 
       0.722871         2.35311         2.29161 
        0.73838         2.26574         2.18658 
       0.754018         2.18113         2.08738 
       0.769845         2.07013         1.99327 
        0.78569         1.98115         1.90488 
       0.801365         1.89258         1.82274 
       0.817031         1.81993         1.74551 
       0.832809         1.74404         1.67227 
       0.848511         1.66229         1.60357 
       0.864097         1.58909         1.53921 
       0.879701         1.52813         1.47834 
       0.895507         1.47896         1.42005 
       0.911279         1.43114         1.36504 
        0.92691         1.37248          1.3134 
       0.942635         1.31962         1.26417 
       0.958396         1.26674         1.21736 
       0.974128         1.22295         1.17302 
       0.989692         1.18782         1.13133 
        1.00528         1.14363         1.09163 
        1.02113         1.09463         1.05321 
        1.03692         1.06924         1.01679 
        1.05264         1.03081        0.982275 
        1.06832        0.999319        0.949421 
        1.08405        0.955742        0.917989 
        1.09979        0.927977        0.887969 
        1.11537           0.906        0.859594 
        1.13105        0.878399        0.832296 
        1.14679        0.855099        0.806083 
        1.16256        0.819325        0.780953 
        1.17828        0.796996        0.756981 
        1.19395        0.771071          0.7341 
         1.2097        0.742793        0.712052 
        1.22537        0.729319         0.69102 
          1.241        0.707615        0.670903 
        1.25666        0.694371         0.65154 
        1.27241        0.666331        0.632854 
        1.28819        0.647735        0.614871 
        1.30392         0.63339        0.597641 
        1.31957        0.616167        0.581151 
        1.33529         0.59759        0.565225 
        1.35108        0.581163        0.549834 
        1.36674        0.560351        0.535128 
         1.3824        0.553804        0.520976 
        1.39811        0.536387        0.507289 
        1.41389        0.524087        0.494044 
        1.42964        0.512551        0.481295 
        1.44531        0.495424         0.46906 
        1.46101        0.486673        0.457226 
        1.47667        0.468035        0.445836 
        1.49229        0.461995        0.434866 
        1.50793         0.44781        0.424253 
        1.52367        0.439259        0.413928 
        1.53953        0.427606        0.403878 
        1.55526        0.418605        0.394242 
        1.57092        0.406528        0.384962 
        1.58662        0.399083        0.375959 
        1.60235        0.390678        0.367228 
        1.61809        0.378144         0.35877 
        1.63369        0.375071        0.350654 
        1.64941        0.363826        0.342732 
        1.66519        0.355093        0.335027 
        1.68085        0.345812        0.327614 
        1.69652          0.3387        0.320423 
        1.71228        0.333541        0.313408 
        1.72806        0.323329        0.306598 
        1.74368         0.31981        0.300059 
        1.75933        0.311452        0.293699 
        1.77505        0.304696        0.287493 
        1.79081          0.2995        0.281456 
         1.8065        0.290336        0.275618 
        1.82218        0.286443        0.269952 
        1.83797        0.279763        0.264406 
        1.85367        0.275688        0.259047 
        1.86928         0.26967        0.253869 
        1.88497        0.264418        0.248805 
        1.90073        0.258553         0.24386 
        1.91647        0.254114        0.239055 
        1.93218        0.247932        0.234389 
        1.94787        0.243474        0.229855 
        1.96363         0.23927        0.225423 
        1.97935        0.233191        0.221117 
        1.99499        0.229729        0.216948 
        2.01064        0.225626        0.212881 
         2.0264        0.220385        0.208893 
        2.04216        0.218361        0.205009 
        2.05781         0.21331        0.201248 
        2.07353        0.208093        0.197569 
        2.08928        0.204359        0.193973 
        2.10499        0.200959        0.190477 
        2.12065        0.198531        0.187078 
        2.13633        0.194144        0.183758 
        2.15211        0.191455        0.180498 
        2.16785        0.187394        0.177327 
        2.18349        0.182905        0.174251 
        2.19916        0.181662        0.171242 
        2.21489        0.177847        0.168294 
        2.23063        0.175131        0.165414 
         2.2463        0.171726        0.162614 
        2.26194        0.168178        0.159886 
        2.27765        0.165592        0.157207 
        2.29341        0.163253        0.154582 
        2.30914        0.160142        0.152023 
        2.32486        0.157309        0.149523 
        2.34061        0.154963        0.147075 
        2.35635        0.152025        0.144684 
        2.37203         0.14981        0.142355 
        2.38768        0.147195        0.140082 
        2.40339        0.145088         0.13785 
        2.41914        0.143166        0.135662 
        2.43483        0.140289        0.133529 
         2.4505        0.137411        0.131445 
        2.46622         0.13534        0.129399 
        2.48195        0.133353        0.127397 
        2.49759        0.132308        0.125447 
        2.51328        0.130048        0.123533 
        2.52906        0.127775        0.121647 
        2.54479        0.125309        0.119808 
        2.56049        0.123294         0.11801 
        2.57618        0.121441        0.116251 
        2.59189        0.119998        0.114525 
        2.60758        0.118591        0.112836 
        2.62325        0.116191        0.111184 
        2.63898        0.114684        0.109559 
        2.65468         0.11251         0.10797 
        2.67044        0.111341        0.106406 
        2.68618        0.109749        0.104876 
        2.70184        0.107716        0.103383 
        2.71755        0.105927        0.101915 
        2.73329        0.104858        0.100473 
        2.74897        0.103703       0.0990638 
        2.76462        0.101715       0.0976848 
        2.78034        0.100298       0.0963264 
        2.79607        0.098663       0.0949924 
        2.81179       0.0977417       0.0936852 
        2.82749       0.0961631       0.0924041 
        2.84321       0.0947731       0.0911455 
        2.85893       0.0937125       0.0899107 
        2.87462       0.0927959       0.0887009 
        2.89033       0.0910836       0.0875123 
        2.90605       0.0894838       0.0863445 
        2.92176       0.0887273       0.0851985 
        2.93747       0.0872323        0.084074 
        2.95318       0.0860992       0.0829695 
        2.96891       0.0849764       0.0818844 
        2.98456       0.0839653       0.0808235 
        3.00023       0.0827315       0.0797799 
        3.01596       0.0817354       0.0787514 
        3.03164       0.0809519        0.077744 
        3.04738       0.0795292       0.0767513 
         3.0631       0.0785226       0.0757763 
        3.07883       0.0774404       0.0748181 
        3.09456       0.0766363       0.0738767 
        3.11026       0.0754855        0.072953 
        3.12596       0.0747752       0.0720451 
        3.14163       0.0736617       0.0711548 
        3.15734       0.0729361       0.0702775 
        3.17308       0.0720435       0.0694128 
        3.18879        0.070973       0.0685651 
        3.20447        0.070154       0.0677327 
         3.2202       0.0695223       0.0669116 
         3.2359       0.0685887       0.0661056 
        3.25157       0.0675123       0.0653148 
        3.26729        0.066735       0.0645345 
        3.28304       0.0663074       0.0637654 
        3.29877       0.0653272       0.0630099 
        3.31446        0.064576       0.0622683 
        3.33014       0.0640313       0.0615392 
        3.34585       0.0631166       0.0608207 
        3.36158       0.0623798       0.0601126 
        3.37727        0.061785        0.059418 
        3.39294       0.0611442       0.0587351 
        3.40867       0.0602997       0.0580603 
        3.42439       0.0596541       0.0573966 
        3.44008       0.0588667       0.0567445 
        3.45578       0.0584905       0.0561021 
        3.47153       0.0577049       0.0554682 
        3.48724       0.0573212       0.0548452 
        3.50292       0.0564146       0.0542333 
        3.51859       0.0557356       0.0536309 
        3.53431       0.0554034       0.0530359 
        3.55007       0.0547814       0.0524484 
        3.56577       0.0542079       0.0518721 
        3.58146       0.0536553       0.0513048 
        3.59719       0.0533128       0.0507446 
        3.61292       0.0526298        0.050193 
        3.62859       0.0519837       0.0496516 
        3.64429       0.0515685       0.0491172 
        3.66003       0.0509639        0.048589 
        3.67578       0.0505003       0.0480688 
        3.69146       0.0499653       0.0475582 
        3.70712       0.0497201       0.0470559 
        3.72284       0.0492781        0.046559 
        3.73853       0.0486082       0.0460701 
        3.75422       0.0483315       0.0455881 
        3.76993       0.0475952       0.0451125 
        3.78564        0.047233        0.044644 
        3.80137       0.0468033       0.0441813 
        3.81707       0.0463565       0.0437261 
        3.83279       0.0460673        0.043277 
        3.84853       0.0456059       0.0428335 
        3.86424        0.045205       0.0423971 
        3.87992       0.0447348       0.0419673 
        3.89561       0.0443232       0.0415435 
        3.91134       0.0439444       0.0411247 
        3.92704       0.0435328       0.0407122 
        3.94273       0.0431062       0.0403057 
        3.95845       0.0428828       0.0399041 
        3.97418       0.0423656       0.0395078 
        3.98988       0.0419995       0.0391174 
        4.00554       0.0416073       0.0387334 
        4.02125       0.0411217       0.0383534 
        4.03698       0.0405263       0.0379779 
        4.05268       0.0401825       0.0376083 
        4.06839       0.0396409       0.0372434 
         4.0841       0.0390897       0.0368834 
        4.09983       0.0386129       0.0365277 
        4.11555       0.0382184       0.0361768 
        4.13124       0.0377791       0.0358314 
        4.14693       0.0371596       0.0354903 
        4.16266       0.0368563       0.0351528 
        4.17839       0.0364691         0.03482 
        4.19408       0.0360776       0.0344921 
        4.20977        0.035614       0.0341684 
        4.22551       0.0351537        0.033848 
        4.24123       0.0348419       0.0335321 
        4.25691       0.0344932       0.0332211 
        4.27259       0.0341043       0.0329139 
        4.28831       0.0338567         0.03261 
        4.30404       0.0335322       0.0323096 
        4.31974       0.0332891       0.0320137 
        4.33543       0.0330295       0.0317216 
        4.35116       0.0327034       0.0314325 
        4.36688       0.0324906       0.0311471 
        4.38255       0.0321365       0.0308663 
        4.39825       0.0320097       0.0305883 
        4.41398       0.0319347       0.0303132 
         4.4297       0.0316673       0.0300418 
        4.44541        0.031456       0.0297738 
        4.46111       0.0312755       0.0295092 
        4.47683       0.0311278       0.0292477 
        4.49251       0.0309023       0.0289898 
        4.50819        0.030806       0.0287352 
         4.5239       0.0306694       0.0284832 
        4.53962       0.0305928       0.0282339 
        4.55535       0.0305075       0.0279875 
        4.57106       0.0304295       0.0277444 
        4.58678       0.0302456       0.0275041 
         4.6025       0.0302661       0.0272666 
        4.61821       0.0302581        0.027032 
        4.63391       0.0302237       0.0268004 
         4.6496       0.0300837       0.0265716 
        4.66532       0.0301597       0.0263452 
        4.68103       0.0301435       0.0261214 
        4.69673       0.0301497       0.0259005 
        4.71241       0.0302352       0.0256824 
        4.72811       0.0301873       0.0254664 
        4.74384       0.0302682       0.0252526 
        4.75955        0.030397       0.0250416 
        4.77525       0.0304363       0.0248331 
        4.79096       0.0304407       0.0246268 
        4.80669       0.0305009       0.0244227 
         4.8224       0.0307363       0.0242211 
        4.83809       0.0308771        0.024022 
        4.85379       0.0309718        0.023825 
         4.8695       0.0311273       0.0236301 
        4.88521       0.0313183       0.0234375 
        4.90093       0.0315884       0.0232469 
        4.91663       0.0317792       0.0230587 
        4.93234       0.0318869       0.0228723 
        4.94807       0.0320029       0.0226879 
        4.96377       0.0323981       0.0225058 
        4.97943        0.032699       0.0223262 
        4.99514       0.0328492        0.022148 
        5.01086        0.033176       0.0219716 
        5.02654       0.0333403       0.0217976 
        5.04227        0.033699        0.021625 
          5.058       0.0341411       0.0214542 
        5.07371       0.0342453       0.0212855 
        5.08942       0.0347858       0.0211186 
        5.10513       0.0352973       0.0209535 
        5.12084       0.0354838       0.0207901 
        5.13656       0.0358685       0.0206285 
        5.15225       0.0363547       0.0204688 
        5.16796       0.0367539       0.0203106 
        5.18369       0.0371481       0.0201539 
         5.1994        0.037682       0.0199992 
        5.21509       0.0381356       0.0198462 
        5.23079       0.0386564       0.0196946 
        5.24649       0.0391258       0.0195447 
        5.26217       0.0396626       0.0193965 
        5.27788       0.0402934       0.0192496 
        5.29359       0.0409432       0.0191043 
        5.30933        0.041405       0.0189602 
        5.32504       0.0421022       0.0188178 
        5.34073       0.0427906        0.018677 
        5.35646       0.0433701       0.0185374 
        5.37218       0.0440432       0.0183993 
        5.38789       0.0449898       0.0182627 
        5.40357        0.045584       0.0181277 
        5.41929       0.0463389       0.0179937 
        5.43502       0.0469608       0.0178611 
         5.4507       0.0477812       0.0177301 
        5.46639       0.0488056       0.0176005 
        5.48212       0.0495487       0.0174718 
        5.49786       0.0506367       0.0173442 
        5.51353       0.0514869       0.0172186 
        5.52921       0.0522066       0.0170941 
        5.54495       0.0533624       0.0169704 
        5.56066       0.0543339       0.0168481 
        5.57637       0.0552769        0.016727 
        5.59207       0.0565323       0.0166072 
        5.60778       0.0575567       0.0164886 
        5.62346        0.058737       0.0163712 
        5.63916       0.0597872       0.0162549 
        5.65487       0.0608279       0.0161397 
         5.6706       0.0619939       0.0160255 
        5.68633       0.0636302       0.0159123 
        5.70203       0.0646168       0.0158004 
        5.71773       0.0660744       0.0156896 
        5.73344       0.0672906       0.0155799 
        5.74916       0.0690265       0.0154711 
        5.76486       0.0702464       0.0153634 
        5.78054       0.0715723        0.015257 
        5.79626        0.073158       0.0151513 
          5.812       0.0748661       0.0150464 
         5.8277        0.076122       0.0149429 
        5.84339       0.0777759       0.0148403 
        5.85911       0.0797281       0.0147385 
        5.87484       0.0811288       0.0146377 
        5.89053       0.0831681        0.014538 
        5.90623       0.0853438       0.0144392 
        5.92195       0.0869855       0.0143412 
        5.93767       0.0890779       0.0142441 
        5.95336       0.0905956        0.014148 
        5.96905       0.0933574       0.0140529 
        5.98476       0.0949502       0.0139585 
        6.00048       0.0965819        0.013865 
        6.01617       0.0994837       0.0137725 
        6.03185        0.101479       0.0136809 
        6.04756        0.104061       0.0135899 
        6.06331        0.106069       0.0134995 
        6.07903        0.108441       0.0134102 
        6.09473        0.111292       0.0133217 
        6.11044        0.114076        0.013234 
        6.12616        0.116584       0.0131471 
        6.14186        0.119684        0.013061 
        6.15755        0.122143       0.0129757 
        6.17326         0.12501       0.0128911 
        6.18898         0.12818       0.0128073 
        6.20467        0.131095       0.0127243 
        6.22036        0.133641        0.012642 
         6.2361        0.136807       0.0125603 
         6.2518        0.140122       0.0124794 
        6.26748        0.142882       0.0123994 
        6.28319         0.14709       0.0123199 
        6.29893        0.150356        0.012241 
        6.31463         0.15402        0.012163 
        6.33033        0.157056       0.0120856 
        6.34604        0.161832       0.0120089 
        6.36177        0.164212       0.0119327 
        6.37747        0.169405       0.0118574 
        6.39316        0.172017       0.0117828 
        6.40888        0.176292       0.0117086 
         6.4246        0.180967       0.0116351 
        6.44031         0.18482       0.0115622 
        6.45601        0.188645       0.0114901 
        6.47172        0.195211       0.0114185 
        6.48744        0.199052       0.0113475 
        6.50313        0.201838       0.0112772 
        6.51882        0.207598       0.0112075 
        6.53452        0.211021       0.0111384 
        6.55025        0.217879       0.0110697 
        6.56597        0.221937       0.0110016 
        6.58166        0.227478       0.0109343 
        6.59736        0.234702       0.0108674 
        6.61307        0.237079       0.0108011 
         6.6288        0.240776       0.0107353 
         6.6445        0.249804       0.0106701 
         6.6602         0.25375       0.0106054 
        6.67592        0.260681       0.0105413 
        6.69164        0.266204       0.0104776 
        6.70735        0.271759       0.0104146 
        6.72304        0.280063       0.0103521 
        6.73874          0.2839       0.0102901 
        6.75446        0.291217       0.0102285 
        6.77016        0.296907       0.0101675 
        6.78585        0.303227        0.010107 
        6.80156        0.307211        0.010047 
        6.81729        0.315591       0.0099874 
        6.83301        0.320923      0.00992827 
         6.8487        0.329946      0.00986976 
         6.8644        0.335332      0.00981167 
        6.88012        0.342431        0.009754 
        6.89583         0.35155      0.00969684 
        6.91151        0.358574      0.00964021 
        6.92723        0.363054       0.0095839 
        6.94296        0.373616      0.00952802 
        6.95866        0.379273      0.00947268 
        6.97436        0.385384      0.00941778 
        6.99007        0.391701      0.00936329 
        7.00578        0.402998      0.00930923 
        7.02147        0.410685      0.00925566 
        7.03718        0.414512      0.00920246 
         7.0529        0.427536      0.00914962 
        7.06863         0.43192      0.00909718 
        7.08433         0.44034      0.00904522 
        7.10004        0.446998      0.00899368 
        7.11575        0.456562      0.00894253 
        7.13145        0.462847      0.00889179 
        7.14715        0.468829      0.00884145 
        7.16284        0.476804      0.00879156 
        7.17855        0.488719      0.00874195 
        7.19428        0.494723      0.00869268 
        7.20998        0.501364      0.00864388 
        7.22568        0.508986      0.00859546 
        7.24139         0.51746      0.00854738 
        7.25711        0.525791      0.00849966 
        7.27282        0.532371       0.0084523 
        7.28852        0.536504      0.00840536 
        7.30423         0.54719      0.00835872 
        7.31995            0.55      0.00831244 
        7.33565         0.55949      0.00826654 
        7.35135        0.564945      0.00822098 
        7.36706        0.568096      0.00817577 
        7.38277        0.580091      0.00813087 
        7.39847        0.587417      0.00808633 
        7.41419        0.590255       0.0080421 
         7.4299        0.605616      0.00799821 
        7.44561        0.610824      0.00795465 
        7.46132        0.611712      0.00791142 
        7.47701        0.615063      0.00786856 
        7.49272        0.623487      0.00782597 
        7.50842        0.630551      0.00778371 
         7.5241        0.637267      0.00774182 
        7.53981         0.64326      0.00770018 
        7.55552        0.639893      0.00765882 
        7.57125        0.648633      0.00761773 
        7.58698        0.650863      0.00757693 
        7.60268        0.658978      0.00753651 
         7.6184        0.660078      0.00749635 
        7.63411         0.66801      0.00745649 
        7.64981         0.67059      0.00741694 
        7.66552        0.669645      0.00737768 
        7.68123        0.673307      0.00733868 
        7.69695        0.681433      0.00729995 
        7.71264        0.680263      0.00726156 
        7.72834        0.684614      0.00722343 
        7.74407        0.690041      0.00718551 
        7.75978        0.692846      0.00714788 
        7.77546        0.691281      0.00711061 
        7.79116        0.688391      0.00707357 
         7.8069        0.695647      0.00703671 
         7.8226        0.691146      0.00700017 
        7.83828        0.693937      0.00696395 
        7.85399         0.69866      0.00692794 
        7.86972        0.687508      0.00689211 
        7.88543        0.692535       0.0068566 
        7.90111        0.692509       0.0068214 
        7.91681        0.689401       0.0067864 
        7.93255         0.69001      0.00675157 
        7.94828        0.691303        0.006717 
        7.96397        0.689797      0.00668273 
        7.97967        0.695247      0.00664871 
        7.99538        0.689896       0.0066149 
         8.0111        0.688046      0.00658132 
         8.0268        0.686519      0.00654799 
        8.04248        0.682223      0.00651493 
         8.0582        0.680534      0.00648204 
        8.07393        0.682724      0.00644934 
        8.08963        0.678286      0.00641693 
        8.10533        0.675634      0.00638475 
        8.12104        0.670793      0.00635276 
        8.13675        0.669743        0.006321 
        8.15245        0.667756      0.00628947 
        8.16815        0.667312      0.00625816 
        8.18387        0.663922      0.00622702 
        8.19959        0.664784      0.00619609 
         8.2153        0.660712       0.0061654 
        8.23101        0.653983      0.00613491 
        8.24672        0.654079      0.00610463 
        8.26241        0.646995      0.00607459 
         8.2781        0.645859      0.00604476 
        8.29381        0.643199      0.00601508 
        8.30952        0.645121      0.00598561 
        8.32524        0.639724      0.00595631 
        8.34095        0.635379      0.00592723 
        8.35666        0.628056      0.00589835 
        8.37237        0.631167      0.00586965 
        8.38808        0.622618      0.00584115 
        8.40379        0.623923      0.00581284 
         8.4195        0.618826      0.00578473 
         8.4352        0.612655       0.0057568 
        8.45091        0.613554      0.00572906 
        8.46662        0.609085      0.00570148 
        8.48232        0.609865      0.00567411 
        8.49802        0.601607      0.00564692 
        8.51374        0.596905      0.00561988 
        8.52945        0.598382      0.00559302 
        8.54515         0.59462      0.00556637 
        8.56086        0.592301      0.00553985 
        8.57658        0.588315      0.00551352 
        8.59228        0.583437      0.00548738 
        8.60799        0.580093      0.00546138 
        8.62371        0.577567      0.00543555 
        8.63942        0.577985       0.0054099 
        8.65512        0.573121      0.00538443 
        8.67082        0.568485      0.00535912 
        8.68653        0.568205      0.00533396 
        8.70224        0.566969      0.00530896 
        8.71795        0.563667      0.00528413 
        8.73365         0.55892      0.00525946 
        8.74936        0.558265      0.00523494 
        8.76506        0.557261       0.0052106 
        8.78076        0.554903       0.0051864 
        8.79646        0.551773      0.00516236 
        8.81218        0.547197      0.00513845 
        8.82791        0.546164      0.00511467 
         8.8436        0.543808      0.00509109 
         8.8593        0.542592      0.00506766 
        8.87503        0.541066      0.00504432 
        8.89076        0.538159      0.00502115 
        8.90644         0.53974      0.00499817 
        8.92214        0.534399      0.00497533 
        8.93786        0.533278      0.00495259 
        8.95357        0.530441      0.00493001 
        8.96928        0.526827      0.00490757 
        8.98498         0.52878      0.00488528 
        9.00069        0.525935      0.00486313 
        9.01639        0.527341       0.0048411 
        9.03208        0.524354      0.00481925 
        9.04778        0.525104      0.00479751 
        9.06351        0.518997      0.00477587 
        9.07923        0.522509      0.00475437 
        9.09493        0.521725      0.00473303 
        9.11062        0.516179      0.00471184 
        9.12635        0.519149      0.00469073 
        9.14207        0.519436      0.00466976 
        9.15777        0.515676      0.00464894 
        9.17346        0.516483      0.00462826 
        9.18917        0.514179      0.00460768 
         9.2049         0.51647       0.0045872 
        9.22061        0.511546      0.00456687 
        9.23631        0.516067      0.00454668 
        9.25201        0.514015      0.00452661 
        9.26773         0.51283      0.00450664 
        9.28343        0.514882       0.0044868 
        9.29913        0.511426      0.00446709 
        9.31484        0.516346      0.00444749 
        9.33057         0.51341      0.00442798 
        9.34627        0.514196      0.00440862 
        9.36197        0.515625      0.00438938 
        9.37768        0.512838      0.00437024 
        9.39338        0.515672      0.00435122 
        9.40909        0.513053      0.00433232 
        9.42479        0.516266      0.00431353 
         9.4405        0.515059      0.00429485 
        9.45621        0.513265      0.00427628 
        9.47193        0.517956      0.00425782 
        9.48763        0.515349      0.00423947 
        9.50334        0.519579      0.00422123 
        9.51906        0.519967      0.00420309 
        9.53476        0.518658      0.00418508 
        9.55045        0.522015      0.00416717 
        9.56616         0.51858      0.00414936 
        9.58188         0.52356      0.00413163 
        9.59759        0.520713      0.00411401 
         9.6133         0.52374      0.00409649 
        9.62901         0.52633      0.00407907 
        9.64471        0.524475      0.00406175 
        9.66041        0.530111      0.00404453 
        9.67612        0.525854      0.00402739 
        9.69184        0.532257      0.00401034 
        9.70754        0.531828      0.00399342 
        9.72324        0.531019      0.00397659 
        9.73895        0.536907      0.00395987 
        9.75467        0.532374      0.00394324 
        9.77038        0.540512      0.00392673 
        9.78607        0.537476      0.00391034 
        9.80177        0.539612      0.00389406 
        9.81749        0.543501      0.00387787 
         9.8332        0.538397      0.00386181 
         9.8489        0.548885      0.00384586 
        9.86463        0.542651      0.00382998 
        9.88035        0.550139      0.00381419 
        9.89606        0.550351       0.0037985 
        9.91175        0.549201      0.00378288 
        9.92745        0.556807      0.00376731 
        9.94317        0.551053      0.00375177 
        9.95888        0.560151      0.00373627 
        9.97458        0.560325       0.0037208 
        9.99029        0.559699      0.00370534 
         10.006        0.563469       0.0036958 
        10.0217        0.559926       0.0036958 
        10.0374         0.57154       0.0036958 
        10.0531        0.565555       0.0036958 
        10.0688         0.57119       0.0036958 
        10.0845         0.57325       0.0036958 
        10.1002        0.569368       0.0036958 
        10.1159        0.580116       0.0036958 
        10.1317        0.574141       0.0036958 
        10.1474        0.581572       0.0036958 
        10.1631        0.581551       0.0036958 
        10.1788        0.579697       0.0036958 
        10.1945        0.589648       0.0036958 
        10.2102         0.58013       0.0036958 
        10.2259         0.59359       0.0036958 
        10.2416        0.587224       0.0036958 
        10.2573        0.592195       0.0036958 
         10.273        0.596621       0.0036958 
        10.2887         0.59003       0.0036958 
        10.3044          0.6049       0.0036958 
        10.3201        0.594498       0.0036958 
        10.3359         0.60439       0.0036958 
        10.3516        0.602723       0.0036958 
        10.3673        0.601045       0.0036958 
         10.383        0.610328       0.0036958 
        10.3987        0.601901       0.0036958 
        10.4144        0.614009       0.0036958 
        10.4301        0.610411       0.0036958 
        10.4458        0.610824       0.0036958 
        10.4615        0.616468       0.0036958 
        10.4772        0.610239       0.0036958 
        10.4929         0.62464       0.0036958 
        10.5086        0.616531       0.0036958 
        10.5244        0.620784       0.0036958 
        10.5401        0.623857       0.0036958 
        10.5558        0.617299       0.0036958 
        10.5715        0.630917       0.0036958 
        10.5872        0.622139       0.0036958 
        10.6029         0.62947       0.0036958 
        10.6186        0.628761       0.0036958 
        10.6343         0.62801       0.0036958 
          10.65        0.634704       0.0036958 
        10.6657        0.625681       0.0036958 
        10.6814        0.639496       0.0036958 
        10.6971        0.632015       0.0036958 
        10.7129        0.637662       0.0036958 
        10.7286        0.640134       0.0036958 
        10.7443        0.632085       0.0036958 
          10.76        0.645202       0.0036958 
        10.7757        0.635216       0.0036958 
        10.7914        0.644828       0.0036958 
        10.8071        0.642163       0.0036958 
        10.8228        0.641756       0.0036958 
        10.8385        0.650047       0.0036958 
        10.8542        0.638574       0.0036958 
        10.8699        0.652277       0.0036958 
        10.8856         0.64478       0.0036958 
        10.9014        0.646956       0.0036958 
        10.9171          0.6526       0.0036958 
        10.9328        0.641538       0.0036958 
        10.9485        0.655228       0.0036958 
        10.9642        0.648158       0.0036958 
        10.9799        0.651523       0.0036958 
        10.9956        0.653866       0.0036958 
        11.0113        0.647915       0.0036958 
         11.027        0.659021       0.0036958 
        11.0427        0.648939       0.0036958 
        11.0584          0.6577       0.0036958 
        11.0741        0.655157       0.0036958 
        11.0898        0.654607       0.0036958 
        11.1055        0.660352       0.0036958 
        11.1212        0.649339       0.0036958 
         11.137        0.663528       0.0036958 
        11.1527        0.655323       0.0036958 
        11.1684        0.660727       0.0036958 
        11.1841         0.65993       0.0036958 
        11.1998        0.653341       0.0036958 
        11.2155        0.665968       0.0036958 
        11.2312        0.656042       0.0036958 
        11.2469        0.663058       0.0036958 
        11.2626        0.660931       0.0036958 
        11.2783        0.657881       0.0036958 
         11.294        0.663249       0.0036958 
        11.3097        0.655368       0.0036958 
        11.3254        0.666701       0.0036958 
        11.3412        0.659808       0.0036958 
        11.3569        0.660754       0.0036958 
        11.3726         0.66417       0.0036958 
        11.3883        0.658501       0.0036958 
         11.404        0.666538       0.0036958 
        11.4197        0.661449       0.0036958 
        11.4354        0.665809       0.0036958 
        11.4511        0.664107       0.0036958 
        11.4668         0.66082       0.0036958 
        11.4825        0.668852       0.0036958 
        11.4982         0.66048       0.0036958 
         11.514        0.668467       0.0036958 
        11.5297        0.663665       0.0036958 
        11.5454        0.663285       0.0036958 
        11.5611        0.668528       0.0036958 
        11.5768        0.660505       0.0036958 
        11.5925        0.671058       0.0036958 
        11.6082        0.664497       0.0036958 
        11.6239        0.667035       0.0036958 
        11.6396        0.667142       0.0036958 
        11.6553        0.663126       0.0036958 
         11.671        0.672006       0.0036958 
        11.6867        0.663077       0.0036958 
        11.7024        0.669515       0.0036958 
        11.7182        0.667413       0.0036958 
        11.7339        0.666219       0.0036958 
        11.7496        0.668718       0.0036958 
        11.7653        0.664096       0.0036958 
         11.781          0.6709       0.0036958 
        11.7967        0.668052       0.0036958 
        11.8124        0.668907       0.0036958 
        11.8281        0.670089       0.0036958 
        11.8438        0.665782       0.0036958 
        11.8595        0.673125       0.0036958 
        11.8752        0.669134       0.0036958 
         11.891        0.669819       0.0036958 
        11.9067        0.671022       0.0036958 
        11.9224        0.670182       0.0036958 
        11.9381        0.674061       0.0036958 
        11.9538        0.668866       0.0036958 
        11.9695        0.673603       0.0036958 
        11.9852          0.6704       0.0036958 
        12.0009        0.672033       0.0036958 
        12.0166        0.675476       0.0036958 
        12.0323         0.66913       0.0036958 
         12.048        0.676415       0.0036958 
        12.0637        0.670233       0.0036958 
