# k  (h/Mpc)    Pcb(k)  (Mpc/h)^3    Pcb_linear(k) (Mpc/h)^3   ShotnoiseSubtracted = true
      0.0200456         75.2376         76.0709 
      0.0350414         59.9306         59.6473 
      0.0492313         47.3152         47.2591 
      0.0637834         38.3009         38.4291 
      0.0800726         29.0905         29.0295 
       0.096163         22.9661         22.8336 
       0.111083         19.3994         19.3286 
       0.126058         16.0552         16.0676 
       0.142273          13.092         13.0748 
       0.158546         11.1372         11.1382 
        0.17375         9.71504         9.69059 
       0.188953         8.34461         8.33096 
       0.204907         7.16672         7.21163 
       0.220756         6.36548         6.37394 
        0.23588         5.65419         5.66144 
         0.2514         5.01981         5.01649 
       0.267535         4.47989         4.47385 
       0.283568         4.01944         4.02014 
       0.299022         3.62954          3.6303 
       0.314451         3.31275         3.29144 
       0.330372         2.99951         2.99272 
       0.346141         2.73771         2.73201 
       0.361624         2.50461         2.50394 
       0.377134         2.29923         2.30224 
       0.392932         2.14244         2.12048 
       0.408854         1.95622         1.95659 
       0.424564         1.82511         1.81144 
       0.440253         1.68709         1.68151 
       0.455999         1.56159         1.56403 
       0.471626         1.45551         1.45837 
        0.48727         1.37044         1.36235 
       0.502856         1.28392         1.27533 
       0.518488         1.19325         1.19569 
       0.534347         1.11633         1.12182 
       0.550082         1.05871          1.0547 
       0.565732         1.00348        0.993406 
       0.581496        0.940002        0.936598 
       0.597222        0.886989        0.884353 
       0.612804        0.838732        0.836535 
       0.628434        0.793217        0.792137 
       0.644267        0.754605        0.750458 
       0.660051        0.716273        0.711904 
       0.675724        0.677413        0.676308 
       0.691403        0.644023        0.643142 
       0.707174        0.613262        0.612033 
       0.722871         0.59024        0.583121 
        0.73838        0.556803        0.556397 
       0.754018        0.531152        0.531153 
       0.769845        0.505091        0.507205 
        0.78569        0.485946        0.484716 
       0.801365        0.465886        0.463813 
       0.817031        0.446402        0.444161 
       0.832809        0.426028        0.425524 
       0.848511         0.40912        0.408044 
       0.864097         0.39414        0.391668 
       0.879701        0.379642        0.376178 
       0.895507        0.361258        0.361345 
       0.911279        0.349306        0.347346 
        0.92691        0.337637        0.334207 
       0.942635        0.322334        0.321679 
       0.958396        0.311243        0.309768 
       0.974128        0.300013        0.298486 
       0.989692        0.289445        0.287879 
        1.00528        0.277765        0.277774 
        1.02113         0.27035        0.267999 
        1.03692        0.260976        0.258733 
        1.05264        0.251027        0.249949 
        1.06832        0.242933        0.241589 
        1.08405        0.234381        0.233591 
        1.09979        0.227318        0.225952 
        1.11537        0.218714        0.218732 
        1.13105         0.21151        0.211786 
        1.14679        0.205606        0.205115 
        1.16256        0.200003        0.198721 
        1.17828        0.193869        0.192621 
        1.19395        0.188135        0.186799 
         1.2097        0.181931        0.181188 
        1.22537        0.176019        0.175836 
          1.241        0.171078        0.170718 
        1.25666        0.166805        0.165791 
        1.27241        0.161453        0.161036 
        1.28819         0.15673         0.15646 
        1.30392        0.152949        0.152076 
        1.31957        0.148295        0.147879 
        1.33529        0.144772        0.143827 
        1.35108        0.140087         0.13991 
        1.36674        0.136886        0.136168 
         1.3824        0.132873        0.132567 
        1.39811         0.12906        0.129085 
        1.41389        0.126458        0.125714 
        1.42964        0.122814         0.12247 
        1.44531        0.119573        0.119357 
        1.46101        0.116296        0.116345 
        1.47667        0.113681        0.113447 
        1.49229        0.110933        0.110656 
        1.50793        0.108168        0.107955 
        1.52367        0.105501        0.105328 
        1.53953        0.102631         0.10277 
        1.55526        0.100231        0.100319 
        1.57092       0.0984003       0.0979572 
        1.58662       0.0958955       0.0956664 
        1.60235       0.0935208       0.0934445 
        1.61809       0.0913432       0.0912923 
        1.63369       0.0892241       0.0892272 
        1.64941       0.0871977       0.0872114 
        1.66519       0.0853215       0.0852507 
        1.68085       0.0832746       0.0833644 
        1.69652       0.0816247       0.0815347 
        1.71228       0.0795475       0.0797497 
        1.72806       0.0781078       0.0780168 
        1.74368       0.0762459       0.0763529 
        1.75933       0.0747574       0.0747344 
        1.77505       0.0732851       0.0731553 
        1.79081       0.0715625       0.0716191 
         1.8065        0.070164       0.0701337 
        1.82218       0.0684286       0.0686918 
        1.83797        0.067149       0.0672806 
        1.85367       0.0656718        0.065917 
        1.86928        0.064123       0.0645994 
        1.88497       0.0630271       0.0633108 
        1.90073        0.061564       0.0620525 
        1.91647       0.0607827       0.0608297 
        1.93218       0.0597935       0.0596424 
        1.94787       0.0581647       0.0584887 
        1.96363       0.0570623       0.0573609 
        1.97935       0.0559334       0.0562653 
        1.99499       0.0549845       0.0552045 
        2.01064       0.0538466       0.0541696 
         2.0264       0.0529781       0.0531547 
        2.04216       0.0519937       0.0521664 
        2.05781       0.0508152       0.0512095 
        2.07353       0.0499706       0.0502732 
        2.08928        0.049142       0.0493583 
        2.10499       0.0482414       0.0484687 
        2.12065       0.0473549       0.0476037 
        2.13633       0.0464839        0.046759 
        2.15211       0.0457111       0.0459295 
        2.16785       0.0446125       0.0451224 
        2.18349       0.0439875       0.0443398 
        2.19916       0.0431406       0.0435742 
        2.21489       0.0423915       0.0428241 
        2.23063       0.0418108       0.0420912 
         2.2463        0.041062       0.0413787 
        2.26194       0.0403722       0.0406846 
        2.27765       0.0397539       0.0400028 
        2.29341       0.0388854       0.0393349 
        2.30914       0.0382756       0.0386836 
        2.32486       0.0375849       0.0380475 
        2.34061        0.036966       0.0374246 
        2.35635       0.0364301       0.0368163 
        2.37203       0.0360685       0.0362236 
        2.38768       0.0354692       0.0356451 
        2.40339       0.0347755       0.0350772 
        2.41914       0.0341544       0.0345204 
        2.43483       0.0337386       0.0339777 
         2.4505        0.033089       0.0334475 
        2.46622       0.0325511       0.0329269 
        2.48195       0.0320423       0.0324173 
        2.49759       0.0315671       0.0319212 
        2.51328       0.0309747       0.0314342 
        2.52906       0.0305653       0.0309543 
        2.54479       0.0301648       0.0304862 
        2.56049       0.0296001       0.0300288 
        2.57618       0.0292174       0.0295811 
        2.59189       0.0286763       0.0291418 
        2.60758       0.0284229       0.0287122 
        2.62325       0.0278063       0.0282918 
        2.63898       0.0275182       0.0278783 
        2.65468       0.0270166        0.027474 
        2.67044       0.0266351        0.027076 
        2.68618       0.0262378       0.0266867 
        2.70184       0.0260274       0.0263067 
        2.71755       0.0255788       0.0259332 
        2.73329       0.0252662       0.0255663 
        2.74897       0.0248365       0.0252077 
        2.76462       0.0244458       0.0248568 
        2.78034       0.0241671       0.0245112 
        2.79607        0.023803       0.0241717 
        2.81179       0.0234758       0.0238391 
        2.82749       0.0232072       0.0235131 
        2.84321       0.0228176       0.0231928 
        2.85893       0.0225253       0.0228786 
        2.87462       0.0222048       0.0225708 
        2.89033       0.0219159       0.0222683 
        2.90605       0.0215664       0.0219712 
        2.92176       0.0213912       0.0216796 
        2.93747       0.0210091       0.0213934 
        2.95318       0.0207877       0.0211124 
        2.96891       0.0204669       0.0208363 
        2.98456        0.020171       0.0205663 
        3.00023       0.0200409       0.0203007 
        3.01596       0.0196527        0.020039 
        3.03164        0.019424       0.0197827 
        3.04738        0.019196       0.0195301 
         3.0631       0.0188536        0.019282 
        3.07883       0.0187273       0.0190382 
        3.09456       0.0184717       0.0187986 
        3.11026       0.0181719       0.0185636 
        3.12596       0.0180476       0.0183326 
        3.14163       0.0177976        0.018106 
        3.15734       0.0176065       0.0178828 
        3.17308       0.0173865       0.0176627 
        3.18879       0.0171225        0.017447 
        3.20447       0.0169355       0.0172352 
         3.2202       0.0167197       0.0170263 
         3.2359       0.0165326       0.0168212 
        3.25157       0.0163262         0.01662 
        3.26729       0.0161488       0.0164214 
        3.28304       0.0159852       0.0162257 
        3.29877       0.0157719       0.0160335 
        3.31446       0.0155501       0.0158447 
        3.33014       0.0154053       0.0156592 
        3.34585       0.0152634       0.0154764 
        3.36158        0.015059       0.0152962 
        3.37727       0.0148524       0.0151195 
        3.39294       0.0147038       0.0149457 
        3.40867       0.0145781        0.014774 
        3.42439       0.0143953       0.0146051 
        3.44008       0.0142419       0.0144392 
        3.45578       0.0140534       0.0142757 
        3.47153        0.013935       0.0141144 
        3.48724       0.0137617       0.0139559 
        3.50292       0.0136541       0.0138002 
        3.51859       0.0135233       0.0136469 
        3.53431       0.0133496       0.0134955 
        3.55007       0.0132126        0.013346 
        3.56577       0.0130748       0.0131994 
        3.58146       0.0129141        0.013055 
        3.59719        0.012842       0.0129124 
        3.61292       0.0126794       0.0127721 
        3.62859       0.0125123       0.0126343 
        3.64429       0.0124238       0.0124983 
        3.66003        0.012324       0.0123639 
        3.67578       0.0121811       0.0122316 
        3.69146       0.0120772       0.0121016 
        3.70712       0.0119394       0.0119738 
        3.72284       0.0118248       0.0118474 
        3.73853       0.0116901        0.011723 
        3.75422       0.0116026       0.0116003 
        3.76993        0.011498       0.0114793 
        3.78564       0.0113942       0.0113601 
        3.80137       0.0112874       0.0112423 
        3.81707       0.0111512       0.0111265 
        3.83279       0.0110448       0.0110122 
        3.84853       0.0109617       0.0108994 
        3.86424       0.0108484       0.0107883 
        3.87992       0.0107898        0.010679 
        3.89561       0.0106841       0.0105711 
        3.91134       0.0105736       0.0104646 
        3.92704       0.0104966       0.0103596 
        3.94273       0.0104118       0.0102562 
        3.95845       0.0103058        0.010154 
        3.97418       0.0102137       0.0100531 
        3.98988       0.0100878      0.00995379 
        4.00554       0.0100093      0.00985607 
        4.02125      0.00990119      0.00975938 
        4.03698      0.00976192      0.00966384 
        4.05268      0.00966719       0.0095698 
        4.06839      0.00956491      0.00947693 
         4.0841      0.00942073      0.00938533 
        4.09983      0.00933233      0.00929481 
        4.11555      0.00922354      0.00920552 
        4.13124      0.00911803      0.00911764 
        4.14693      0.00902301      0.00903084 
        4.16266      0.00892097      0.00894497 
        4.17839      0.00882942      0.00886027 
        4.19408      0.00871889      0.00877685 
        4.20977      0.00862271      0.00869447 
        4.22551      0.00855264      0.00861295 
        4.24123      0.00847683      0.00853256 
        4.25691      0.00841558      0.00845342 
        4.27259      0.00830401      0.00837525 
        4.28831      0.00824395      0.00829792 
        4.30404      0.00817203      0.00822148 
        4.31974      0.00812938      0.00814618 
        4.33543      0.00805388      0.00807186 
        4.35116      0.00797087      0.00799829 
        4.36688      0.00792779      0.00792567 
        4.38255      0.00790328      0.00785421 
        4.39825      0.00786247      0.00778349 
        4.41398      0.00778945      0.00771349 
         4.4297      0.00775379      0.00764443 
        4.44541       0.0077188      0.00757622 
        4.46111      0.00766232       0.0075089 
        4.47683      0.00765889      0.00744235 
        4.49251       0.0076079      0.00737674 
        4.50819      0.00757561      0.00731193 
         4.5239      0.00754755      0.00724782 
        4.53962      0.00753669      0.00718439 
        4.55535      0.00750941      0.00712169 
        4.57106      0.00752403      0.00705982 
        4.58678      0.00748867      0.00699868 
         4.6025      0.00748136      0.00693825 
        4.61821       0.0074743      0.00687854 
        4.63391      0.00747777      0.00681962 
         4.6496      0.00746106       0.0067614 
        4.66532      0.00747691      0.00670377 
        4.68103      0.00745988      0.00664685 
        4.69673      0.00746436      0.00659063 
        4.71241      0.00752995      0.00653512 
        4.72811      0.00753539      0.00648016 
        4.74384      0.00755344      0.00642577 
        4.75955      0.00755712      0.00637208 
        4.77525      0.00757294      0.00631903 
        4.79096      0.00762174      0.00626652 
        4.80669      0.00764744      0.00621458 
         4.8224      0.00769937      0.00616329 
        4.83809      0.00773061      0.00611263 
        4.85379      0.00779174      0.00606251 
         4.8695      0.00779977      0.00601291 
        4.88521       0.0078642      0.00596389 
        4.90093      0.00789524       0.0059154 
        4.91663      0.00797568       0.0058675 
        4.93234       0.0080173      0.00582008 
        4.94807      0.00807762      0.00577315 
        4.96377      0.00815018      0.00572682 
        4.97943      0.00827377       0.0056811 
        4.99514      0.00829592      0.00563577 
        5.01086      0.00837616      0.00559089 
        5.02654      0.00844433      0.00554661 
        5.04227      0.00853187      0.00550269 
          5.058      0.00864788      0.00545921 
        5.07371      0.00872108       0.0054163 
        5.08942      0.00886413      0.00537384 
        5.10513      0.00891384      0.00533182 
        5.12084      0.00901194      0.00529024 
        5.13656      0.00912588      0.00524911 
        5.15225       0.0092546      0.00520849 
        5.16796      0.00942263      0.00516823 
        5.18369      0.00951191      0.00512835 
         5.1994      0.00965761      0.00508898 
        5.21509      0.00976113      0.00505005 
        5.23079      0.00988069      0.00501148 
        5.24649       0.0100376      0.00497334 
        5.26217       0.0101912      0.00493563 
        5.27788       0.0103384      0.00489825 
        5.29359       0.0104773      0.00486126 
        5.30933       0.0106649      0.00482459 
        5.32504       0.0108239      0.00478837 
        5.34073       0.0109865      0.00475255 
        5.35646       0.0112145      0.00471703 
        5.37218        0.011425      0.00468186 
        5.38789       0.0115449      0.00464711 
        5.40357       0.0117358      0.00461276 
        5.41929       0.0119407      0.00457867 
        5.43502       0.0122218      0.00454492 
         5.4507       0.0123853       0.0045116 
        5.46639       0.0125846       0.0044786 
        5.48212       0.0127844      0.00444586 
        5.49786       0.0131595       0.0044134 
        5.51353       0.0133747      0.00438143 
        5.52921       0.0135581      0.00434975 
        5.54495       0.0138316      0.00431828 
        5.56066       0.0141419      0.00428716 
        5.57637       0.0144124      0.00425635 
        5.59207       0.0147011      0.00422587 
        5.60778       0.0150395      0.00419568 
        5.62346       0.0152967      0.00416582 
        5.63916       0.0155212      0.00413622 
        5.65487       0.0158993       0.0041069 
         5.6706        0.016197      0.00407783 
        5.68633        0.016579      0.00404903 
        5.70203       0.0169366      0.00402056 
        5.71773       0.0173338      0.00399238 
        5.73344       0.0175508      0.00396445 
        5.74916       0.0179849      0.00393676 
        5.76486       0.0184589      0.00390937 
        5.78054       0.0187864      0.00388228 
        5.79626       0.0191932      0.00385538 
          5.812       0.0196579       0.0038287 
         5.8277        0.020006      0.00380236 
        5.84339        0.020507      0.00377626 
        5.85911       0.0211062      0.00375036 
        5.87484       0.0215512       0.0037247 
        5.89053       0.0219786      0.00369933 
        5.90623       0.0226223      0.00367419 
        5.92195       0.0229621      0.00364924 
        5.93767        0.023558      0.00362454 
        5.95336       0.0242215       0.0036001 
        5.96905        0.024755       0.0035759 
        5.98476       0.0251715      0.00355188 
        6.00048       0.0260073      0.00352808 
        6.01617       0.0264222      0.00350453 
        6.03185       0.0270542      0.00348122 
        6.04756       0.0279355      0.00345807 
        6.06331       0.0285235      0.00343508 
        6.07903       0.0292538      0.00341235 
        6.09473       0.0298821      0.00338984 
        6.11044       0.0308917      0.00336752 
        6.12616       0.0314033       0.0033454 
        6.14186       0.0323734       0.0033235 
        6.15755        0.033204       0.0033018 
        6.17326       0.0338458      0.00328027 
        6.18898       0.0347516      0.00325893 
        6.20467       0.0356736      0.00323781 
        6.22036       0.0368857      0.00321689 
         6.2361       0.0375479      0.00319609 
         6.2518       0.0385993      0.00317551 
        6.26748       0.0393746      0.00315515 
        6.28319       0.0408873      0.00313492 
        6.29893       0.0417889      0.00311485 
        6.31463       0.0431186      0.00309498 
        6.33033       0.0437606       0.0030753 
        6.34604       0.0449309      0.00305578 
        6.36177       0.0461062       0.0030364 
        6.37747       0.0478504      0.00301723 
        6.39316       0.0485531      0.00299823 
        6.40888       0.0509049      0.00297937 
         6.4246       0.0519312      0.00296066 
        6.44031       0.0531178      0.00294212 
        6.45601       0.0543709      0.00292377 
        6.47172       0.0561305      0.00290555 
        6.48744       0.0578842      0.00288748 
        6.50313        0.059273      0.00286959 
        6.51882       0.0617529      0.00285186 
        6.53452       0.0629432      0.00283426 
        6.55025        0.064743      0.00281678 
        6.56597       0.0666401      0.00279947 
        6.58166       0.0682748      0.00278233 
        6.59736         0.07088      0.00276532 
        6.61307       0.0725358      0.00274844 
         6.6288       0.0747691      0.00273169 
         6.6445       0.0773421       0.0027151 
         6.6602       0.0795292      0.00269866 
        6.67592       0.0822969      0.00268233 
        6.69164       0.0845351      0.00266614 
        6.70735        0.086646      0.00265008 
        6.72304       0.0902533      0.00263418 
        6.73874       0.0930537       0.0026184 
        6.75446       0.0950502      0.00260274 
        6.77016       0.0983201      0.00258722 
        6.78585        0.101238      0.00257183 
        6.80156        0.106305      0.00255656 
        6.81729        0.108452      0.00254139 
        6.83301        0.112125      0.00252634 
         6.8487         0.11648      0.00251145 
         6.8644        0.118695      0.00249667 
        6.88012        0.123815        0.002482 
        6.89583        0.127947      0.00246745 
        6.91151        0.132489      0.00245304 
        6.92723        0.136785      0.00243871 
        6.94296        0.142205      0.00242449 
        6.95866        0.144886      0.00241041 
        6.97436        0.152126      0.00239644 
        6.99007        0.157285      0.00238258 
        7.00578        0.161431      0.00236882 
        7.02147        0.168817      0.00235519 
        7.03718        0.173136      0.00234165 
         7.0529        0.178544      0.00232821 
        7.06863        0.187388      0.00231486 
        7.08433        0.193778      0.00230164 
        7.10004        0.200344      0.00228853 
        7.11575        0.210347      0.00227551 
        7.13145        0.216171       0.0022626 
        7.14715        0.225034      0.00224979 
        7.16284        0.233858       0.0022371 
        7.17855        0.241854      0.00222447 
        7.19428        0.251249      0.00221193 
        7.20998        0.262293      0.00219952 
        7.22568        0.274457       0.0021872 
        7.24139        0.282477      0.00217496 
        7.25711        0.298609      0.00216282 
        7.27282        0.307432      0.00215077 
        7.28852        0.317277      0.00213882 
        7.30423        0.333207      0.00212695 
        7.31995        0.343806      0.00211518 
        7.33565        0.359481       0.0021035 
        7.35135        0.372141      0.00209191 
        7.36706        0.393792       0.0020804 
        7.38277        0.406448      0.00206898 
        7.39847         0.43159      0.00205764 
        7.41419        0.438172      0.00204639 
         7.4299        0.459918      0.00203522 
        7.44561        0.471514      0.00202414 
        7.46132        0.500905      0.00201314 
        7.47701        0.514511      0.00200223 
        7.49272        0.541062      0.00199139 
        7.50842        0.571884      0.00198064 
         7.5241        0.599069      0.00196998 
        7.53981         0.62055      0.00195938 
        7.55552         0.65279      0.00194886 
        7.57125        0.695452       0.0019384 
        7.58698        0.711086      0.00192802 
        7.60268         0.74883      0.00191774 
         7.6184        0.784205      0.00190752 
        7.63411        0.809409      0.00189737 
        7.64981        0.847104      0.00188731 
        7.66552        0.884412      0.00187732 
        7.68123        0.921335       0.0018674 
        7.69695        0.979251      0.00185754 
        7.71264          1.0156      0.00184777 
        7.72834         1.07952      0.00183807 
        7.74407         1.11809      0.00182842 
        7.75978         1.13339      0.00181885 
        7.77546         1.21135      0.00180936 
        7.79116         1.25651      0.00179994 
         7.8069         1.30715      0.00179056 
         7.8226         1.32567      0.00178126 
        7.83828         1.44542      0.00177204 
        7.85399         1.49273      0.00176288 
        7.86972         1.52379      0.00175376 
        7.88543         1.58579      0.00174473 
        7.90111         1.64996      0.00173577 
        7.91681         1.74892      0.00172686 
        7.93255         1.72566        0.001718 
        7.94828         1.79053       0.0017092 
        7.96397         1.81396      0.00170048 
        7.97967         1.94742      0.00169183 
        7.99538         2.00266      0.00168322 
         8.0111         2.00295      0.00167468 
         8.0268         1.96179       0.0016662 
        8.04248         1.99735      0.00165779 
         8.0582         1.97551      0.00164942 
        8.07393         1.97781       0.0016411 
        8.08963         1.85404      0.00163285 
        8.10533         1.80554      0.00162466 
        8.12104         1.75599      0.00161652 
        8.13675         1.71764      0.00160844 
        8.15245         1.66966      0.00160041 
        8.16815         1.58632      0.00159245 
        8.18387         1.49039      0.00158453 
        8.19959         1.45724      0.00157665 
         8.2153         1.44724      0.00156884 
        8.23101            1.41      0.00156109 
        8.24672         1.30966      0.00155338 
        8.26241         1.25044      0.00154574 
         8.2781         1.22529      0.00153815 
        8.29381         1.18634      0.00153059 
        8.30952         1.13443       0.0015231 
        8.32524         1.10032      0.00151564 
        8.34095         1.04706      0.00150824 
        8.35666         1.02632      0.00150089 
        8.37237         0.98715      0.00149359 
        8.38808        0.936526      0.00148634 
        8.40379        0.920778      0.00147913 
         8.4195         0.88489      0.00147198 
         8.4352        0.871678      0.00146487 
        8.45091         0.82144      0.00145781 
        8.46662        0.804654       0.0014508 
        8.48232         0.77237      0.00144383 
        8.49802        0.751574      0.00143691 
        8.51374        0.729913      0.00143003 
        8.52945        0.692121       0.0014232 
        8.54515        0.683661      0.00141641 
        8.56086        0.649744      0.00140967 
        8.57658        0.637844      0.00140297 
        8.59228        0.609679      0.00139631 
        8.60799        0.602067       0.0013897 
        8.62371        0.577832      0.00138313 
        8.63942        0.559248       0.0013766 
        8.65512          0.5478      0.00137012 
        8.67082        0.530312      0.00136368 
        8.68653        0.515217      0.00135728 
        8.70224        0.499027      0.00135091 
        8.71795        0.489078       0.0013446 
        8.73365        0.476454      0.00133832 
        8.74936        0.463735      0.00133208 
        8.76506        0.450225      0.00132589 
        8.78076        0.439195      0.00131973 
        8.79646        0.429261      0.00131361 
        8.81218        0.419886      0.00130753 
        8.82791        0.413197      0.00130148 
         8.8436        0.398223      0.00129548 
         8.8593        0.385892      0.00128951 
        8.87503        0.381285      0.00128358 
        8.89076        0.374274      0.00127768 
        8.90644        0.368047      0.00127183 
        8.92214        0.355616      0.00126602 
        8.93786        0.349147      0.00126023 
        8.95357        0.340818      0.00125449 
        8.96928        0.334623      0.00124878 
        8.98498        0.328796      0.00124311 
        9.00069        0.320973      0.00123747 
        9.01639        0.314833      0.00123186 
        9.03208        0.309531       0.0012263 
        9.04778        0.303821      0.00122077 
        9.06351        0.301846      0.00121527 
        9.07923        0.294551       0.0012098 
        9.09493        0.290742      0.00120437 
        9.11062        0.286096      0.00119897 
        9.12635         0.27809       0.0011936 
        9.14207        0.276885      0.00118826 
        9.15777        0.271968      0.00118297 
        9.17346        0.267333       0.0011777 
        9.18917        0.264747      0.00117247 
         9.2049        0.261961      0.00116726 
        9.22061        0.257297      0.00116208 
        9.23631        0.253783      0.00115694 
        9.25201        0.251505      0.00115184 
        9.26773        0.246223      0.00114676 
        9.28343        0.245713      0.00114171 
        9.29913        0.241277      0.00113669 
        9.31484        0.240396      0.00113171 
        9.33057        0.237171      0.00112674 
        9.34627        0.235292      0.00112181 
        9.36197        0.232926      0.00111692 
        9.37768        0.230111      0.00111205 
        9.39338        0.230013      0.00110721 
        9.40909        0.227228       0.0011024 
        9.42479        0.226878      0.00109762 
         9.4405        0.224724      0.00109287 
        9.45621        0.221458      0.00108814 
        9.47193        0.221897      0.00108344 
        9.48763        0.220672      0.00107877 
        9.50334        0.221284      0.00107413 
        9.51906        0.219154      0.00106952 
        9.53476        0.218592      0.00106493 
        9.55045        0.218538      0.00106038 
        9.56616        0.216918      0.00105584 
        9.58188         0.21861      0.00105133 
        9.59759        0.216574      0.00104685 
         9.6133        0.217588      0.00104239 
        9.62901        0.217495      0.00103796 
        9.64471        0.216082      0.00103355 
        9.66041         0.21824      0.00102917 
        9.67612        0.216758      0.00102481 
        9.69184        0.219558      0.00102047 
        9.70754        0.219416      0.00101616 
        9.72324        0.218493      0.00101188 
        9.73895        0.221113      0.00100763 
        9.75467        0.219934      0.00100339 
        9.77038        0.224795     0.000999193 
        9.78607        0.222204     0.000995024 
        9.80177        0.224446     0.000990881 
        9.81749        0.228208     0.000986762 
         9.8332         0.22599     0.000982674 
         9.8489         0.23423     0.000978615 
        9.86463        0.230442     0.000974575 
        9.88035        0.235844     0.000970557 
        9.89606         0.23664     0.000966563 
        9.91175        0.236573     0.000962589 
        9.92745        0.244267     0.000958627 
        9.94317        0.241104     0.000954673 
        9.95888        0.249975     0.000950729 
        9.97458        0.248818     0.000946794 
        9.99029        0.250917      0.00094286 
         10.006        0.258492     0.000940431 
        10.0217        0.255239     0.000940431 
        10.0374         0.26888     0.000940431 
        10.0531        0.265051     0.000940431 
        10.0688         0.27204     0.000940431 
        10.0845        0.275929     0.000940431 
        10.1002        0.274196     0.000940431 
        10.1159        0.289866     0.000940431 
        10.1317        0.283466     0.000940431 
        10.1474        0.296856     0.000940431 
        10.1631        0.298832     0.000940431 
        10.1788        0.300656     0.000940431 
        10.1945        0.313454     0.000940431 
        10.2102        0.306677     0.000940431 
        10.2259        0.329604     0.000940431 
        10.2416        0.323475     0.000940431 
        10.2573        0.333308     0.000940431 
         10.273        0.344702     0.000940431 
        10.2887        0.336226     0.000940431 
        10.3044        0.368248     0.000940431 
        10.3201        0.351971     0.000940431 
        10.3359        0.372639     0.000940431 
        10.3516        0.378605     0.000940431 
        10.3673        0.378226     0.000940431 
         10.383        0.403704     0.000940431 
        10.3987        0.387572     0.000940431 
        10.4144        0.425439     0.000940431 
        10.4301        0.412387     0.000940431 
        10.4458        0.427789     0.000940431 
        10.4615        0.447361     0.000940431 
        10.4772        0.425894     0.000940431 
        10.4929        0.488368     0.000940431 
        10.5086        0.457048     0.000940431 
        10.5244        0.487691     0.000940431 
        10.5401        0.494404     0.000940431 
        10.5558        0.487878     0.000940431 
        10.5715        0.542694     0.000940431 
        10.5872        0.507581     0.000940431 
        10.6029        0.561364     0.000940431 
        10.6186        0.548744     0.000940431 
        10.6343        0.558378     0.000940431 
          10.65        0.594917     0.000940431 
        10.6657        0.560696     0.000940431 
        10.6814        0.646684     0.000940431 
        10.6971        0.604179     0.000940431 
        10.7129        0.647993     0.000940431 
        10.7286         0.65401     0.000940431 
        10.7443        0.630536     0.000940431 
          10.76        0.730405     0.000940431 
        10.7757        0.665702     0.000940431 
        10.7914         0.75034     0.000940431 
        10.8071        0.721208     0.000940431 
        10.8228        0.739485     0.000940431 
        10.8385        0.798027     0.000940431 
        10.8542        0.715619     0.000940431 
        10.8699        0.877361     0.000940431 
        10.8856        0.783546     0.000940431 
        10.9014         0.85231     0.000940431 
        10.9171        0.861883     0.000940431 
        10.9328        0.791544     0.000940431 
        10.9485        0.974036     0.000940431 
        10.9642         0.84445     0.000940431 
        10.9799        0.977444     0.000940431 
        10.9956        0.922607     0.000940431 
        11.0113          0.9144     0.000940431 
         11.027         1.03549     0.000940431 
        11.0427        0.892874     0.000940431 
        11.0584         1.09875     0.000940431 
        11.0741        0.974016     0.000940431 
        11.0898         1.05305     0.000940431 
        11.1055         1.07255     0.000940431 
        11.1212        0.948185     0.000940431 
         11.137         1.21721     0.000940431 
        11.1527         1.00775     0.000940431 
        11.1684         1.18187     0.000940431 
        11.1841         1.10276     0.000940431 
        11.1998         1.04701     0.000940431 
        11.2155         1.24023     0.000940431 
        11.2312         1.04418     0.000940431 
        11.2469         1.26217     0.000940431 
        11.2626         1.09871     0.000940431 
        11.2783         1.17131     0.000940431 
         11.294         1.20881     0.000940431 
        11.3097         1.04965     0.000940431 
        11.3254         1.33249     0.000940431 
        11.3412         1.10025     0.000940431 
        11.3569         1.22762     0.000940431 
        11.3726         1.17493     0.000940431 
        11.3883         1.06768     0.000940431 
         11.404         1.31689     0.000940431 
        11.4197         1.07144     0.000940431 
        11.4354         1.25468     0.000940431 
        11.4511         1.11057     0.000940431 
        11.4668         1.11626     0.000940431 
        11.4825         1.19105     0.000940431 
        11.4982         1.02242     0.000940431 
         11.514         1.22443     0.000940431 
        11.5297         1.04922     0.000940431 
        11.5454         1.12211     0.000940431 
        11.5611         1.10115     0.000940431 
        11.5768        0.968912     0.000940431 
        11.5925         1.17322     0.000940431 
        11.6082        0.980053     0.000940431 
        11.6239         1.08726     0.000940431 
        11.6396         1.01016     0.000940431 
        11.6553        0.967399     0.000940431 
         11.671         1.06087     0.000940431 
        11.6867        0.918372     0.000940431 
        11.7024         1.02389     0.000940431 
        11.7182        0.924696     0.000940431 
        11.7339        0.932434     0.000940431 
        11.7496         0.96057     0.000940431 
        11.7653        0.853775     0.000940431 
         11.781        0.974668     0.000940431 
        11.7967        0.863914     0.000940431 
        11.8124        0.892536     0.000940431 
        11.8281        0.866598     0.000940431 
        11.8438        0.806565     0.000940431 
        11.8595        0.896702     0.000940431 
        11.8752        0.795507     0.000940431 
         11.891        0.842418     0.000940431 
        11.9067        0.794319     0.000940431 
        11.9224        0.779542     0.000940431 
        11.9381        0.806891     0.000940431 
        11.9538        0.735893     0.000940431 
        11.9695        0.786034     0.000940431 
        11.9852         0.73094     0.000940431 
        12.0009          0.7322     0.000940431 
        12.0166        0.743368     0.000940431 
        12.0323        0.678096     0.000940431 
         12.048        0.739302     0.000940431 
        12.0637        0.677142     0.000940431 
