# k  (h/Mpc)    Pcb(k)  (Mpc/h)^3    Pcb_linear(k) (Mpc/h)^3   ShotnoiseSubtracted = true
      0.0200456         6915.18          7027.4 
      0.0350414         5378.87          5510.2 
      0.0492313          4325.7         4365.78 
      0.0637834          3603.5         3550.07 
      0.0800726          2740.3         2681.74 
       0.096163         2061.84         2109.36 
       0.111083         1719.35         1785.57 
       0.126058         1502.69         1484.32 
       0.142273         1254.57         1207.84 
       0.158546         1088.88         1028.94 
        0.17375         901.159         895.213 
       0.188953         832.256         769.611 
       0.204907         770.747         666.208 
       0.220756         664.495         588.822 
        0.23588         587.971         523.002 
         0.2514         512.739         463.421 
       0.267535         487.479         413.293 
       0.283568         445.087         371.379 
       0.299022         413.464         335.366 
       0.314451         381.396         304.062 
       0.330372         352.557         276.467 
       0.346141         319.319         252.382 
       0.361624         304.307         231.313 
       0.377134         285.839          212.68 
       0.392932          264.92         195.889 
       0.408854         254.032         180.749 
       0.424564         243.799          167.34 
       0.440253         230.764         155.337 
       0.455999          217.75         144.484 
       0.471626         200.759         134.724 
        0.48727         196.025         125.853 
       0.502856         188.133         117.815 
       0.518488         184.128         110.458 
       0.534347         174.979         103.633 
       0.550082         162.799         97.4327 
       0.565732         158.118         91.7705 
       0.581496         151.154         86.5226 
       0.597222         146.688         81.6963 
       0.612804         140.068         77.2788 
       0.628434         136.759         73.1773 
       0.644267         132.096          69.327 
       0.660051          129.48         65.7654 
       0.675724         125.749          62.477 
       0.691403         121.919         59.4132 
       0.707174         117.116         56.5394 
       0.722871         115.335         53.8685 
        0.73838         112.987         51.3998 
       0.754018         107.866         49.0677 
       0.769845         105.845         46.8555 
        0.78569         103.404         44.7779 
       0.801365         100.295         42.8469 
       0.817031         96.8599         41.0314 
       0.832809         95.6039         39.3098 
       0.848511         92.3737         37.6949 
       0.864097         89.7634         36.1821 
       0.879701         88.8938         34.7512 
       0.895507         86.9237         33.3809 
       0.911279         85.5908         32.0877 
        0.92691         83.2636          30.874 
       0.942635         81.0215         29.7166 
       0.958396         80.6253         28.6163 
       0.974128         78.5292          27.574 
       0.989692         76.5799         26.5941 
        1.00528         75.2738         25.6607 
        1.02113         73.6349         24.7576 
        1.03692         71.7799         23.9016 
        1.05264         71.2776         23.0902 
        1.06832          69.612         22.3179 
        1.08405         68.7082         21.5791 
        1.09979         67.8822         20.8734 
        1.11537         65.3998         20.2064 
        1.13105         65.7328         19.5647 
        1.14679         64.4181         18.9485 
        1.16256         63.2807         18.3578 
        1.17828         61.5834         17.7942 
        1.19395         61.1709         17.2564 
         1.2097         59.7161         16.7381 
        1.22537          59.603         16.2437 
          1.241         58.0313         15.7708 
        1.25666         56.9667         15.3157 
        1.27241         56.5524         14.8764 
        1.28819         55.2609         14.4537 
        1.30392         54.3309         14.0487 
        1.31957         53.9624          13.661 
        1.33529         53.1981         13.2867 
        1.35108         52.6773         12.9249 
        1.36674          51.804         12.5792 
         1.3824         50.6276         12.2465 
        1.39811         50.3468         11.9248 
        1.41389         49.5027         11.6134 
        1.42964         48.7826         11.3137 
        1.44531         48.1893         11.0261 
        1.46101          47.091         10.7479 
        1.47667          47.049         10.4802 
        1.49229         46.5037         10.2223 
        1.50793         45.5915         9.97287 
        1.52367         45.0536         9.73015 
        1.53953         44.6738          9.4939 
        1.55526         43.9597          9.2674 
        1.57092         43.5699         9.04925 
        1.58662         43.0017         8.83762 
        1.60235         42.4907         8.63237 
        1.61809         41.7786         8.43355 
        1.63369         41.1475         8.24278 
        1.64941          40.589         8.05655 
        1.66519         40.1157         7.87543 
        1.68085         39.7727         7.70117 
        1.69652         39.2565         7.53214 
        1.71228         39.0166         7.36725 
        1.72806          38.379         7.20717 
        1.74368         37.8509         7.05346 
        1.75933         37.4509         6.90394 
        1.77505         37.1372         6.75806 
        1.79081          36.517         6.61615 
         1.8065         36.1368         6.47892 
        1.82218         35.7791         6.34572 
        1.83797         35.3123         6.21536 
        1.85367         34.8212         6.08939 
        1.86928         34.5889         5.96767 
        1.88497         34.0574         5.84862 
        1.90073         33.8999         5.73239 
        1.91647         33.4121         5.61942 
        1.93218         33.0157         5.50975 
        1.94787         32.6863         5.40316 
        1.96363         32.3754         5.29898 
        1.97935           32.02         5.19777 
        1.99499         31.5792         5.09977 
        2.01064         31.3291         5.00417 
         2.0264         30.8487         4.91041 
        2.04216         30.4591         4.81911 
        2.05781         30.2245         4.73071 
        2.07353         29.9148         4.64422 
        2.08928         29.7913          4.5597 
        2.10499          29.458         4.47752 
        2.12065         28.9527         4.39761 
        2.13633         28.7922         4.31958 
        2.15211         28.2554         4.24295 
        2.16785         27.9941         4.16839 
        2.18349         27.8984          4.0961 
        2.19916         27.5812         4.02537 
        2.21489         27.1284         3.95607 
        2.23063          27.007         3.88837 
         2.2463          26.788         3.82255 
        2.26194         26.4467         3.75843 
        2.27765         26.1441         3.69544 
        2.29341         25.8386         3.63374 
        2.30914         25.7021         3.57358 
        2.32486         25.3826         3.51481 
        2.34061         25.1524         3.45727 
        2.35635         24.8212         3.40107 
        2.37203          24.622         3.34632 
        2.38768         24.3883         3.29288 
        2.40339         24.2634         3.24042 
        2.41914         23.9548         3.18899 
        2.43483         23.6163         3.13885 
         2.4505         23.4208         3.08987 
        2.46622         23.1606         3.04177 
        2.48195         22.9613          2.9947 
        2.49759         22.7071         2.94887 
        2.51328         22.5189         2.90388 
        2.52906         22.3445         2.85955 
        2.54479         22.0308         2.81631 
        2.56049          21.799         2.77405 
        2.57618         21.6047         2.73269 
        2.59189         21.4569         2.69211 
        2.60758         21.2627         2.65243 
        2.62325         20.9915         2.61359 
        2.63898         20.9078         2.57539 
        2.65468         20.6478         2.53804 
        2.67044         20.4098         2.50127 
        2.68618         20.2259         2.46531 
        2.70184         20.0877         2.43021 
        2.71755         19.8608          2.3957 
        2.73329         19.6789         2.36181 
        2.74897          19.383         2.32868 
        2.76462         19.4189         2.29626 
        2.78034         19.1432         2.26433 
        2.79607         18.9726         2.23297 
        2.81179         18.8373         2.20225 
        2.82749         18.6311         2.17213 
        2.84321         18.5101         2.14254 
        2.85893         18.3018         2.11352 
        2.87462         18.0676         2.08508 
        2.89033         17.9625         2.05714 
        2.90605         17.8411         2.02969 
        2.92176         17.5628         2.00275 
        2.93747         17.4939         1.97632 
        2.95318         17.2747         1.95035 
        2.96891         17.1279         1.92485 
        2.98456         16.9737         1.89991 
        3.00023         16.8709         1.87537 
        3.01596         16.6889          1.8512 
        3.03164         16.5673         1.82752 
        3.04738         16.3435         1.80418 
         3.0631         16.2135         1.78126 
        3.07883         16.0711         1.75874 
        3.09456         15.9374         1.73661 
        3.11026         15.8193          1.7149 
        3.12596         15.6142         1.69356 
        3.14163         15.5676         1.67263 
        3.15734         15.3325           1.652 
        3.17308         15.2141         1.63168 
        3.18879         15.0941         1.61175 
        3.20447         14.9514         1.59218 
         3.2202         14.8078         1.57288 
         3.2359         14.7122         1.55394 
        3.25157         14.5978         1.53535 
        3.26729         14.4269           1.517 
        3.28304          14.332         1.49893 
        3.29877         14.1653         1.48117 
        3.31446         14.0099         1.46373 
        3.33014         13.8884         1.44659 
        3.34585         13.7725          1.4297 
        3.36158         13.6686         1.41306 
        3.37727         13.5378         1.39673 
        3.39294         13.4464         1.38068 
        3.40867         13.2764         1.36482 
        3.42439          13.193         1.34921 
        3.44008         13.1094         1.33389 
        3.45578         12.9958         1.31879 
        3.47153         12.8876         1.30388 
        3.48724         12.7804         1.28924 
        3.50292         12.6248         1.27485 
        3.51859         12.5464          1.2607 
        3.53431         12.4603         1.24671 
        3.55007         12.3556          1.2329 
        3.56577         12.2465         1.21935 
        3.58146         12.1483         1.20601 
        3.59719         11.9921         1.19285 
        3.61292         11.9259         1.17988 
        3.62859         11.7951         1.16715 
        3.64429         11.6916         1.15459 
        3.66003         11.6125         1.14218 
        3.67578         11.5269         1.12995 
        3.69146          11.443         1.11794 
        3.70712         11.3013         1.10614 
        3.72284         11.2155         1.09446 
        3.73853         11.1122         1.08296 
        3.75422          11.064         1.07163 
        3.76993          10.954         1.06045 
        3.78564         10.8344         1.04944 
        3.80137         10.7628         1.03856 
        3.81707         10.6457         1.02786 
        3.83279         10.5807         1.01731 
        3.84853         10.4779         1.00688 
        3.86424         10.3869        0.996622 
        3.87992         10.3092        0.986521 
        3.89561         10.2351        0.976559 
        3.91134         10.1885        0.966714 
        3.92704          10.062        0.957016 
        3.94273         9.98067        0.947461 
        3.95845         9.91372        0.938019 
        3.97418         9.82004        0.928704 
        3.98988         9.74419        0.919528 
        4.00554         9.66577          0.9105 
        4.02125         9.57388        0.901568 
        4.03698         9.50135        0.892742 
        4.05268         9.43447        0.884054 
        4.06839           9.333        0.875476 
         4.0841         9.30103        0.867013 
        4.09983         9.19697        0.858651 
        4.11555         9.11388        0.850402 
        4.13124         9.05647        0.842285 
        4.14693         8.96804        0.834266 
        4.16266         8.91278        0.826333 
        4.17839         8.82999        0.818508 
        4.19408         8.77221        0.810802 
        4.20977         8.69822        0.803192 
        4.22551         8.64363        0.795662 
        4.24123         8.57963        0.788235 
        4.25691         8.48281        0.780924 
        4.27259         8.42431        0.773703 
        4.28831         8.36456        0.766559 
        4.30404         8.28696        0.759498 
        4.31974         8.23114        0.752541 
        4.33543         8.14737        0.745676 
        4.35116         8.08658        0.738879 
        4.36688         8.03759         0.73217 
        4.38255         7.96463        0.725569 
        4.39825         7.89045        0.719036 
        4.41398         7.85769        0.712569 
         4.4297         7.78369        0.706189 
        4.44541         7.72559        0.699888 
        4.46111         7.65022        0.693669 
        4.47683         7.60013        0.687521 
        4.49251         7.54464         0.68146 
        4.50819         7.50593        0.675474 
         4.5239         7.44796        0.669551 
        4.53962         7.37837        0.663691 
        4.55535         7.31339        0.657899 
        4.57106         7.25593        0.652184 
        4.58678         7.19171        0.646536 
         4.6025         7.15349        0.640953 
        4.61821         7.09728        0.635437 
        4.63391         7.05047        0.629994 
         4.6496         6.97899        0.624616 
        4.66532         6.94899        0.619292 
        4.68103         6.85785        0.614033 
        4.69673         6.82133         0.60884 
        4.71241         6.79449        0.603712 
        4.72811         6.71318        0.598635 
        4.74384         6.66994         0.59361 
        4.75955         6.61649         0.58865 
        4.77525         6.57884        0.583749 
        4.79096         6.52297        0.578898 
        4.80669         6.48361          0.5741 
         4.8224         6.43612        0.569362 
        4.83809          6.3637        0.564682 
        4.85379         6.31671        0.560052 
         4.8695          6.2793         0.55547 
        4.88521         6.22971        0.550942 
        4.90093         6.18724        0.546463 
        4.91663         6.14499        0.542038 
        4.93234          6.0789        0.537657 
        4.94807         6.05013        0.533321 
        4.96377         6.00749        0.529042 
        4.97943         5.96217        0.524818 
        4.99514          5.9195         0.52063 
        5.01086         5.86843        0.516484 
        5.02654         5.82358        0.512394 
        5.04227         5.79292        0.508336 
          5.058         5.76021         0.50432 
        5.07371         5.71177        0.500356 
        5.08942         5.65752        0.496433 
        5.10513         5.61998        0.492552 
        5.12084         5.59679        0.488711 
        5.13656         5.55225        0.484911 
        5.15225         5.50749        0.481158 
        5.16796         5.46394        0.477439 
        5.18369         5.43638        0.473755 
         5.1994         5.39626        0.470118 
        5.21509         5.35721        0.466521 
        5.23079         5.31186        0.462958 
        5.24649         5.27908        0.459436 
        5.26217         5.24297        0.455952 
        5.27788          5.2015        0.452499 
        5.29359         5.17921        0.449081 
        5.30933         5.13624        0.445694 
        5.32504         5.10389        0.442347 
        5.34073         5.06486        0.439039 
        5.35646         5.02461        0.435757 
        5.37218         4.99794        0.432509 
        5.38789         4.96322        0.429299 
        5.40357         4.91774        0.426125 
        5.41929         4.89873        0.422976 
        5.43502          4.8659        0.419858 
         5.4507         4.82602         0.41678 
        5.46639         4.78581        0.413732 
        5.48212         4.74972        0.410707 
        5.49786          4.7253        0.407709 
        5.51353         4.68785        0.404755 
        5.52921         4.67031        0.401828 
        5.54495         4.62815        0.398921 
        5.56066         4.59873        0.396046 
        5.57637         4.56653          0.3932 
        5.59207         4.53607        0.390384 
        5.60778         4.50607        0.387595 
        5.62346         4.47428        0.384837 
        5.63916         4.44812        0.382103 
        5.65487         4.40981        0.379394 
         5.6706         4.38372        0.376708 
        5.68633         4.36281        0.374048 
        5.70203         4.32738        0.371418 
        5.71773         4.31138        0.368814 
        5.73344         4.27929        0.366234 
        5.74916         4.24911        0.363676 
        5.76486         4.21874        0.361146 
        5.78054         4.18612        0.358644 
        5.79626         4.16259        0.356159 
          5.812         4.13458        0.353694 
         5.8277         4.11782         0.35126 
        5.84339         4.08809         0.34885 
        5.85911         4.05946        0.346457 
        5.87484         4.03274        0.344086 
        5.89053         4.00966        0.341743 
        5.90623         3.98373        0.339421 
        5.92195         3.94955        0.337116 
        5.93767           3.934        0.334833 
        5.95336          3.9043        0.332576 
        5.96905          3.8718         0.33034 
        5.98476         3.85395        0.328122 
        6.00048         3.82877        0.325923 
        6.01617         3.80851        0.323747 
        6.03185         3.77988        0.321594 
        6.04756         3.77045        0.319455 
        6.06331         3.73153        0.317332 
        6.07903         3.71081        0.315231 
        6.09473         3.69038        0.313152 
        6.11044          3.6625         0.31109 
        6.12616         3.65508        0.309047 
        6.14186         3.62419        0.307024 
        6.15755         3.60556        0.305019 
        6.17326         3.58417         0.30303 
        6.18898          3.5552        0.301059 
        6.20467         3.52988        0.299108 
        6.22036         3.52393        0.297175 
         6.2361         3.49279        0.295253 
         6.2518         3.47278        0.293352 
        6.26748         3.45341        0.291472 
        6.28319         3.43327        0.289603 
        6.29893         3.40438        0.287748 
        6.31463         3.38787        0.285914 
        6.33033          3.3658        0.284095 
        6.34604         3.34383        0.282291 
        6.36177         3.32619        0.280502 
        6.37747         3.30794        0.278731 
        6.39316         3.28607        0.276976 
        6.40888         3.26465        0.275233 
         6.4246         3.24902        0.273505 
        6.44031         3.23134        0.271792 
        6.45601          3.2102        0.270097 
        6.47172         3.19607        0.268413 
        6.48744         3.16891        0.266744 
        6.50313         3.15476        0.265092 
        6.51882         3.13347        0.263454 
        6.53452         3.11474        0.261828 
        6.55025         3.09889        0.260213 
        6.56597         3.08359        0.258614 
        6.58166         3.06239        0.257031 
        6.59736         3.04683         0.25546 
        6.61307         3.02878          0.2539 
         6.6288         3.01272        0.252353 
         6.6445         2.99511         0.25082 
         6.6602         2.97258        0.249301 
        6.67592         2.96432        0.247792 
        6.69164         2.94256        0.246297 
        6.70735         2.92597        0.244814 
        6.72304         2.90786        0.243345 
        6.73874         2.89466        0.241887 
        6.75446         2.87961         0.24044 
        6.77016         2.86261        0.239007 
        6.78585         2.84701        0.237585 
        6.80156         2.83419        0.236174 
        6.81729         2.81923        0.234773 
        6.83301         2.79936        0.233383 
         6.8487         2.78947        0.232007 
         6.8644         2.76897        0.230642 
        6.88012         2.75124        0.229286 
        6.89583         2.73666        0.227942 
        6.91151         2.72443        0.226611 
        6.92723         2.71122        0.225288 
        6.94296         2.69652        0.223974 
        6.95866         2.68207        0.222673 
        6.97436         2.66529        0.221383 
        6.99007         2.65688        0.220102 
        7.00578         2.63462        0.218831 
        7.02147         2.62628        0.217572 
        7.03718         2.60965        0.216321 
         7.0529         2.59877        0.215079 
        7.06863         2.58169        0.213846 
        7.08433         2.56923        0.212625 
        7.10004         2.55698        0.211413 
        7.11575         2.54134        0.210211 
        7.13145         2.52718        0.209018 
        7.14715         2.51499        0.207835 
        7.16284         2.50145        0.206662 
        7.17855         2.48817        0.205496 
        7.19428         2.47808        0.204338 
        7.20998          2.4665        0.203191 
        7.22568         2.44865        0.202052 
        7.24139         2.43854        0.200922 
        7.25711         2.42555          0.1998 
        7.27282         2.41212        0.198687 
        7.28852         2.40161        0.197584 
        7.30423         2.38863        0.196487 
        7.31995         2.37838        0.195399 
        7.33565         2.37001         0.19432 
        7.35135         2.35378        0.193249 
        7.36706         2.34291        0.192187 
        7.38277         2.33078        0.191131 
        7.39847         2.32382        0.190084 
        7.41419         2.30807        0.189045 
         7.4299         2.29522        0.188013 
        7.44561         2.28523        0.186989 
        7.46132         2.27511        0.185973 
        7.47701         2.26121        0.184965 
        7.49272         2.25096        0.183964 
        7.50842         2.23703        0.182971 
         7.5241          2.2257        0.181986 
        7.53981          2.2176        0.181007 
        7.55552         2.20695        0.180035 
        7.57125          2.1937        0.179069 
        7.58698         2.18398         0.17811 
        7.60268         2.17517         0.17716 
         7.6184          2.1617        0.176216 
        7.63411         2.15357        0.175279 
        7.64981         2.14462        0.174349 
        7.66552         2.13291        0.173426 
        7.68123         2.12482        0.172509 
        7.69695         2.11275        0.171599 
        7.71264           2.103        0.170696 
        7.72834         2.09901          0.1698 
        7.74407         2.08336        0.168909 
        7.75978         2.07697        0.168024 
        7.77546         2.06516        0.167148 
        7.79116         2.05712        0.166278 
         7.8069         2.04787        0.165411 
         7.8226         2.03813        0.164552 
        7.83828         2.02847        0.163701 
        7.85399          2.0183        0.162854 
        7.86972         2.00876        0.162012 
        7.88543         2.00016        0.161177 
        7.90111         1.99021         0.16035 
        7.91681         1.98452        0.159527 
        7.93255         1.97208        0.158708 
        7.94828         1.96609        0.157896 
        7.96397         1.95818         0.15709 
        7.97967         1.94716         0.15629 
        7.99538         1.94036        0.155496 
         8.0111         1.92796        0.154706 
         8.0268         1.92351        0.153923 
        8.04248         1.91355        0.153146 
         8.0582         1.90424        0.152372 
        8.07393         1.89959        0.151604 
        8.08963         1.88927        0.150842 
        8.10533         1.88198        0.150086 
        8.12104         1.87183        0.149334 
        8.13675         1.86781        0.148587 
        8.15245         1.85671        0.147846 
        8.16815         1.84896         0.14711 
        8.18387         1.84358        0.146378 
        8.19959         1.83317        0.145651 
         8.2153         1.82963        0.144929 
        8.23101         1.81767        0.144213 
        8.24672         1.80991        0.143501 
        8.26241          1.8025        0.142795 
         8.2781         1.79643        0.142093 
        8.29381         1.78893        0.141396 
        8.30952         1.77973        0.140703 
        8.32524         1.77226        0.140014 
        8.34095         1.76597        0.139331 
        8.35666         1.76121        0.138652 
        8.37237         1.75228        0.137977 
        8.38808         1.74284        0.137307 
        8.40379         1.73748        0.136642 
         8.4195         1.72893        0.135981 
         8.4352         1.72589        0.135324 
        8.45091         1.71401        0.134672 
        8.46662         1.70852        0.134024 
        8.48232         1.70265        0.133381 
        8.49802         1.69497        0.132741 
        8.51374         1.68967        0.132106 
        8.52945         1.68432        0.131474 
        8.54515         1.67685        0.130848 
        8.56086         1.66949        0.130225 
        8.57658         1.66381        0.129606 
        8.59228         1.65934        0.128991 
        8.60799         1.65263         0.12838 
        8.62371         1.64251        0.127773 
        8.63942         1.63589         0.12717 
        8.65512         1.63237        0.126571 
        8.67082         1.62484        0.125976 
        8.68653         1.62141        0.125385 
        8.70224         1.61373        0.124797 
        8.71795         1.60764        0.124213 
        8.73365         1.60235        0.123633 
        8.74936         1.59599        0.123057 
        8.76506          1.5884        0.122485 
        8.78076         1.58515        0.121916 
        8.79646         1.57799        0.121351 
        8.81218         1.57408        0.120789 
        8.82791         1.56679         0.12023 
         8.8436         1.56211        0.119676 
         8.8593         1.55464        0.119125 
        8.87503         1.54898        0.118576 
        8.89076         1.54378        0.118031 
        8.90644          1.5385        0.117491 
        8.92214         1.53326        0.116954 
        8.93786         1.52802         0.11642 
        8.95357         1.52356        0.115889 
        8.96928         1.51704        0.115362 
        8.98498         1.50993        0.114838 
        9.00069         1.50445        0.114317 
        9.01639         1.50071        0.113799 
        9.03208         1.49498        0.113286 
        9.04778          1.4912        0.112774 
        9.06351         1.48625        0.112266 
        9.07923         1.48113         0.11176 
        9.09493          1.4772        0.111259 
        9.11062         1.46847        0.110761 
        9.12635         1.46639        0.110264 
        9.14207         1.46048        0.109771 
        9.15777         1.45619        0.109282 
        9.17346         1.44902        0.108796 
        9.18917         1.44644        0.108312 
         9.2049         1.44235        0.107831 
        9.22061          1.4363        0.107353 
        9.23631         1.43105        0.106878 
        9.25201         1.42606        0.106406 
        9.26773         1.42198        0.105937 
        9.28343         1.41862        0.105471 
        9.29913         1.41316        0.105007 
        9.31484         1.41106        0.104547 
        9.33057         1.40468        0.104088 
        9.34627         1.39971        0.103633 
        9.36197          1.3946        0.103181 
        9.37768         1.39267        0.102731 
        9.39338         1.38575        0.102284 
        9.40909         1.38294        0.101839 
        9.42479         1.37922        0.101398 
         9.4405         1.37439        0.100959 
        9.45621         1.37176        0.100522 
        9.47193         1.36584        0.100088 
        9.48763         1.36271       0.0996568 
        9.50334         1.35755       0.0992279 
        9.51906         1.35261       0.0988016 
        9.53476         1.34991       0.0983781 
        9.55045         1.34443       0.0979572 
        9.56616         1.34294       0.0975384 
        9.58188         1.33775       0.0971216 
        9.59759         1.33291       0.0967075 
         9.6133         1.32938       0.0962957 
        9.62901          1.3246       0.0958862 
        9.64471          1.3224       0.0954791 
        9.66041         1.31888       0.0950743 
        9.67612         1.31503       0.0946713 
        9.69184         1.31119       0.0942706 
        9.70754         1.30704       0.0938727 
        9.72324          1.3053       0.0934773 
        9.73895         1.30076       0.0930841 
        9.75467         1.29707       0.0926932 
        9.77038         1.29437       0.0923051 
        9.78607         1.29015       0.0919199 
        9.80177         1.28627       0.0915372 
        9.81749         1.28255       0.0911567 
         9.8332         1.27928       0.0907791 
         9.8489         1.27749       0.0904041 
        9.86463         1.27311       0.0900309 
        9.88035          1.2686       0.0896597 
        9.89606          1.2661       0.0892907 
        9.91175         1.26223       0.0889236 
        9.92745         1.26117       0.0885576 
        9.94317         1.25707       0.0881923 
        9.95888          1.2542        0.087828 
        9.97458         1.24969       0.0874645 
        9.99029         1.24632       0.0871011 
         10.006         1.24455       0.0868766 
        10.0217         1.24227       0.0868766 
        10.0374         1.23809       0.0868766 
        10.0531         1.23446       0.0868766 
        10.0688         1.23075       0.0868766 
        10.0845         1.22934       0.0868766 
        10.1002         1.22637       0.0868766 
        10.1159         1.22427       0.0868766 
        10.1317         1.22156       0.0868766 
        10.1474         1.21627       0.0868766 
        10.1631         1.21579       0.0868766 
        10.1788         1.21139       0.0868766 
        10.1945         1.20862       0.0868766 
        10.2102         1.20723       0.0868766 
        10.2259           1.204       0.0868766 
        10.2416         1.20171       0.0868766 
        10.2573         1.19833       0.0868766 
         10.273          1.1957       0.0868766 
        10.2887         1.19241       0.0868766 
        10.3044         1.19166       0.0868766 
        10.3201         1.18909       0.0868766 
        10.3359         1.18593       0.0868766 
        10.3516         1.18287       0.0868766 
        10.3673         1.18112       0.0868766 
         10.383          1.1785       0.0868766 
        10.3987         1.17628       0.0868766 
        10.4144         1.17513       0.0868766 
        10.4301         1.17345       0.0868766 
        10.4458         1.17041       0.0868766 
        10.4615          1.1679       0.0868766 
        10.4772         1.16518       0.0868766 
        10.4929         1.16246       0.0868766 
        10.5086         1.16116       0.0868766 
        10.5244         1.15829       0.0868766 
        10.5401         1.15679       0.0868766 
        10.5558         1.15355       0.0868766 
        10.5715         1.15199       0.0868766 
        10.5872         1.15034       0.0868766 
        10.6029         1.14799       0.0868766 
        10.6186         1.14702       0.0868766 
        10.6343         1.14481       0.0868766 
          10.65         1.14279       0.0868766 
        10.6657         1.14152       0.0868766 
        10.6814         1.13992       0.0868766 
        10.6971         1.13709       0.0868766 
        10.7129         1.13494       0.0868766 
        10.7286         1.13421       0.0868766 
        10.7443         1.13147       0.0868766 
          10.76         1.12893       0.0868766 
        10.7757         1.12897       0.0868766 
        10.7914         1.12631       0.0868766 
        10.8071         1.12602       0.0868766 
        10.8228         1.12531       0.0868766 
        10.8385         1.12283       0.0868766 
        10.8542          1.1201       0.0868766 
        10.8699         1.11867       0.0868766 
        10.8856         1.11838       0.0868766 
        10.9014         1.11596       0.0868766 
        10.9171         1.11333       0.0868766 
        10.9328         1.11383       0.0868766 
        10.9485         1.11095       0.0868766 
        10.9642         1.10989       0.0868766 
        10.9799         1.10858       0.0868766 
        10.9956         1.10788       0.0868766 
        11.0113         1.10556       0.0868766 
         11.027         1.10602       0.0868766 
        11.0427         1.10371       0.0868766 
        11.0584         1.10247       0.0868766 
        11.0741         1.10082       0.0868766 
        11.0898         1.10071       0.0868766 
        11.1055         1.09867       0.0868766 
        11.1212         1.09773       0.0868766 
         11.137         1.09662       0.0868766 
        11.1527         1.09695       0.0868766 
        11.1684         1.09448       0.0868766 
        11.1841         1.09464       0.0868766 
        11.1998         1.09363       0.0868766 
        11.2155         1.09261       0.0868766 
        11.2312         1.09144       0.0868766 
        11.2469         1.09119       0.0868766 
        11.2626         1.09044       0.0868766 
        11.2783         1.08936       0.0868766 
         11.294         1.08733       0.0868766 
        11.3097         1.08846       0.0868766 
        11.3254         1.08734       0.0868766 
        11.3412         1.08721       0.0868766 
        11.3569          1.0861       0.0868766 
        11.3726         1.08601       0.0868766 
        11.3883         1.08581       0.0868766 
         11.404         1.08449       0.0868766 
        11.4197          1.0842       0.0868766 
        11.4354         1.08356       0.0868766 
        11.4511         1.08291       0.0868766 
        11.4668         1.08323       0.0868766 
        11.4825         1.08324       0.0868766 
        11.4982         1.08268       0.0868766 
         11.514         1.08222       0.0868766 
        11.5297          1.0817       0.0868766 
        11.5454         1.08049       0.0868766 
        11.5611         1.07966       0.0868766 
        11.5768          1.0799       0.0868766 
        11.5925         1.07995       0.0868766 
        11.6082         1.08091       0.0868766 
        11.6239          1.0801       0.0868766 
        11.6396         1.07984       0.0868766 
        11.6553         1.08069       0.0868766 
         11.671         1.08017       0.0868766 
        11.6867         1.07916       0.0868766 
        11.7024         1.08016       0.0868766 
        11.7182         1.07926       0.0868766 
        11.7339         1.07989       0.0868766 
        11.7496         1.08031       0.0868766 
        11.7653         1.08065       0.0868766 
         11.781         1.08006       0.0868766 
        11.7967         1.08156       0.0868766 
        11.8124         1.08111       0.0868766 
        11.8281         1.08167       0.0868766 
        11.8438         1.08059       0.0868766 
        11.8595         1.08276       0.0868766 
        11.8752         1.08203       0.0868766 
         11.891          1.0836       0.0868766 
        11.9067         1.08335       0.0868766 
        11.9224         1.08439       0.0868766 
        11.9381         1.08361       0.0868766 
        11.9538         1.08522       0.0868766 
        11.9695         1.08559       0.0868766 
        11.9852         1.08696       0.0868766 
        12.0009         1.08863       0.0868766 
        12.0166          1.0878       0.0868766 
        12.0323         1.08915       0.0868766 
         12.048         1.09015       0.0868766 
        12.0637         1.09021       0.0868766 
