# k  (h/Mpc)    Pcb(k)  (Mpc/h)^3    Pcb_linear(k) (Mpc/h)^3   ShotnoiseSubtracted = true
      0.0200456           29077         29594.1 
      0.0350414         23867.4         23204.8 
      0.0492313         17639.4         18385.3 
      0.0637834         13919.5         14950.2 
      0.0800726         10511.9         11293.4 
       0.096163         9048.23         8883.01 
       0.111083         7681.33         7519.45 
       0.126058         6149.76          6250.8 
       0.142273         5351.26         5086.51 
       0.158546         4517.86         4333.11 
        0.17375         4157.87         3769.96 
       0.188953         3975.32         3241.01 
       0.204907         3430.16         2805.56 
       0.220756         3139.25         2479.67 
        0.23588         2828.04         2202.49 
         0.2514         2592.15         1951.58 
       0.267535         2477.04         1740.47 
       0.283568         2253.21         1563.97 
       0.299022         2150.24         1412.31 
       0.314451         2227.98         1280.48 
       0.330372         2048.69         1164.27 
       0.346141         1900.73         1062.84 
       0.361624         1809.58         974.115 
       0.377134         1761.42         895.645 
       0.392932         1660.28         824.935 
       0.408854         1609.28         761.179 
       0.424564         1578.71         704.708 
       0.440253          1504.5         654.161 
       0.455999         1435.83         608.458 
       0.471626         1422.27         567.353 
        0.48727         1370.13         529.997 
       0.502856         1348.83         496.146 
       0.518488         1285.26         465.164 
       0.534347         1246.66         436.424 
       0.550082         1212.93         410.312 
       0.565732         1180.22         386.468 
       0.581496         1147.09         364.367 
       0.597222          1142.7         344.042 
       0.612804         1103.62         325.439 
       0.628434         1067.66         308.167 
       0.644267         1048.54         291.952 
       0.660051         1024.15         276.954 
       0.675724          1013.2         263.106 
       0.691403         968.391         250.203 
       0.707174         950.427         238.101 
       0.722871         945.582         226.853 
        0.73838          908.83         216.457 
       0.754018         908.765         206.636 
       0.769845         880.466         197.319 
        0.78569         858.451          188.57 
       0.801365         841.732         180.439 
       0.817031         826.296         172.793 
       0.832809          809.54         165.543 
       0.848511         781.432         158.742 
       0.864097         774.184         152.372 
       0.879701         771.562         146.345 
       0.895507         753.872         140.575 
       0.911279         744.502         135.129 
        0.92691         728.359         130.018 
       0.942635         709.146         125.144 
       0.958396         707.873          120.51 
       0.974128          687.37         116.121 
       0.989692         677.082         111.994 
        1.00528         662.887         108.063 
        1.02113         649.709          104.26 
        1.03692         635.541         100.655 
        1.05264         629.694         97.2383 
        1.06832         620.015          93.986 
        1.08405         607.722         90.8745 
        1.09979         597.758         87.9027 
        1.11537          581.49         85.0938 
        1.13105         575.526         82.3915 
        1.14679         567.333         79.7966 
        1.16256         558.487         77.3089 
        1.17828         552.207         74.9358 
        1.19395         538.837         72.6708 
         1.2097         525.307         70.4882 
        1.22537         520.005         68.4061 
          1.241         507.653         66.4147 
        1.25666         497.934          64.498 
        1.27241         495.424         62.6481 
        1.28819         485.661         60.8679 
        1.30392             479         59.1623 
        1.31957         468.875         57.5299 
        1.33529         462.087         55.9533 
        1.35108         460.288         54.4297 
        1.36674         452.068          52.974 
         1.3824         442.823          51.573 
        1.39811         436.984         50.2181 
        1.41389         431.816         48.9069 
        1.42964           421.9         47.6449 
        1.44531          418.92         46.4337 
        1.46101         408.611         45.2621 
        1.47667         404.999         44.1346 
        1.49229         401.324         43.0487 
        1.50793         389.885         41.9981 
        1.52367         386.732          40.976 
        1.53953         379.367         39.9811 
        1.55526         370.247         39.0272 
        1.57092         366.455         38.1086 
        1.58662         363.014         37.2173 
        1.60235         356.765          36.353 
        1.61809          349.84         35.5157 
        1.63369         346.157         34.7123 
        1.64941         340.944         33.9281 
        1.66519         336.951         33.1653 
        1.68085         327.854         32.4315 
        1.69652         325.432         31.7197 
        1.71228          320.47         31.0252 
        1.72806         315.259         30.3511 
        1.74368         311.877         29.7038 
        1.75933         307.314         29.0741 
        1.77505         302.613         28.4598 
        1.79081         299.486         27.8622 
         1.8065         295.178         27.2843 
        1.82218          288.84         26.7233 
        1.83797         286.624         26.1744 
        1.85367         281.915         25.6439 
        1.86928          277.72         25.1313 
        1.88497         273.686         24.6299 
        1.90073         270.694         24.1405 
        1.91647         266.739         23.6647 
        1.93218         263.042         23.2029 
        1.94787         260.089          22.754 
        1.96363         256.784         22.3153 
        1.97935         250.626          21.889 
        1.99499         249.818         21.4764 
        2.01064         244.493         21.0737 
         2.0264         241.127         20.6789 
        2.04216         238.299         20.2944 
        2.05781         233.303         19.9222 
        2.07353         232.002         19.5579 
        2.08928         227.689          19.202 
        2.10499         226.847         18.8559 
        2.12065         223.388         18.5194 
        2.13633         219.424         18.1908 
        2.15211         216.392         17.8681 
        2.16785          214.16         17.5541 
        2.18349         210.022         17.2496 
        2.19916         208.804         16.9518 
        2.21489         205.741           16.66 
        2.23063         203.462         16.3748 
         2.2463         200.104         16.0977 
        2.26194         196.358         15.8276 
        2.27765         194.917         15.5624 
        2.29341         192.698         15.3026 
        2.30914          189.61         15.0492 
        2.32486         189.186         14.8017 
        2.34061         185.348         14.5594 
        2.35635         183.183         14.3227 
        2.37203         180.984         14.0921 
        2.38768         179.089         13.8671 
        2.40339         175.919         13.6462 
        2.41914         174.529         13.4296 
        2.43483          172.02         13.2184 
         2.4505         169.729         13.0122 
        2.46622         168.029         12.8096 
        2.48195         165.995         12.6114 
        2.49759         164.425         12.4184 
        2.51328         161.584         12.2289 
        2.52906         159.836         12.0422 
        2.54479         157.681         11.8601 
        2.56049          155.73         11.6822 
        2.57618         154.363          11.508 
        2.59189         152.834         11.3371 
        2.60758         151.018           11.17 
        2.62325         148.337         11.0064 
        2.63898         146.903         10.8456 
        2.65468         145.349         10.6883 
        2.67044          143.98         10.5334 
        2.68618         141.801          10.382 
        2.70184         140.781         10.2342 
        2.71755         138.484         10.0889 
        2.73329          137.17         9.94613 
        2.74897         135.606         9.80663 
        2.76462         133.911         9.67012 
        2.78034          132.68         9.53564 
        2.79607         130.809         9.40358 
        2.81179         128.807         9.27418 
        2.82749         127.996         9.14736 
        2.84321         126.727         9.02276 
        2.85893          125.05         8.90053 
        2.87462         123.444         8.78077 
        2.89033         122.676         8.66311 
        2.90605         120.719          8.5475 
        2.92176          119.78         8.43406 
        2.93747         118.238         8.32274 
        2.95318         116.933         8.21341 
        2.96891         115.892         8.10599 
        2.98456         114.548         8.00096 
        3.00023         113.599         7.89765 
        3.01596          112.43         7.79584 
        3.03164         110.928         7.69612 
        3.04738         109.731         7.59784 
         3.0631         108.566         7.50132 
        3.07883         107.573         7.40647 
        3.09456         106.394         7.31328 
        3.11026         105.065         7.22184 
        3.12596         104.335         7.13196 
        3.14163         102.681         7.04383 
        3.15734         101.762         6.95698 
        3.17308         100.723         6.87139 
        3.18879         99.3867         6.78747 
        3.20447         98.7407         6.70507 
         3.2202         97.2745         6.62379 
         3.2359         96.6961         6.54399 
        3.25157         95.8107         6.46571 
        3.26729         94.5137         6.38846 
        3.28304         93.7441         6.31233 
        3.29877         92.6131         6.23754 
        3.31446         91.7192         6.16412 
        3.33014         90.8867         6.09195 
        3.34585          90.096         6.02083 
        3.36158          88.922         5.95073 
        3.37727         87.8903         5.88197 
        3.39294         87.4245         5.81436 
        3.40867         86.3439         5.74757 
        3.42439         85.4668         5.68186 
        3.44008           84.61         5.61731 
        3.45578          83.911         5.55372 
        3.47153         83.0704         5.49097 
        3.48724         82.0225          5.4293 
        3.50292         81.4119         5.36872 
        3.51859          80.741         5.30909 
        3.53431         79.6016         5.25018 
        3.55007         78.8153         5.19203 
        3.56577         78.1218         5.13498 
        3.58146         77.4499         5.07881 
        3.59719         76.5056         5.02336 
        3.61292         75.9873         4.96875 
        3.62859         74.9474         4.91516 
        3.64429         74.5968         4.86226 
        3.66003         73.7411         4.80997 
        3.67578          72.929         4.75848 
        3.69146         72.3443         4.70793 
        3.70712         71.6861          4.6582 
        3.72284         70.8869         4.60901 
        3.73853         70.4298         4.56062 
        3.75422          69.765          4.5129 
        3.76993         68.8807         4.46583 
        3.78564         68.1922         4.41944 
        3.80137         67.6745         4.37364 
        3.81707         66.8566         4.32858 
        3.83279         66.3327         4.28412 
        3.84853         65.9572         4.24022 
        3.86424         65.2444         4.19701 
        3.87992         64.5353         4.15447 
        3.89561         64.0098         4.11252 
        3.91134         63.4256         4.07106 
        3.92704         62.9027         4.03022 
        3.94273         62.2873         3.98999 
        3.95845         61.5866         3.95022 
        3.97418         61.2333         3.91099 
        3.98988         60.6882         3.87235 
        4.00554         60.0035         3.83433 
        4.02125         59.2931         3.79672 
        4.03698         58.9334         3.75955 
        4.05268         58.4211         3.72296 
        4.06839         57.7583         3.68684 
         4.0841         57.5144          3.6512 
        4.09983         56.9595         3.61598 
        4.11555         56.3034         3.58125 
        4.13124         55.9412         3.54706 
        4.14693         55.2488         3.51329 
        4.16266         54.8533         3.47989 
        4.17839         54.4585         3.44693 
        4.19408         53.9519         3.41448 
        4.20977         53.4187         3.38243 
        4.22551          52.986         3.35072 
        4.24123         52.5806         3.31945 
        4.25691         52.1112         3.28866 
        4.27259         51.6549         3.25825 
        4.28831         51.1297         3.22816 
        4.30404         50.7354         3.19843 
        4.31974         50.3138         3.16913 
        4.33543         49.9239         3.14022 
        4.35116         49.4911          3.1116 
        4.36688         48.9971         3.08334 
        4.38255         48.6527         3.05555 
        4.39825          48.232         3.02803 
        4.41398         47.8044          3.0008 
         4.4297         47.4869         2.97393 
        4.44541         46.9355          2.9474 
        4.46111         46.4857         2.92121 
        4.47683         46.2391         2.89532 
        4.49251         45.8106         2.86979 
        4.50819         45.4416         2.84458 
         4.5239         44.9847         2.81964 
        4.53962         44.7389         2.79496 
        4.55535         44.3599         2.77057 
        4.57106         43.9918          2.7465 
        4.58678         43.6395         2.72272 
         4.6025         43.1932         2.69921 
        4.61821         42.8126         2.67598 
        4.63391         42.5103         2.65305 
         4.6496         42.1804         2.63041 
        4.66532         41.7856         2.60799 
        4.68103         41.5332         2.58584 
        4.69673         41.2039         2.56397 
        4.71241         40.7957         2.54238 
        4.72811         40.4702           2.521 
        4.74384         40.2052         2.49983 
        4.75955         39.8342         2.47895 
        4.77525         39.4998         2.45831 
        4.79096         39.1037         2.43788 
        4.80669         38.8588         2.41767 
         4.8224         38.6232         2.39772 
        4.83809         38.2269         2.37801 
        4.85379         38.0843         2.35851 
         4.8695         37.6136         2.33922 
        4.88521          37.382         2.32015 
        4.90093         37.0182         2.30129 
        4.91663           36.83         2.28265 
        4.93234         36.4731          2.2642 
        4.94807         36.2585         2.24594 
        4.96377         35.8622         2.22792 
        4.97943         35.6021         2.21013 
        4.99514         35.4102          2.1925 
        5.01086         35.1003         2.17504 
        5.02654         34.8452         2.15781 
        5.04227         34.5378         2.14072 
          5.058         34.2299         2.12381 
        5.07371         34.0253         2.10712 
        5.08942          33.731          2.0906 
        5.10513         33.5198         2.07425 
        5.12084         33.2472         2.05808 
        5.13656         33.0115         2.04208 
        5.15225         32.7522         2.02627 
        5.16796         32.4994         2.01061 
        5.18369         32.2236          1.9951 
         5.1994         31.9173         1.97978 
        5.21509         31.7389         1.96463 
        5.23079         31.4666         1.94963 
        5.24649         31.2052         1.93479 
        5.26217         30.9906         1.92012 
        5.27788         30.7541         1.90558 
        5.29359         30.4419         1.89119 
        5.30933         30.2751         1.87692 
        5.32504         30.0434         1.86283 
        5.34073         29.8053          1.8489 
        5.35646         29.5866         1.83508 
        5.37218         29.3874          1.8214 
        5.38789         29.1883         1.80788 
        5.40357         28.9559         1.79451 
        5.41929         28.7327         1.78125 
        5.43502         28.4836         1.76812 
         5.4507         28.3096         1.75516 
        5.46639         28.0634         1.74232 
        5.48212         27.8257         1.72958 
        5.49786         27.7011         1.71696 
        5.51353         27.4622         1.70452 
        5.52921         27.2717         1.69219 
        5.54495         27.0225         1.67995 
        5.56066         26.8768         1.66784 
        5.57637         26.6541         1.65586 
        5.59207         26.4835           1.644 
        5.60778          26.266         1.63225 
        5.62346         26.0942         1.62064 
        5.63916         25.9393         1.60913 
        5.65487         25.7212         1.59772 
         5.6706         25.5257         1.58641 
        5.68633         25.3811          1.5752 
        5.70203         25.1446         1.56413 
        5.71773         24.9752         1.55317 
        5.73344         24.7896          1.5423 
        5.74916         24.6642         1.53153 
        5.76486         24.4689         1.52087 
        5.78054         24.2511         1.51034 
        5.79626         24.0998         1.49987 
          5.812         23.9068         1.48949 
         5.8277         23.7415         1.47924 
        5.84339         23.5254         1.46909 
        5.85911         23.3842         1.45901 
        5.87484         23.2516         1.44903 
        5.89053         23.0969         1.43916 
        5.90623         22.9018         1.42938 
        5.92195         22.8227         1.41967 
        5.93767         22.5742         1.41006 
        5.95336         22.4186         1.40056 
        5.96905          22.286         1.39114 
        5.98476         22.1413          1.3818 
        6.00048         21.9794         1.37254 
        6.01617         21.8217         1.36338 
        6.03185         21.6871         1.35431 
        6.04756         21.5289          1.3453 
        6.06331         21.3535         1.33636 
        6.07903         21.2376         1.32751 
        6.09473         21.0821         1.31876 
        6.11044         20.9427         1.31007 
        6.12616         20.8256         1.30147 
        6.14186         20.6637         1.29295 
        6.15755           20.48         1.28451 
        6.17326         20.3607         1.27613 
        6.18898         20.2331         1.26783 
        6.20467         20.1494         1.25961 
        6.22036          19.919         1.25147 
         6.2361          19.779         1.24338 
         6.2518         19.6822         1.23538 
        6.26748         19.5597         1.22746 
        6.28319         19.3964         1.21959 
        6.29893         19.2684         1.21178 
        6.31463         19.1729         1.20405 
        6.33033         19.0185         1.19639 
        6.34604         18.8917          1.1888 
        6.36177         18.7695         1.18126 
        6.37747         18.6235          1.1738 
        6.39316         18.4784         1.16641 
        6.40888         18.4043         1.15907 
         6.4246         18.2405         1.15179 
        6.44031         18.1162         1.14458 
        6.45601         18.0127         1.13744 
        6.47172         17.9074         1.13035 
        6.48744         17.7721         1.12332 
        6.50313          17.654         1.11636 
        6.51882         17.5264         1.10947 
        6.53452         17.4505         1.10262 
        6.55025         17.3062         1.09582 
        6.56597         17.1999         1.08909 
        6.58166         17.0891         1.08242 
        6.59736         16.9869          1.0758 
        6.61307         16.8764         1.06923 
         6.6288         16.7565         1.06272 
         6.6445         16.6336         1.05626 
         6.6602         16.5343         1.04986 
        6.67592          16.437         1.04351 
        6.69164         16.3123         1.03721 
        6.70735         16.2357         1.03097 
        6.72304         16.1232         1.02478 
        6.73874         15.9941         1.01864 
        6.75446         15.8964         1.01255 
        6.77016         15.8115         1.00651 
        6.78585         15.6928         1.00053 
        6.80156          15.609        0.994586 
        6.81729         15.4874        0.988683 
        6.83301         15.3949         0.98283 
         6.8487         15.3125        0.977037 
         6.8644         15.1966        0.971287 
        6.88012         15.0988        0.965578 
        6.89583         14.9938        0.959919 
        6.91151         14.9137        0.954314 
        6.92723         14.7785         0.94874 
        6.94296         14.7146        0.943208 
        6.95866         14.6038        0.937729 
        6.97436         14.5251        0.932295 
        6.99007         14.4599          0.9269 
        7.00578         14.3514        0.921549 
        7.02147         14.2595        0.916246 
        7.03718         14.1623        0.910979 
         7.0529         14.0725        0.905749 
        7.06863          13.982        0.900557 
        7.08433         13.9039        0.895414 
        7.10004         13.8331        0.890312 
        7.11575         13.7176        0.885248 
        7.13145         13.6612        0.880225 
        7.14715         13.5373        0.875242 
        7.16284         13.4615        0.870303 
        7.17855         13.3995        0.865392 
        7.19428         13.3126        0.860515 
        7.20998          13.211        0.855684 
        7.22568         13.1256         0.85089 
        7.24139         13.0509        0.846131 
        7.25711         12.9901        0.841407 
        7.27282         12.8886        0.836719 
        7.28852         12.8112        0.832072 
        7.30423         12.7311        0.827455 
        7.31995         12.6582        0.822874 
        7.33565         12.5706         0.81833 
        7.35135         12.4914         0.81382 
        7.36706          12.454        0.809345 
        7.38277         12.3493        0.804899 
        7.39847         12.3013        0.800491 
        7.41419         12.2221        0.796112 
         7.4299         12.1175        0.791767 
        7.44561         12.0766        0.787455 
        7.46132           11.99        0.783176 
        7.47701         11.8869        0.778933 
        7.49272         11.8361        0.774716 
        7.50842         11.7646        0.770533 
         7.5241         11.6886        0.766386 
        7.53981         11.6151        0.762264 
        7.55552         11.5379         0.75817 
        7.57125         11.4726        0.754102 
        7.58698         11.4114        0.750063 
        7.60268          11.343        0.746062 
         7.6184         11.2737        0.742087 
        7.63411         11.2148         0.73814 
        7.64981         11.1208        0.734225 
        7.66552         11.0718        0.730339 
        7.68123          10.999        0.726478 
        7.69695         10.9309        0.722644 
        7.71264          10.885        0.718844 
        7.72834         10.8146        0.715069 
        7.74407         10.7329        0.711315 
        7.75978         10.6766         0.70759 
        7.77546         10.6071        0.703901 
        7.79116         10.5485        0.700234 
         7.8069         10.4947        0.696585 
         7.8226         10.4346        0.692968 
        7.83828         10.3664        0.689383 
        7.85399         10.2933        0.685818 
        7.86972         10.2414        0.682271 
        7.88543         10.1803        0.678756 
        7.90111         10.1315        0.675271 
        7.91681         10.0718        0.671806 
        7.93255         9.99781        0.668358 
        7.94828         9.95065        0.664936 
        7.96397         9.88561        0.661544 
        7.97967         9.84131        0.658176 
        7.99538         9.78185        0.654829 
         8.0111         9.71055        0.651504 
         8.0268         9.67224        0.648205 
        8.04248         9.61586        0.644933 
         8.0582         9.54041        0.641677 
        8.07393         9.48279         0.63844 
        8.08963         9.45523        0.635231 
        8.10533         9.38791        0.632046 
        8.12104         9.34884        0.628879 
        8.13675         9.26441        0.625735 
        8.15245         9.23785        0.622613 
        8.16815         9.17945        0.619514 
        8.18387         9.12368        0.616432 
        8.19959          9.0732         0.61337 
         8.2153         9.02334        0.610331 
        8.23101         8.96669        0.607313 
        8.24672         8.92045        0.604316 
        8.26241         8.86701        0.601343 
         8.2781         8.81095        0.598389 
        8.29381         8.76732        0.595451 
        8.30952         8.72176        0.592534 
        8.32524         8.67438        0.589633 
        8.34095         8.62403        0.586754 
        8.35666         8.56898        0.583896 
        8.37237         8.52687        0.581055 
        8.38808          8.4767        0.578233 
        8.40379         8.42669        0.575431 
         8.4195         8.38093        0.572648 
         8.4352         8.33314        0.569883 
        8.45091         8.29506        0.567137 
        8.46662         8.24651        0.564407 
        8.48232         8.18981        0.561698 
        8.49802         8.16064        0.559006 
        8.51374         8.11156        0.556329 
        8.52945         8.06595         0.55367 
        8.54515         8.02302        0.551032 
        8.56086         7.97306        0.548407 
        8.57658         7.93242          0.5458 
        8.59228         7.88664        0.543212 
        8.60799         7.85007        0.540638 
        8.62371         7.79817        0.538082 
        8.63942         7.75648        0.535542 
        8.65512         7.72121        0.533021 
        8.67082         7.67127        0.530515 
        8.68653         7.63764        0.528025 
        8.70224         7.60204         0.52555 
        8.71795         7.55007        0.523092 
        8.73365         7.51017         0.52065 
        8.74936         7.47875        0.518223 
        8.76506         7.43525        0.515813 
        8.78076         7.38441        0.513418 
        8.79646         7.35454        0.511038 
        8.81218         7.31077        0.508671 
        8.82791         7.27429        0.506316 
         8.8436         7.23286        0.503982 
         8.8593         7.20264        0.501663 
        8.87503         7.15522        0.499353 
        8.89076         7.12028        0.497058 
        8.90644          7.0797        0.494784 
        8.92214         7.04582        0.492523 
        8.93786         7.00602        0.490272 
        8.95357         6.97043        0.488036 
        8.96928         6.93664        0.485816 
        8.98498         6.90406        0.483609 
        9.00069          6.8547        0.481416 
        9.01639         6.83279        0.479236 
        9.03208         6.79556        0.477072 
        9.04778         6.76788         0.47492 
        9.06351         6.72307        0.472778 
        9.07923         6.68882         0.47065 
        9.09493         6.65236        0.468537 
        9.11062         6.61457        0.466439 
        9.12635         6.58507         0.46435 
        9.14207         6.54565        0.462274 
        9.15777         6.51945        0.460212 
        9.17346         6.48609        0.458165 
        9.18917         6.45186        0.456128 
         9.2049         6.41852        0.454101 
        9.22061         6.37818        0.452089 
        9.23631         6.36007        0.450089 
        9.25201         6.32339        0.448103 
        9.26773         6.28585        0.446126 
        9.28343         6.25652        0.444162 
        9.29913         6.22699        0.442211 
        9.31484         6.19842        0.440271 
        9.33057         6.16819        0.438339 
        9.34627         6.12471        0.436422 
        9.36197         6.09837        0.434518 
        9.37768         6.07257        0.432623 
        9.39338          6.0421        0.430741 
        9.40909         6.01186         0.42887 
        9.42479         5.97974         0.42701 
         9.4405         5.94959        0.425161 
        9.45621         5.91834        0.423322 
        9.47193         5.88742        0.421494 
        9.48763         5.86813        0.419678 
        9.50334         5.83515        0.417872 
        9.51906         5.79928        0.416077 
        9.53476         5.77662        0.414294 
        9.55045         5.74724        0.412521 
        9.56616         5.71888        0.410758 
        9.58188          5.6937        0.409002 
        9.59759         5.66242        0.407258 
         9.6133         5.63539        0.405524 
        9.62901         5.60793        0.403799 
        9.64471         5.57978        0.402085 
        9.66041         5.55721         0.40038 
        9.67612         5.52835        0.398683 
        9.69184         5.49916        0.396996 
        9.70754         5.47743         0.39532 
        9.72324         5.45138        0.393655 
        9.73895         5.42799        0.391999 
        9.75467         5.39677        0.390353 
        9.77038          5.3777        0.388719 
        9.78607         5.35625        0.387097 
        9.80177         5.32437        0.385485 
        9.81749         5.29943        0.383883 
         9.8332         5.27206        0.382292 
         9.8489         5.25467        0.380713 
        9.86463         5.22824        0.379142 
        9.88035         5.20754        0.377578 
        9.89606         5.17777        0.376025 
        9.91175         5.14989        0.374478 
        9.92745          5.1281        0.372937 
        9.94317         5.10825        0.371399 
        9.95888         5.08483        0.369865 
        9.97458         5.05806        0.368334 
        9.99029         5.04243        0.366803 
         10.006         5.01944        0.365858 
        10.0217         4.99664        0.365858 
        10.0374         4.96931        0.365858 
        10.0531         4.94754        0.365858 
        10.0688         4.92916        0.365858 
        10.0845         4.90258        0.365858 
        10.1002         4.87803        0.365858 
        10.1159         4.86101        0.365858 
        10.1317         4.83548        0.365858 
        10.1474         4.81911        0.365858 
        10.1631         4.79364        0.365858 
        10.1788         4.77088        0.365858 
        10.1945         4.75368        0.365858 
        10.2102         4.73452        0.365858 
        10.2259         4.71079        0.365858 
        10.2416         4.69502        0.365858 
        10.2573         4.67309        0.365858 
         10.273         4.65443        0.365858 
        10.2887         4.63312        0.365858 
        10.3044         4.61518        0.365858 
        10.3201         4.59518        0.365858 
        10.3359         4.57495        0.365858 
        10.3516         4.55729        0.365858 
        10.3673         4.53898        0.365858 
         10.383         4.52328        0.365858 
        10.3987         4.49847        0.365858 
        10.4144          4.4863        0.365858 
        10.4301         4.46308        0.365858 
        10.4458         4.44596        0.365858 
        10.4615         4.43134        0.365858 
        10.4772         4.41232        0.365858 
        10.4929         4.39373        0.365858 
        10.5086         4.37619        0.365858 
        10.5244         4.35784        0.365858 
        10.5401         4.33832        0.365858 
        10.5558         4.32488        0.365858 
        10.5715         4.30704        0.365858 
        10.5872         4.29056        0.365858 
        10.6029          4.2726        0.365858 
        10.6186         4.25653        0.365858 
        10.6343         4.23452        0.365858 
          10.65         4.22403        0.365858 
        10.6657         4.20825        0.365858 
        10.6814         4.18719        0.365858 
        10.6971         4.17232        0.365858 
        10.7129         4.16455        0.365858 
        10.7286         4.14353        0.365858 
        10.7443         4.12616        0.365858 
          10.76         4.11414        0.365858 
        10.7757         4.09605        0.365858 
        10.7914         4.08338        0.365858 
        10.8071         4.06603        0.365858 
        10.8228         4.05372        0.365858 
        10.8385         4.04543        0.365858 
        10.8542         4.02426        0.365858 
        10.8699         4.01049        0.365858 
        10.8856         3.99742        0.365858 
        10.9014         3.97748        0.365858 
        10.9171         3.96881        0.365858 
        10.9328         3.95986        0.365858 
        10.9485         3.94406        0.365858 
        10.9642         3.92565        0.365858 
        10.9799         3.91754        0.365858 
        10.9956         3.90056        0.365858 
        11.0113         3.88975        0.365858 
         11.027         3.87628        0.365858 
        11.0427         3.85934        0.365858 
        11.0584          3.8466        0.365858 
        11.0741         3.83898        0.365858 
        11.0898         3.82362        0.365858 
        11.1055         3.81512        0.365858 
        11.1212          3.8007        0.365858 
         11.137         3.79186        0.365858 
        11.1527         3.77759        0.365858 
        11.1684         3.76354        0.365858 
        11.1841         3.75338        0.365858 
        11.1998         3.74327        0.365858 
        11.2155         3.73314        0.365858 
        11.2312         3.72272        0.365858 
        11.2469          3.7085        0.365858 
        11.2626         3.69981        0.365858 
        11.2783         3.69138        0.365858 
         11.294         3.67301        0.365858 
        11.3097         3.66767        0.365858 
        11.3254         3.65723        0.365858 
        11.3412          3.6453        0.365858 
        11.3569         3.63476        0.365858 
        11.3726         3.62773        0.365858 
        11.3883         3.61975        0.365858 
         11.404         3.61262        0.365858 
        11.4197         3.60085        0.365858 
        11.4354         3.59013        0.365858 
        11.4511         3.58228        0.365858 
        11.4668         3.57502        0.365858 
        11.4825         3.56296        0.365858 
        11.4982         3.55807        0.365858 
         11.514         3.54449        0.365858 
        11.5297         3.53707        0.365858 
        11.5454         3.52755        0.365858 
        11.5611         3.52173        0.365858 
        11.5768         3.51468        0.365858 
        11.5925         3.50783        0.365858 
        11.6082         3.49635        0.365858 
        11.6239         3.48937        0.365858 
        11.6396         3.47954        0.365858 
        11.6553         3.47387        0.365858 
         11.671         3.46925        0.365858 
        11.6867         3.46054        0.365858 
        11.7024         3.45711        0.365858 
        11.7182         3.44901        0.365858 
        11.7339         3.44406        0.365858 
        11.7496         3.43254        0.365858 
        11.7653         3.42901        0.365858 
         11.781         3.42246        0.365858 
        11.7967         3.41566        0.365858 
        11.8124         3.41236        0.365858 
        11.8281         3.40491        0.365858 
        11.8438         3.39596        0.365858 
        11.8595         3.39479        0.365858 
        11.8752         3.38706        0.365858 
         11.891         3.38512        0.365858 
        11.9067         3.38211        0.365858 
        11.9224         3.37353        0.365858 
        11.9381         3.36787        0.365858 
        11.9538         3.36548        0.365858 
        11.9695         3.36267        0.365858 
        11.9852         3.35792        0.365858 
        12.0009         3.35291        0.365858 
        12.0166         3.35347        0.365858 
        12.0323         3.34563        0.365858 
         12.048          3.3417        0.365858 
        12.0637          3.3383        0.365858 
