# k  (h/Mpc)    Pcb(k)  (Mpc/h)^3    Pcb_linear(k) (Mpc/h)^3   ShotnoiseSubtracted = true
      0.0200456         167.367         169.209 
      0.0350414         133.446         132.677 
      0.0492313         105.229         105.121 
      0.0637834         85.0788         85.4804 
      0.0800726         64.6106         64.5722 
       0.096163         51.1367         50.7902 
       0.111083         43.2279         42.9938 
       0.126058         35.6849         35.7401 
       0.142273         29.0919          29.083 
       0.158546         24.7718         24.7754 
        0.17375         21.6415         21.5554 
       0.188953         18.5777         18.5311 
       0.204907          15.898         16.0413 
       0.220756         14.1627          14.178 
        0.23588         12.5791         12.5931 
         0.2514         11.1738         11.1585 
       0.267535         9.98469         9.95147 
       0.283568         8.95154         8.94226 
       0.299022         8.08818         8.07511 
       0.314451         7.40572         7.32137 
       0.330372         6.69227         6.65691 
       0.346141         6.10851         6.07698 
       0.361624         5.58503         5.56967 
       0.377134         5.12423         5.12101 
       0.392932         4.80069         4.71671 
       0.408854         4.36539         4.35218 
       0.424564         4.09019         4.02929 
       0.440253         3.77188         3.74028 
       0.455999         3.48259         3.47897 
       0.471626         3.24753         3.24394 
        0.48727         3.07123         3.03035 
       0.502856         2.87772          2.8368 
       0.518488         2.66486         2.65966 
       0.534347          2.4909         2.49533 
       0.550082         2.37049         2.34603 
       0.565732         2.25205          2.2097 
       0.581496          2.1073         2.08333 
       0.597222         1.98776         1.96712 
       0.612804         1.87792         1.86076 
       0.628434         1.77903           1.762 
       0.644267         1.69423         1.66929 
       0.660051         1.60784         1.58353 
       0.675724          1.5178         1.50435 
       0.691403         1.44478         1.43058 
       0.707174         1.37545         1.36138 
       0.722871         1.33074         1.29707 
        0.73838         1.24863         1.23763 
       0.754018         1.19178         1.18148 
       0.769845         1.13043         1.12821 
        0.78569         1.09167         1.07818 
       0.801365         1.04667         1.03169 
       0.817031          1.0043        0.987975 
       0.832809        0.955861        0.946521 
       0.848511        0.919514        0.907637 
       0.864097        0.886637        0.871211 
       0.879701        0.855569        0.836756 
       0.895507        0.812059        0.803763 
       0.911279         0.78684        0.772624 
        0.92691        0.762168        0.743399 
       0.942635        0.724706         0.71553 
       0.958396        0.700446        0.689038 
       0.974128        0.675748         0.66394 
       0.989692        0.651847        0.640347 
        1.00528        0.625294        0.617871 
        1.02113        0.610036        0.596127 
        1.03692        0.589592        0.575515 
        1.05264        0.565364        0.555977 
        1.06832        0.547984        0.537382 
        1.08405         0.52757        0.519591 
        1.09979         0.51277        0.502599 
        1.11537        0.493094        0.486539 
        1.13105        0.475653        0.471088 
        1.14679        0.463887        0.456251 
        1.16256        0.450894        0.442027 
        1.17828        0.437656        0.428459 
        1.19395        0.424447        0.415508 
         1.2097          0.4103        0.403029 
        1.22537        0.396708        0.391124 
          1.241        0.385905        0.379738 
        1.25666        0.377073        0.368779 
        1.27241        0.364464        0.358202 
        1.28819        0.353439        0.348023 
        1.30392        0.345171        0.338271 
        1.31957        0.334607        0.328938 
        1.33529        0.326387        0.319923 
        1.35108        0.316076        0.311212 
        1.36674        0.308183        0.302888 
         1.3824        0.300422        0.294878 
        1.39811        0.291143        0.287131 
        1.41389          0.2854        0.279634 
        1.42964        0.277335        0.272418 
        1.44531        0.269615        0.265493 
        1.46101        0.261986        0.258794 
        1.47667        0.256341        0.252348 
        1.49229        0.249706        0.246138 
        1.50793        0.243993        0.240132 
        1.52367         0.23741        0.234287 
        1.53953        0.231213        0.228599 
        1.55526        0.225937        0.223145 
        1.57092        0.222178        0.217892 
        1.58662        0.216418        0.212797 
        1.60235        0.211146        0.207855 
        1.61809        0.205698        0.203067 
        1.63369        0.200833        0.198474 
        1.64941        0.196686         0.19399 
        1.66519        0.192552        0.189628 
        1.68085        0.187366        0.185433 
        1.69652        0.183693        0.181363 
        1.71228        0.179171        0.177392 
        1.72806        0.175907        0.173538 
        1.74368        0.171668        0.169837 
        1.75933        0.168466        0.166236 
        1.77505        0.165146        0.162724 
        1.79081        0.160846        0.159307 
         1.8065        0.157999        0.156003 
        1.82218        0.153854        0.152796 
        1.83797        0.150653        0.149657 
        1.85367         0.14767        0.146623 
        1.86928        0.144128        0.143693 
        1.88497        0.141489        0.140826 
        1.90073        0.138375        0.138027 
        1.91647         0.13655        0.135307 
        1.93218        0.134415        0.132666 
        1.94787        0.130458          0.1301 
        1.96363        0.128175        0.127592 
        1.97935        0.125632        0.125154 
        1.99499        0.123159        0.122795 
        2.01064        0.120853        0.120493 
         2.0264        0.118904        0.118235 
        2.04216        0.116271        0.116037 
        2.05781        0.113892        0.113908 
        2.07353        0.112064        0.111826 
        2.08928        0.110226        0.109791 
        2.10499        0.107777        0.107812 
        2.12065        0.105967        0.105888 
        2.13633        0.104079        0.104009 
        2.15211        0.102351        0.102164 
        2.16785       0.0999192        0.100369 
        2.18349       0.0984275       0.0986279 
        2.19916       0.0964024       0.0969248 
        2.21489       0.0947219       0.0952563 
        2.23063       0.0932787       0.0936261 
         2.2463       0.0917006       0.0920413 
        2.26194       0.0902239       0.0904973 
        2.27765       0.0886482       0.0889808 
        2.29341       0.0866953       0.0874951 
        2.30914       0.0853583       0.0860464 
        2.32486       0.0838383       0.0846314 
        2.34061       0.0824028        0.083246 
        2.35635       0.0810862       0.0818927 
        2.37203       0.0805147       0.0805743 
        2.38768       0.0787725       0.0792877 
        2.40339       0.0774079       0.0780245 
        2.41914       0.0758849        0.076786 
        2.43483       0.0750183       0.0755787 
         2.4505       0.0735897       0.0743995 
        2.46622        0.072378       0.0732413 
        2.48195       0.0713285       0.0721078 
        2.49759       0.0701453       0.0710043 
        2.51328       0.0685815       0.0699211 
        2.52906       0.0678829       0.0688537 
        2.54479       0.0668712       0.0678125 
        2.56049       0.0656606       0.0667949 
        2.57618       0.0648947       0.0657991 
        2.59189       0.0635394        0.064822 
        2.60758       0.0629549       0.0638664 
        2.62325       0.0615762       0.0629312 
        2.63898       0.0609881       0.0620116 
        2.65468       0.0597841       0.0611122 
        2.67044       0.0589957       0.0602268 
        2.68618       0.0580738        0.059361 
        2.70184       0.0575085       0.0585157 
        2.71755       0.0565004       0.0576848 
        2.73329       0.0557238       0.0568687 
        2.74897       0.0549055       0.0560711 
        2.76462       0.0538923       0.0552906 
        2.78034       0.0532511       0.0545217 
        2.79607       0.0526319       0.0537667 
        2.81179       0.0517424       0.0530268 
        2.82749       0.0511126       0.0523016 
        2.84321       0.0501997       0.0515893 
        2.85893       0.0495269       0.0508904 
        2.87462       0.0489148       0.0502056 
        2.89033       0.0481865       0.0495329 
        2.90605       0.0475038       0.0488719 
        2.92176       0.0470551       0.0482233 
        2.93747       0.0461644       0.0475868 
        2.95318        0.045717       0.0469616 
        2.96891       0.0450145       0.0463474 
        2.98456       0.0443118       0.0457469 
        3.00023       0.0440359       0.0451562 
        3.01596       0.0430365       0.0445741 
        3.03164       0.0426201       0.0440039 
        3.04738       0.0420649        0.043442 
         3.0631       0.0412919       0.0428901 
        3.07883       0.0410073       0.0423478 
        3.09456       0.0404917        0.041815 
        3.11026       0.0398614       0.0412921 
        3.12596        0.039596       0.0407783 
        3.14163       0.0388997       0.0402744 
        3.15734       0.0385566       0.0397778 
        3.17308       0.0380001       0.0392884 
        3.18879       0.0374691       0.0388085 
        3.20447       0.0369653       0.0383374 
         3.2202        0.036555       0.0378727 
         3.2359       0.0361112       0.0374164 
        3.25157       0.0357212       0.0369688 
        3.26729       0.0352523       0.0365272 
        3.28304        0.034898       0.0360919 
        3.29877       0.0344146       0.0356642 
        3.31446       0.0339472       0.0352445 
        3.33014       0.0336248       0.0348318 
        3.34585       0.0332171       0.0344252 
        3.36158       0.0328217       0.0340244 
        3.37727       0.0323687       0.0336312 
        3.39294       0.0320457       0.0332446 
        3.40867        0.031752       0.0328628 
        3.42439       0.0313739       0.0324871 
        3.44008       0.0310548        0.032118 
        3.45578       0.0306658       0.0317544 
        3.47153       0.0303887       0.0313956 
        3.48724       0.0299614        0.031043 
        3.50292       0.0298466       0.0306966 
        3.51859        0.029393       0.0303557 
        3.53431       0.0290011       0.0300189 
        3.55007       0.0287759       0.0296863 
        3.56577       0.0284886       0.0293602 
        3.58146       0.0281242        0.029039 
        3.59719       0.0279341        0.028722 
        3.61292       0.0275414       0.0284097 
        3.62859       0.0272535       0.0281033 
        3.64429        0.027036       0.0278008 
        3.66003       0.0267854       0.0275019 
        3.67578       0.0265299       0.0272074 
        3.69146       0.0262708       0.0269184 
        3.70712       0.0260357       0.0266341 
        3.72284       0.0257189       0.0263529 
        3.73853        0.025505       0.0260762 
        3.75422       0.0252029       0.0258033 
        3.76993       0.0250453       0.0255342 
        3.78564       0.0247539       0.0252689 
        3.80137       0.0245452       0.0250071 
        3.81707       0.0242842       0.0247494 
        3.83279       0.0240224       0.0244952 
        3.84853        0.023817       0.0242442 
        3.86424       0.0236701       0.0239972 
        3.87992        0.023477       0.0237539 
        3.89561       0.0231733       0.0235141 
        3.91134       0.0230165        0.023277 
        3.92704       0.0227958       0.0230435 
        3.94273       0.0225942       0.0228135 
        3.95845       0.0223849       0.0225861 
        3.97418       0.0221906       0.0223618 
        3.98988       0.0218857       0.0221409 
        4.00554       0.0217992       0.0219235 
        4.02125       0.0215095       0.0217084 
        4.03698       0.0212417       0.0214959 
        4.05268       0.0210431       0.0212867 
        4.06839       0.0208026       0.0210801 
         4.0841       0.0204647       0.0208764 
        4.09983       0.0202152        0.020675 
        4.11555        0.020022       0.0204764 
        4.13124       0.0197411        0.020281 
        4.14693       0.0195563       0.0200879 
        4.16266       0.0192929       0.0198969 
        4.17839       0.0190831       0.0197085 
        4.19408       0.0188743       0.0195229 
        4.20977       0.0186567       0.0193397 
        4.22551       0.0184701       0.0191583 
        4.24123       0.0182633       0.0189795 
        4.25691       0.0181496       0.0188035 
        4.27259       0.0179224       0.0186296 
        4.28831       0.0178157       0.0184576 
        4.30404       0.0176049       0.0182876 
        4.31974       0.0174817       0.0181201 
        4.33543        0.017336       0.0179548 
        4.35116       0.0171277       0.0177911 
        4.36688       0.0171037       0.0176296 
        4.38255       0.0169066       0.0174706 
        4.39825       0.0169144       0.0173133 
        4.41398        0.016775       0.0171576 
         4.4297       0.0166818        0.017004 
        4.44541        0.016538       0.0168523 
        4.46111       0.0163949       0.0167025 
        4.47683       0.0164408       0.0165545 
        4.49251       0.0163088       0.0164085 
        4.50819       0.0163147       0.0162644 
         4.5239       0.0161606       0.0161218 
        4.53962       0.0161733       0.0159807 
        4.55535       0.0161087       0.0158412 
        4.57106        0.016114       0.0157036 
        4.58678       0.0160313       0.0155676 
         4.6025        0.016053       0.0154332 
        4.61821       0.0160447       0.0153004 
        4.63391       0.0160258       0.0151693 
         4.6496       0.0159992       0.0150398 
        4.66532       0.0159775       0.0149116 
        4.68103       0.0160085        0.014785 
        4.69673       0.0159976         0.01466 
        4.71241       0.0161041       0.0145365 
        4.72811       0.0160756       0.0144142 
        4.74384       0.0161505       0.0142932 
        4.75955       0.0161626       0.0141738 
        4.77525       0.0162167       0.0140558 
        4.79096       0.0162791        0.013939 
        4.80669       0.0163874       0.0138235 
         4.8224       0.0164126       0.0137094 
        4.83809        0.016531       0.0135967 
        4.85379       0.0166682       0.0134852 
         4.8695       0.0166946       0.0133749 
        4.88521        0.016803       0.0132659 
        4.90093       0.0168824        0.013158 
        4.91663        0.017044       0.0130515 
        4.93234       0.0171778        0.012946 
        4.94807       0.0172681       0.0128416 
        4.96377       0.0173602       0.0127385 
        4.97943       0.0176899       0.0126368 
        4.99514       0.0177565        0.012536 
        5.01086       0.0179573       0.0124362 
        5.02654       0.0180937       0.0123377 
        5.04227       0.0182332         0.01224 
          5.058       0.0184677       0.0121433 
        5.07371       0.0185737       0.0120478 
        5.08942       0.0188767       0.0119534 
        5.10513       0.0190472       0.0118599 
        5.12084       0.0193002       0.0117674 
        5.13656       0.0195321       0.0116759 
        5.15225       0.0197983       0.0115856 
        5.16796       0.0200723        0.011496 
        5.18369        0.020259       0.0114073 
         5.1994       0.0205646       0.0113197 
        5.21509       0.0207794       0.0112331 
        5.23079       0.0211667       0.0111473 
        5.24649       0.0214573       0.0110625 
        5.26217       0.0217548       0.0109786 
        5.27788       0.0220725       0.0108955 
        5.29359       0.0223105       0.0108132 
        5.30933       0.0227597       0.0107316 
        5.32504       0.0230989       0.0106511 
        5.34073       0.0235014       0.0105714 
        5.35646       0.0238983       0.0104924 
        5.37218       0.0242585       0.0104142 
        5.38789       0.0245551       0.0103369 
        5.40357       0.0251152       0.0102604 
        5.41929       0.0256072       0.0101846 
        5.43502       0.0259514       0.0101096 
         5.4507       0.0263891       0.0100354 
        5.46639       0.0268838      0.00996204 
        5.48212       0.0273366       0.0098892 
        5.49786        0.028017      0.00981701 
        5.51353       0.0285996       0.0097459 
        5.52921       0.0288663      0.00967541 
        5.54495       0.0295825      0.00960542 
        5.56066       0.0301976       0.0095362 
        5.57637       0.0307038      0.00946767 
        5.59207       0.0313178      0.00939987 
        5.60778        0.031856      0.00933271 
        5.62346       0.0324964      0.00926629 
        5.63916       0.0330864      0.00920047 
        5.65487       0.0339369      0.00913524 
         5.6706       0.0345333      0.00907058 
        5.68633       0.0353704      0.00900651 
        5.70203       0.0360763      0.00894319 
        5.71773        0.036944       0.0088805 
        5.73344        0.037402      0.00881837 
        5.74916       0.0383665      0.00875678 
        5.76486       0.0393407      0.00869586 
        5.78054       0.0402498      0.00863561 
        5.79626       0.0408846      0.00857577 
          5.812       0.0420589      0.00851643 
         5.8277       0.0426708      0.00845783 
        5.84339       0.0438026      0.00839977 
        5.85911       0.0449099      0.00834215 
        5.87484       0.0455946      0.00828509 
        5.89053       0.0469561      0.00822866 
        5.90623       0.0477669      0.00817274 
        5.92195       0.0491998      0.00811724 
        5.93767       0.0504329      0.00806229 
        5.95336       0.0512042      0.00800793 
        5.96905       0.0524923       0.0079541 
        5.98476       0.0534242      0.00790068 
        6.00048       0.0553831      0.00784774 
        6.01617        0.056288      0.00779535 
        6.03185       0.0575066      0.00774351 
        6.04756       0.0591714      0.00769201 
        6.06331       0.0608107      0.00764087 
        6.07903       0.0619239       0.0075903 
        6.09473       0.0637501      0.00754024 
        6.11044       0.0653314      0.00749058 
        6.12616       0.0667359      0.00744138 
        6.14186       0.0683203      0.00739267 
        6.15755       0.0700087      0.00734439 
        6.17326        0.071798      0.00729652 
        6.18898       0.0739369      0.00724904 
        6.20467       0.0760404      0.00720207 
        6.22036       0.0776609      0.00715552 
         6.2361       0.0796604      0.00710926 
         6.2518       0.0819148      0.00706348 
        6.26748       0.0829676       0.0070182 
        6.28319       0.0861977       0.0069732 
        6.29893       0.0876683      0.00692855 
        6.31463       0.0906407      0.00688437 
        6.33033       0.0925319      0.00684059 
        6.34604       0.0953908      0.00679715 
        6.36177       0.0971057      0.00675406 
        6.37747        0.100035      0.00671141 
        6.39316         0.10298      0.00666916 
        6.40888         0.10588      0.00662719 
         6.4246        0.108414      0.00658558 
        6.44031        0.110666      0.00654435 
        6.45601         0.11401      0.00650352 
        6.47172        0.117566      0.00646299 
        6.48744        0.120948       0.0064228 
        6.50313        0.123662      0.00638301 
        6.51882        0.127505      0.00634357 
        6.53452        0.131578      0.00630443 
        6.55025        0.134033      0.00626555 
        6.56597        0.138845      0.00622705 
        6.58166        0.140523      0.00618892 
        6.59736        0.146296      0.00615109 
        6.61307        0.149809      0.00611353 
         6.6288        0.154255      0.00607628 
         6.6445        0.157999      0.00603938 
         6.6602        0.162502      0.00600279 
        6.67592         0.16793      0.00596647 
        6.69164         0.17281      0.00593046 
        6.70735        0.177102      0.00589475 
        6.72304        0.182394      0.00585937 
        6.73874        0.187136      0.00582428 
        6.75446        0.192133      0.00578944 
        6.77016         0.19828      0.00575492 
        6.78585        0.203164      0.00572069 
        6.80156        0.209082      0.00568672 
        6.81729        0.216277      0.00565297 
        6.83301        0.222202       0.0056195 
         6.8487         0.23152      0.00558638 
         6.8644        0.233924      0.00555351 
        6.88012        0.240401      0.00552086 
        6.89583        0.249315      0.00548851 
        6.91151        0.255049      0.00545646 
        6.92723        0.264347      0.00542459 
        6.94296        0.270058      0.00539296 
        6.95866        0.278247      0.00536163 
        6.97436        0.288617      0.00533056 
        6.99007        0.297269      0.00529972 
        7.00578        0.302951      0.00526912 
        7.02147        0.311837       0.0052388 
        7.03718        0.321006      0.00520868 
         7.0529        0.329905      0.00517878 
        7.06863         0.34147       0.0051491 
        7.08433        0.348593      0.00511969 
        7.10004        0.360748      0.00509052 
        7.11575        0.371042      0.00506156 
        7.13145        0.376695      0.00503284 
        7.14715        0.388458      0.00500435 
        7.16284        0.402377      0.00497611 
        7.17855        0.412657      0.00494803 
        7.19428         0.42127      0.00492014 
        7.20998        0.437756      0.00489252 
        7.22568        0.450527      0.00486512 
        7.24139        0.462096      0.00483791 
        7.25711         0.47613       0.0048109 
        7.27282        0.484033      0.00478409 
        7.28852        0.498181      0.00475752 
        7.30423        0.511128      0.00473112 
        7.31995        0.522441      0.00470493 
        7.33565        0.541264      0.00467894 
        7.35135        0.549503      0.00465316 
        7.36706        0.573081      0.00462757 
        7.38277        0.583633      0.00460215 
        7.39847        0.597953      0.00457695 
        7.41419        0.603669      0.00455191 
         7.4299        0.615047      0.00452707 
        7.44561        0.633045      0.00450241 
        7.46132        0.651418      0.00447795 
        7.47701        0.668877      0.00445369 
        7.49272        0.682646      0.00442958 
        7.50842        0.696254      0.00440566 
         7.5241        0.718495      0.00438195 
        7.53981        0.736375      0.00435838 
        7.55552        0.745248      0.00433497 
        7.57125        0.773931      0.00431171 
        7.58698        0.769415      0.00428862 
        7.60268        0.797069      0.00426574 
         7.6184        0.813445      0.00424301 
        7.63411        0.814124      0.00422045 
        7.64981        0.826057      0.00419806 
        7.66552        0.852316      0.00417584 
        7.68123        0.864054      0.00415377 
        7.69695        0.883408      0.00413185 
        7.71264        0.879593      0.00411012 
        7.72834         0.90159      0.00408854 
        7.74407        0.915778      0.00406707 
        7.75978        0.925919      0.00404577 
        7.77546        0.936853      0.00402468 
        7.79116           0.935      0.00400371 
         7.8069        0.942009      0.00398285 
         7.8226        0.969056      0.00396217 
        7.83828        0.959387      0.00394167 
        7.85399        0.978528      0.00392129 
        7.86972        0.986908      0.00390101 
        7.88543        0.993694      0.00388091 
        7.90111         1.00211      0.00386098 
        7.91681         0.98861      0.00384117 
        7.93255        0.992288      0.00382146 
        7.94828        0.986935      0.00380189 
        7.96397         1.00506      0.00378249 
        7.97967          1.0123      0.00376324 
        7.99538         1.00105       0.0037441 
         8.0111          1.0067      0.00372509 
         8.0268        0.996575      0.00370623 
        8.04248        0.983594      0.00368752 
         8.0582        0.988182       0.0036689 
        8.07393        0.983778      0.00365039 
        8.08963        0.965413      0.00363205 
        8.10533        0.965236      0.00361383 
        8.12104        0.959616      0.00359573 
        8.13675        0.940398      0.00357775 
        8.15245         0.93532       0.0035599 
        8.16815         0.92631      0.00354218 
        8.18387        0.919507      0.00352456 
        8.19959        0.908045      0.00350705 
         8.2153        0.906216      0.00348968 
        8.23101        0.884376      0.00347242 
        8.24672        0.886539      0.00345528 
        8.26241        0.873134      0.00343828 
         8.2781        0.859287       0.0034214 
        8.29381        0.844859       0.0034046 
        8.30952        0.840635      0.00338792 
        8.32524        0.834872      0.00337133 
        8.34095        0.816349      0.00335487 
        8.35666        0.813697      0.00333853 
        8.37237        0.801281      0.00332228 
        8.38808         0.78711      0.00330615 
        8.40379        0.771396      0.00329013 
         8.4195        0.768842      0.00327421 
         8.4352        0.755893      0.00325841 
        8.45091        0.745919       0.0032427 
        8.46662        0.728689       0.0032271 
        8.48232        0.729565      0.00321161 
        8.49802        0.712153      0.00319621 
        8.51374        0.703566      0.00318091 
        8.52945        0.687815      0.00316571 
        8.54515        0.685423      0.00315062 
        8.56086         0.67731      0.00313561 
        8.57658        0.663692      0.00312071 
        8.59228        0.652403      0.00310591 
        8.60799        0.644375       0.0030912 
        8.62371        0.636194      0.00307658 
        8.63942        0.630163      0.00306206 
        8.65512        0.627674      0.00304764 
        8.67082         0.60963      0.00303332 
        8.68653        0.602921      0.00301907 
        8.70224        0.593179      0.00300492 
        8.71795        0.589329      0.00299087 
        8.73365        0.581585      0.00297691 
        8.74936        0.572623      0.00296303 
        8.76506        0.567239      0.00294925 
        8.78076        0.558116      0.00293556 
        8.79646        0.550051      0.00292195 
        8.81218        0.541899      0.00290842 
        8.82791        0.540493      0.00289495 
         8.8436        0.531965      0.00288161 
         8.8593        0.526665      0.00286835 
        8.87503        0.523178      0.00285514 
        8.89076        0.516411      0.00284202 
        8.90644        0.510421      0.00282902 
        8.92214        0.499942      0.00281609 
        8.93786        0.499526      0.00280322 
        8.95357         0.49108      0.00279044 
        8.96928        0.489292      0.00277774 
        8.98498        0.483646      0.00276512 
        9.00069        0.475763      0.00275258 
        9.01639        0.470947      0.00274011 
        9.03208        0.472872      0.00272775 
        9.04778        0.462747      0.00271544 
        9.06351        0.463751      0.00270319 
        9.07923        0.458637      0.00269102 
        9.09493        0.456172      0.00267895 
        9.11062        0.452701      0.00266695 
        9.12635        0.447898        0.002655 
        9.14207        0.442904      0.00264313 
        9.15777         0.44188      0.00263135 
        9.17346        0.437969      0.00261964 
        9.18917        0.432901      0.00260799 
         9.2049        0.434847       0.0025964 
        9.22061        0.428599       0.0025849 
        9.23631        0.427943      0.00257347 
        9.25201        0.425562      0.00256211 
        9.26773        0.422485       0.0025508 
        9.28343        0.421283      0.00253958 
        9.29913        0.417621      0.00252842 
        9.31484        0.417389      0.00251733 
        9.33057        0.415414      0.00250628 
        9.34627        0.416182      0.00249532 
        9.36197        0.415107      0.00248444 
        9.37768        0.410762       0.0024736 
        9.39338        0.414078      0.00246284 
        9.40909        0.407983      0.00245214 
        9.42479        0.410414       0.0024415 
         9.4405        0.410688      0.00243093 
        9.45621        0.406265      0.00242042 
        9.47193        0.407752      0.00240997 
        9.48763        0.406075      0.00239959 
        9.50334        0.409658      0.00238926 
        9.51906        0.407773      0.00237899 
        9.53476        0.406013       0.0023688 
        9.55045         0.40927      0.00235866 
        9.56616        0.405316      0.00234858 
        9.58188        0.410756      0.00233854 
        9.59759        0.408668      0.00232857 
         9.6133        0.407743      0.00231866 
        9.62901        0.409867       0.0023088 
        9.64471        0.408984      0.00229899 
        9.66041        0.415624      0.00228925 
        9.67612        0.410929      0.00227954 
        9.69184        0.416463       0.0022699 
        9.70754        0.417999      0.00226031 
        9.72324        0.413413      0.00225079 
        9.73895        0.421979      0.00224133 
        9.75467        0.418272      0.00223191 
        9.77038        0.427296      0.00222257 
        9.78607        0.424167      0.00221329 
        9.80177         0.42725      0.00220408 
        9.81749         0.43194      0.00219492 
         9.8332        0.425949      0.00218582 
         9.8489        0.440648       0.0021768 
        9.86463        0.432792      0.00216781 
        9.88035        0.441686      0.00215887 
        9.89606        0.442824      0.00214999 
        9.91175        0.439819      0.00214115 
        9.92745        0.451139      0.00213233 
        9.94317        0.445223      0.00212354 
        9.95888         0.45847      0.00211477 
        9.97458        0.455469      0.00210601 
        9.99029         0.45838      0.00209726 
         10.006        0.466436      0.00209186 
        10.0217        0.459981      0.00209186 
        10.0374        0.477671      0.00209186 
        10.0531        0.470877      0.00209186 
        10.0688        0.478764      0.00209186 
        10.0845        0.484513      0.00209186 
        10.1002        0.478851      0.00209186 
        10.1159        0.496352      0.00209186 
        10.1317        0.488136      0.00209186 
        10.1474         0.50194      0.00209186 
        10.1631        0.501477      0.00209186 
        10.1788        0.502743      0.00209186 
        10.1945        0.517062      0.00209186 
        10.2102         0.50559      0.00209186 
        10.2259         0.52858      0.00209186 
        10.2416        0.520881      0.00209186 
        10.2573         0.52908      0.00209186 
         10.273        0.537737      0.00209186 
        10.2887        0.526774      0.00209186 
        10.3044        0.556368      0.00209186 
        10.3201        0.539074      0.00209186 
        10.3359         0.55596      0.00209186 
        10.3516        0.558559      0.00209186 
        10.3673        0.558128      0.00209186 
         10.383        0.578351      0.00209186 
        10.3987        0.559281      0.00209186 
        10.4144        0.587993      0.00209186 
        10.4301        0.578087      0.00209186 
        10.4458        0.584322      0.00209186 
        10.4615        0.596846      0.00209186 
        10.4772        0.582169      0.00209186 
        10.4929        0.620471      0.00209186 
        10.5086        0.599792      0.00209186 
        10.5244        0.614508      0.00209186 
        10.5401        0.615913      0.00209186 
        10.5558        0.612412      0.00209186 
        10.5715         0.64086      0.00209186 
        10.5872        0.617143      0.00209186 
        10.6029        0.645711      0.00209186 
        10.6186        0.640736      0.00209186 
        10.6343         0.64126      0.00209186 
          10.65        0.658311      0.00209186 
        10.6657        0.638579      0.00209186 
        10.6814        0.675337      0.00209186 
        10.6971        0.657435      0.00209186 
        10.7129        0.670649      0.00209186 
        10.7286        0.677879      0.00209186 
        10.7443        0.658651      0.00209186 
          10.76        0.701924      0.00209186 
        10.7757        0.672936      0.00209186 
        10.7914        0.699431      0.00209186 
        10.8071        0.694423      0.00209186 
        10.8228        0.689156      0.00209186 
        10.8385        0.716789      0.00209186 
        10.8542        0.689146      0.00209186 
        10.8699        0.731662      0.00209186 
        10.8856        0.707196      0.00209186 
        10.9014        0.713844      0.00209186 
        10.9171        0.727452      0.00209186 
        10.9328        0.698302      0.00209186 
        10.9485          0.7519      0.00209186 
        10.9642        0.715694      0.00209186 
        10.9799        0.736873      0.00209186 
        10.9956        0.731963      0.00209186 
        11.0113        0.718477      0.00209186 
         11.027        0.755132      0.00209186 
        11.0427        0.724364      0.00209186 
        11.0584        0.757456      0.00209186 
        11.0741        0.739543      0.00209186 
        11.0898        0.741052      0.00209186 
        11.1055        0.760192      0.00209186 
        11.1212        0.725378      0.00209186 
         11.137        0.775381      0.00209186 
        11.1527        0.740056      0.00209186 
        11.1684        0.759942      0.00209186 
        11.1841        0.761791      0.00209186 
        11.1998        0.739465      0.00209186 
        11.2155        0.775989      0.00209186 
        11.2312         0.74375      0.00209186 
        11.2469        0.768076      0.00209186 
        11.2626        0.754583      0.00209186 
        11.2783        0.750615      0.00209186 
         11.294        0.771745      0.00209186 
        11.3097        0.738552      0.00209186 
        11.3254         0.77662      0.00209186 
        11.3412        0.750778      0.00209186 
        11.3569        0.758827      0.00209186 
        11.3726        0.766193      0.00209186 
        11.3883        0.737308      0.00209186 
         11.404        0.777469      0.00209186 
        11.4197          0.7451      0.00209186 
        11.4354        0.764274      0.00209186 
        11.4511        0.755454      0.00209186 
        11.4668        0.738543      0.00209186 
        11.4825         0.76786      0.00209186 
        11.4982        0.738351      0.00209186 
         11.514        0.764385      0.00209186 
        11.5297        0.742591      0.00209186 
        11.5454        0.745681      0.00209186 
        11.5611         0.75613      0.00209186 
        11.5768        0.728393      0.00209186 
        11.5925        0.763916      0.00209186 
        11.6082        0.734666      0.00209186 
        11.6239        0.745057      0.00209186 
        11.6396        0.744546      0.00209186 
        11.6553        0.728097      0.00209186 
         11.671        0.752707      0.00209186 
        11.6867        0.722847      0.00209186 
        11.7024        0.742017      0.00209186 
        11.7182        0.727969      0.00209186 
        11.7339        0.724585      0.00209186 
        11.7496        0.735825      0.00209186 
        11.7653        0.713658      0.00209186 
         11.781        0.737579      0.00209186 
        11.7967        0.723538      0.00209186 
        11.8124        0.720847      0.00209186 
        11.8281        0.724737      0.00209186 
        11.8438        0.706264      0.00209186 
        11.8595         0.73135      0.00209186 
        11.8752        0.705719      0.00209186 
         11.891        0.717789      0.00209186 
        11.9067        0.711961      0.00209186 
        11.9224        0.704928      0.00209186 
        11.9381        0.715547      0.00209186 
        11.9538        0.696231      0.00209186 
        11.9695        0.714131      0.00209186 
        11.9852        0.699104      0.00209186 
        12.0009        0.694689      0.00209186 
        12.0166         0.70473      0.00209186 
        12.0323        0.686644      0.00209186 
         12.048        0.707673      0.00209186 
        12.0637        0.687868      0.00209186 
