# k  (h/Mpc)    Pcb(k)  (Mpc/h)^3    Pcb_linear(k) (Mpc/h)^3   ShotnoiseSubtracted = true
      0.0200456         4549.01         4600.25 
      0.0350414          3669.5         3607.06 
      0.0492313         2842.57          2857.9 
      0.0637834         2269.01         2323.93 
      0.0800726         1720.24         1755.51 
       0.096163         1407.03         1380.82 
       0.111083          1200.2         1168.86 
       0.126058         965.329         971.656 
       0.142273         796.063         790.673 
       0.158546          686.46         673.561 
        0.17375         607.813         586.021 
       0.188953         532.759         503.799 
       0.204907          447.24          436.11 
       0.220756         408.018         385.452 
        0.23588         363.831         342.365 
         0.2514         323.766         303.363 
       0.267535         304.084         270.548 
       0.283568         268.064         243.111 
       0.299022         251.451         219.536 
       0.314451         241.993         199.044 
       0.330372         211.324         180.979 
       0.346141         195.471         165.213 
       0.361624         183.413         151.421 
       0.377134             168         139.223 
       0.392932         163.409         128.232 
       0.408854         152.604         118.321 
       0.424564         145.822         109.543 
       0.440253         132.511         101.686 
       0.455999         123.373         94.5817 
       0.471626         118.562         88.1921 
        0.48727         115.093         82.3854 
       0.502856          105.95         77.1233 
       0.518488         102.516         72.3074 
       0.534347         96.7522         67.8399 
       0.550082          93.781         63.7809 
       0.565732         91.1503         60.0744 
       0.581496         84.4645          56.639 
       0.597222         81.6673         53.4796 
       0.612804           79.06         50.5879 
       0.628434         77.0932          47.903 
       0.644267          73.058         45.3825 
       0.660051         70.2857          43.051 
       0.675724         68.2995         40.8984 
       0.691403          67.012         38.8928 
       0.707174         64.8283         37.0116 
       0.722871         62.9475         35.2632 
        0.73838         60.4227         33.6471 
       0.754018         57.3785         32.1205 
       0.769845         56.6351         30.6723 
        0.78569         54.6107         29.3123 
       0.801365         53.2765         28.0483 
       0.817031         51.2953         26.8598 
       0.832809         50.4132         25.7328 
       0.848511         48.9369         24.6757 
       0.864097         47.9721         23.6854 
       0.879701         46.9807         22.7486 
       0.895507         45.3011         21.8517 
       0.911279         44.2701         21.0051 
        0.92691         43.1915         20.2106 
       0.942635         42.3822         19.4529 
       0.958396         41.8108         18.7327 
       0.974128         40.6828         18.0504 
       0.989692         39.3913         17.4089 
        1.00528         38.9076         16.7979 
        1.02113         37.9698         16.2067 
        1.03692         37.4276         15.6464 
        1.05264         36.5712         15.1152 
        1.06832         35.8941         14.6096 
        1.08405         34.9419          14.126 
        1.09979           34.74          13.664 
        1.11537         33.6222         13.2274 
        1.13105         32.9843         12.8073 
        1.14679         32.3374          12.404 
        1.16256         31.9245         12.0173 
        1.17828         31.4438         11.6484 
        1.19395         30.8307         11.2963 
         1.2097         30.2943          10.957 
        1.22537         29.7567         10.6334 
          1.241         29.2388         10.3238 
        1.25666         28.8839         10.0259 
        1.27241         28.4298         9.73833 
        1.28819         27.3839         9.46161 
        1.30392         27.6966         9.19648 
        1.31957         27.0322         8.94273 
        1.33529         26.4809         8.69766 
        1.35108         26.2405         8.46083 
        1.36674         25.8732         8.23453 
         1.3824         25.3528         8.01675 
        1.39811         24.8199         7.80615 
        1.41389         24.5744         7.60233 
        1.42964         24.3145         7.40615 
        1.44531         23.8835         7.21788 
        1.46101         23.6109         7.03577 
        1.47667         23.2952          6.8605 
        1.49229         22.8185          6.6917 
        1.50793         22.6218         6.52839 
        1.52367         22.3168          6.3695 
        1.53953         22.0227         6.21485 
        1.55526         21.6379         6.06659 
        1.57092          21.548         5.92378 
        1.58662         21.2625         5.78524 
        1.60235         20.8611         5.65088 
        1.61809         20.7153         5.52073 
        1.63369         20.4265         5.39585 
        1.64941         20.1912         5.27394 
        1.66519         19.8151         5.15538 
        1.68085         19.4887          5.0413 
        1.69652         19.5345         4.93066 
        1.71228         19.1299         4.82271 
        1.72806         18.8573         4.71792 
        1.74368         18.6951          4.6173 
        1.75933         18.5039         4.51942 
        1.77505         18.2926         4.42393 
        1.79081         18.0765         4.33103 
         1.8065         17.8738          4.2412 
        1.82218         17.7196         4.15401 
        1.83797         17.5773         4.06867 
        1.85367         17.4359         3.98621 
        1.86928         17.1924         3.90653 
        1.88497         17.0115          3.8286 
        1.90073         16.7716         3.75251 
        1.91647         16.4677         3.67856 
        1.93218          16.497         3.60677 
        1.94787         16.1721         3.53699 
        1.96363         16.1379          3.4688 
        1.97935         15.8726         3.40254 
        1.99499         15.6865         3.33839 
        2.01064         15.5846          3.2758 
         2.0264         15.3287         3.21443 
        2.04216         15.3123         3.15467 
        2.05781          15.147          3.0968 
        2.07353         14.9551         3.04018 
        2.08928          14.784         2.98485 
        2.10499         14.5876         2.93105 
        2.12065         14.4902         2.87874 
        2.13633           14.36         2.82767 
        2.15211          14.193          2.7775 
        2.16785         14.0823          2.7287 
        2.18349         13.8883         2.68137 
        2.19916          13.767         2.63507 
        2.21489         13.6399         2.58971 
        2.23063         13.5637         2.54539 
         2.2463         13.3464          2.5023 
        2.26194         13.2534         2.46032 
        2.27765         13.0659         2.41909 
        2.29341         12.9423          2.3787 
        2.30914         12.8613         2.33932 
        2.32486         12.7639         2.30085 
        2.34061         12.6516         2.26318 
        2.35635          12.512          2.2264 
        2.37203         12.3557         2.19055 
        2.38768         12.2167         2.15557 
        2.40339         12.1755         2.12123 
        2.41914         12.0035         2.08756 
        2.43483         11.9096         2.05474 
         2.4505         11.8234         2.02268 
        2.46622         11.7131         1.99119 
        2.48195         11.6516         1.96037 
        2.49759         11.4595         1.93038 
        2.51328         11.4397         1.90093 
        2.52906         11.2924         1.87191 
        2.54479         11.1599          1.8436 
        2.56049         11.0575         1.81593 
        2.57618         11.0057         1.78886 
        2.59189         10.9762          1.7623 
        2.60758         10.7888         1.73632 
        2.62325         10.7164         1.71089 
        2.63898         10.6594         1.68589 
        2.65468         10.5182         1.66144 
        2.67044         10.4618         1.63737 
        2.68618          10.348         1.61383 
        2.70184         10.2647         1.59085 
        2.71755         10.1867         1.56826 
        2.73329         10.0529         1.54607 
        2.74897          10.003         1.52439 
        2.76462         9.93872         1.50317 
        2.78034         9.81861         1.48227 
        2.79607         9.78142         1.46174 
        2.81179         9.66387         1.44162 
        2.82749         9.58982         1.42191 
        2.84321          9.5199         1.40254 
        2.85893         9.45734         1.38354 
        2.87462          9.3811         1.36493 
        2.89033         9.26922         1.34664 
        2.90605         9.21663         1.32867 
        2.92176         9.12854         1.31103 
        2.93747         9.06097         1.29373 
        2.95318         8.97365         1.27673 
        2.96891         8.91069         1.26003 
        2.98456         8.83757         1.24371 
        3.00023         8.77097         1.22765 
        3.01596         8.65014         1.21182 
        3.03164         8.65526         1.19632 
        3.04738         8.54437         1.18105 
         3.0631         8.44369         1.16604 
        3.07883         8.41689          1.1513 
        3.09456         8.34062         1.13681 
        3.11026         8.29373          1.1226 
        3.12596         8.19641         1.10863 
        3.14163         8.17241         1.09493 
        3.15734         8.07597         1.08143 
        3.17308         8.03654         1.06812 
        3.18879         7.95975         1.05508 
        3.20447         7.88448         1.04227 
         3.2202         7.84552         1.02963 
         3.2359         7.76364         1.01723 
        3.25157         7.72809         1.00506 
        3.26729         7.65995        0.993054 
        3.28304         7.59305         0.98122 
        3.29877         7.54464        0.969594 
        3.31446          7.5031        0.958182 
        3.33014         7.42696        0.946963 
        3.34585         7.39101        0.935907 
        3.36158         7.32556        0.925011 
        3.37727         7.26724        0.914322 
        3.39294         7.19919        0.903813 
        3.40867         7.17255         0.89343 
        3.42439         7.08652        0.883217 
        3.44008         7.03648        0.873183 
        3.45578         6.98959        0.863297 
        3.47153         6.92369        0.853543 
        3.48724         6.88896        0.843956 
        3.50292         6.82452         0.83454 
        3.51859         6.79536        0.825271 
        3.53431         6.73426        0.816114 
        3.55007         6.68095        0.807074 
        3.56577         6.61393        0.798207 
        3.58146         6.59408        0.789476 
        3.59719         6.53383        0.780856 
        3.61292         6.47939        0.772367 
        3.62859         6.43825        0.764037 
        3.64429         6.39279        0.755814 
        3.66003         6.34585        0.747686 
        3.67578         6.29765        0.739681 
        3.69146         6.25366        0.731823 
        3.70712          6.2168        0.724094 
        3.72284         6.15722        0.716448 
        3.73853         6.11986        0.708925 
        3.75422          6.0662        0.701508 
        3.76993         6.03149         0.69419 
        3.78564         5.99073         0.68698 
        3.80137          5.9617         0.67986 
        3.81707         5.88396        0.672856 
        3.83279         5.85872        0.665945 
        3.84853         5.80467         0.65912 
        3.86424         5.75104        0.652404 
        3.87992         5.73395        0.645792 
        3.89561         5.69803         0.63927 
        3.91134          5.6477        0.632826 
        3.92704         5.60408        0.626478 
        3.94273         5.56557        0.620223 
        3.95845         5.53433        0.614042 
        3.97418         5.48665        0.607944 
        3.98988         5.44276        0.601937 
        4.00554         5.41881        0.596028 
        4.02125         5.36421        0.590181 
        4.03698         5.33584        0.584403 
        4.05268          5.2809        0.578716 
        4.06839          5.2463          0.5731 
         4.0841         5.20947         0.56756 
        4.09983         5.17645        0.562086 
        4.11555         5.12139        0.556687 
        4.13124         5.09905        0.551373 
        4.14693         5.08012        0.546123 
        4.16266         5.03623         0.54093 
        4.17839          5.0059        0.535808 
        4.19408         4.96442        0.530764 
        4.20977         4.92715        0.525782 
        4.22551         4.89205        0.520852 
        4.24123         4.85531        0.515991 
        4.25691         4.82377        0.511205 
        4.27259         4.78607        0.506478 
        4.28831         4.74485        0.501801 
        4.30404         4.71029        0.497179 
        4.31974         4.67766        0.492625 
        4.33543         4.64426        0.488131 
        4.35116          4.6233        0.483682 
        4.36688         4.59111         0.47929 
        4.38255         4.56144        0.474969 
        4.39825          4.5306        0.470692 
        4.41398         4.50744        0.466459 
         4.4297         4.47263        0.462282 
        4.44541          4.4409        0.458158 
        4.46111         4.41076        0.454087 
        4.47683         4.37053        0.450062 
        4.49251         4.35041        0.446094 
        4.50819         4.32429        0.442176 
         4.5239         4.29446        0.438298 
        4.53962         4.25437        0.434462 
        4.55535         4.23801        0.430671 
        4.57106         4.20638         0.42693 
        4.58678         4.16874        0.423232 
         4.6025         4.15763        0.419578 
        4.61821         4.10632        0.415967 
        4.63391         4.08366        0.412404 
         4.6496         4.06225        0.408883 
        4.66532         4.03107        0.405398 
        4.68103         4.01256        0.401956 
        4.69673         3.98906        0.398556 
        4.71241         3.95505          0.3952 
        4.72811          3.9411        0.391876 
        4.74384         3.91174        0.388586 
        4.75955         3.87832        0.385339 
        4.77525          3.8533        0.382131 
        4.79096         3.83928        0.378956 
        4.80669         3.80412        0.375815 
         4.8224         3.77767        0.372713 
        4.83809         3.76061         0.36965 
        4.85379         3.72323        0.366619 
         4.8695         3.70268         0.36362 
        4.88521         3.69021        0.360655 
        4.90093         3.66337        0.357723 
        4.91663         3.63624        0.354826 
        4.93234         3.61293        0.351958 
        4.94807         3.59739         0.34912 
        4.96377         3.56804        0.346319 
        4.97943         3.54753        0.343554 
        4.99514         3.52744        0.340812 
        5.01086         3.50094        0.338099 
        5.02654         3.47791        0.335421 
        5.04227         3.45657        0.332765 
          5.058         3.44801        0.330136 
        5.07371         3.41581        0.327541 
        5.08942         3.38857        0.324973 
        5.10513         3.37411        0.322432 
        5.12084         3.34762        0.319918 
        5.13656         3.33341         0.31743 
        5.15225         3.31825        0.314973 
        5.16796         3.29193        0.312539 
        5.18369          3.2656        0.310128 
         5.1994          3.2429        0.307746 
        5.21509         3.22837        0.305392 
        5.23079         3.20578         0.30306 
        5.24649         3.18971        0.300754 
        5.26217         3.16744        0.298473 
        5.27788          3.1519        0.296213 
        5.29359         3.13414        0.293976 
        5.30933         3.11987        0.291758 
        5.32504         3.09682        0.289567 
        5.34073         3.08102        0.287402 
        5.35646         3.05522        0.285254 
        5.37218         3.04276        0.283127 
        5.38789         3.02764        0.281026 
        5.40357         3.00334        0.278948 
        5.41929         2.99008        0.276887 
        5.43502         2.97164        0.274846 
         5.4507         2.94484         0.27283 
        5.46639         2.93478        0.270835 
        5.48212         2.91424        0.268855 
        5.49786         2.90185        0.266892 
        5.51353         2.88357        0.264959 
        5.52921         2.86408        0.263043 
        5.54495         2.85298         0.26114 
        5.56066         2.83115        0.259258 
        5.57637         2.81717        0.257395 
        5.59207         2.79578        0.255552 
        5.60778         2.78319        0.253726 
        5.62346         2.76384         0.25192 
        5.63916         2.75575        0.250131 
        5.65487         2.73089        0.248357 
         5.6706         2.72676        0.246599 
        5.68633         2.70503        0.244857 
        5.70203         2.69065        0.243136 
        5.71773         2.67749        0.241432 
        5.73344         2.66046        0.239743 
        5.74916         2.64604        0.238068 
        5.76486         2.63109        0.236412 
        5.78054         2.61266        0.234774 
        5.79626         2.60368        0.233147 
          5.812         2.58108        0.231534 
         5.8277         2.56514        0.229941 
        5.84339         2.55556        0.228362 
        5.85911         2.54345        0.226796 
        5.87484         2.52952        0.225244 
        5.89053          2.5166         0.22371 
        5.90623         2.49725         0.22219 
        5.92195         2.48935        0.220681 
        5.93767         2.47642        0.219187 
        5.95336         2.45858        0.217709 
        5.96905         2.44593        0.216246 
        5.98476         2.42824        0.214794 
        6.00048         2.42173        0.213354 
        6.01617         2.40259         0.21193 
        6.03185          2.3923        0.210521 
        6.04756         2.38162         0.20912 
        6.06331         2.36812         0.20773 
        6.07903         2.34992        0.206355 
        6.09473         2.34085        0.204994 
        6.11044         2.33099        0.203644 
        6.12616         2.31659        0.202307 
        6.14186         2.30601        0.200982 
        6.15755         2.29466         0.19967 
        6.17326         2.28201        0.198368 
        6.18898         2.26854        0.197078 
        6.20467         2.25544        0.195801 
        6.22036         2.24635        0.194535 
         6.2361         2.23386        0.193277 
         6.2518         2.22405        0.192033 
        6.26748         2.20977        0.190802 
        6.28319         2.19862        0.189578 
        6.29893          2.1883        0.188365 
        6.31463         2.17948        0.187163 
        6.33033         2.16852        0.185973 
        6.34604         2.15459        0.184792 
        6.36177         2.14606        0.183621 
        6.37747         2.13511        0.182461 
        6.39316          2.1203        0.181313 
        6.40888         2.11026        0.180172 
         6.4246          2.1004         0.17904 
        6.44031         2.09169        0.177919 
        6.45601         2.07639        0.176809 
        6.47172         2.07153        0.175708 
        6.48744         2.05864        0.174615 
        6.50313         2.05138        0.173533 
        6.51882          2.0377        0.172461 
        6.53452         2.03119        0.171397 
        6.55025         2.01695         0.17034 
        6.56597         2.00739        0.169293 
        6.58166         1.99935        0.168256 
        6.59736         1.99043        0.167228 
        6.61307         1.97952        0.166207 
         6.6288         1.97235        0.165194 
         6.6445          1.9606        0.164191 
         6.6602         1.95007        0.163196 
        6.67592         1.94254        0.162209 
        6.69164         1.93324         0.16123 
        6.70735         1.92596        0.160259 
        6.72304          1.9161        0.159297 
        6.73874         1.90612        0.158343 
        6.75446         1.89384        0.157396 
        6.77016         1.88804        0.156457 
        6.78585          1.8769        0.155527 
        6.80156         1.87265        0.154603 
        6.81729         1.86229        0.153686 
        6.83301         1.85365        0.152776 
         6.8487         1.84352        0.151875 
         6.8644         1.83212        0.150982 
        6.88012         1.82822        0.150094 
        6.89583         1.81796        0.149215 
        6.91151         1.80964        0.148343 
        6.92723         1.80065        0.147477 
        6.94296         1.79459        0.146617 
        6.95866          1.7818        0.145765 
        6.97436         1.77784         0.14492 
        6.99007         1.77043        0.144082 
        7.00578         1.75978         0.14325 
        7.02147         1.75017        0.142426 
        7.03718         1.74619        0.141607 
         7.0529          1.7382        0.140794 
        7.06863         1.72833        0.139987 
        7.08433         1.72191        0.139188 
        7.10004         1.71711        0.138394 
        7.11575         1.70831        0.137607 
        7.13145          1.7006        0.136826 
        7.14715         1.69177        0.136052 
        7.16284          1.6861        0.135284 
        7.17855         1.67942        0.134521 
        7.19428         1.66932        0.133763 
        7.20998         1.66471        0.133012 
        7.22568         1.65604        0.132267 
        7.24139         1.64862        0.131527 
        7.25711         1.64212        0.130792 
        7.27282          1.6337        0.130064 
        7.28852         1.62813        0.129341 
        7.30423         1.61962        0.128624 
        7.31995         1.61526        0.127912 
        7.33565         1.60526        0.127205 
        7.35135         1.60104        0.126504 
        7.36706         1.59379        0.125808 
        7.38277         1.58587        0.125117 
        7.39847         1.58233        0.124432 
        7.41419         1.57295        0.123752 
         7.4299         1.56899        0.123076 
        7.44561         1.55928        0.122406 
        7.46132          1.5543        0.121741 
        7.47701         1.54736        0.121081 
        7.49272         1.54377        0.120426 
        7.50842         1.53819        0.119775 
         7.5241         1.53098        0.119131 
        7.53981         1.52209         0.11849 
        7.55552         1.51934        0.117854 
        7.57125         1.51166        0.117221 
        7.58698         1.50645        0.116594 
        7.60268         1.50062        0.115972 
         7.6184         1.49452        0.115354 
        7.63411         1.48841         0.11474 
        7.64981         1.48095        0.114132 
        7.66552         1.47569        0.113527 
        7.68123         1.47256        0.112927 
        7.69695         1.46452        0.112331 
        7.71264         1.46116        0.111741 
        7.72834         1.45817        0.111154 
        7.74407         1.44865         0.11057 
        7.75978         1.44334        0.109991 
        7.77546         1.43653        0.109418 
        7.79116         1.43113        0.108848 
         7.8069          1.4252        0.108281 
         7.8226         1.42017        0.107718 
        7.83828         1.41518        0.107161 
        7.85399         1.40951        0.106607 
        7.86972         1.40581        0.106056 
        7.88543         1.40083        0.105509 
        7.90111          1.3969        0.104967 
        7.91681         1.38878        0.104429 
        7.93255         1.38637        0.103893 
        7.94828           1.381        0.103361 
        7.96397         1.37609        0.102834 
        7.97967         1.36918         0.10231 
        7.99538         1.36449         0.10179 
         8.0111         1.36097        0.101273 
         8.0268         1.35473         0.10076 
        8.04248         1.35116        0.100252 
         8.0582         1.34582       0.0997454 
        8.07393         1.34309       0.0992422 
        8.08963         1.33608       0.0987435 
        8.10533         1.33321       0.0982483 
        8.12104         1.32924       0.0977561 
        8.13675         1.32338       0.0972673 
        8.15245         1.31907       0.0967821 
        8.16815         1.31415       0.0963004 
        8.18387         1.30986       0.0958212 
        8.19959         1.30561       0.0953452 
         8.2153          1.2992       0.0948729 
        8.23101          1.2959       0.0944038 
        8.24672         1.29189       0.0939378 
        8.26241         1.28725       0.0934756 
         8.2781         1.28408       0.0930165 
        8.29381         1.28107       0.0925598 
        8.30952         1.27478       0.0921063 
        8.32524         1.27475       0.0916555 
        8.34095         1.26581        0.091208 
        8.35666         1.26264       0.0907636 
        8.37237         1.25822        0.090322 
        8.38808         1.25677       0.0898834 
        8.40379         1.25112       0.0894478 
         8.4195         1.24735       0.0890151 
         8.4352         1.24442       0.0885854 
        8.45091         1.23887       0.0881585 
        8.46662         1.23472       0.0877342 
        8.48232         1.23176        0.087313 
        8.49802           1.228       0.0868946 
        8.51374         1.22298       0.0864784 
        8.52945         1.22077       0.0860652 
        8.54515         1.21684        0.085655 
        8.56086         1.21295        0.085247 
        8.57658         1.20987       0.0848418 
        8.59228         1.20553       0.0844395 
        8.60799         1.20193       0.0840395 
        8.62371         1.19834       0.0836421 
        8.63942         1.19293       0.0832473 
        8.65512         1.19015       0.0828554 
        8.67082         1.18626       0.0824659 
        8.68653           1.184       0.0820787 
        8.70224          1.1811        0.081694 
        8.71795         1.17663        0.081312 
        8.73365         1.17493       0.0809323 
        8.74936          1.1724       0.0805551 
        8.76506         1.16685       0.0801805 
        8.78076         1.16433       0.0798081 
        8.79646         1.16069       0.0794382 
        8.81218         1.15741       0.0790703 
        8.82791         1.15293       0.0787043 
         8.8436         1.14995       0.0783415 
         8.8593         1.14684        0.077981 
        8.87503         1.14425       0.0776219 
        8.89076         1.14051       0.0772652 
        8.90644         1.13825       0.0769117 
        8.92214         1.13457       0.0765602 
        8.93786         1.13262       0.0762103 
        8.95357         1.12884       0.0758628 
        8.96928         1.12638       0.0755175 
        8.98498         1.12221       0.0751746 
        9.00069         1.11955       0.0748336 
        9.01639         1.11594       0.0744947 
        9.03208         1.11295       0.0741584 
        9.04778         1.11222       0.0738239 
        9.06351         1.10898       0.0734909 
        9.07923         1.10519       0.0731601 
        9.09493         1.10349       0.0728318 
        9.11062         1.09972       0.0725056 
        9.12635         1.09698       0.0721808 
        9.14207         1.09384       0.0718581 
        9.15777         1.09141       0.0715377 
        9.17346         1.08798       0.0712195 
        9.18917         1.08555       0.0709027 
         9.2049         1.08516       0.0705877 
        9.22061         1.08007       0.0702749 
        9.23631         1.07811       0.0699641 
        9.25201         1.07521       0.0696553 
        9.26773          1.0729        0.069348 
        9.28343         1.07036       0.0690428 
        9.29913         1.06838       0.0687394 
        9.31484         1.06378       0.0684379 
        9.33057         1.06345       0.0681376 
        9.34627         1.06004       0.0678396 
        9.36197         1.05629       0.0675437 
        9.37768          1.0545       0.0672491 
        9.39338          1.0532       0.0669565 
        9.40909          1.0517       0.0666656 
        9.42479         1.04784       0.0663765 
         9.4405         1.04673       0.0660891 
        9.45621         1.04321       0.0658032 
        9.47193         1.04067       0.0655191 
        9.48763         1.03966       0.0652369 
        9.50334          1.0361       0.0649561 
        9.51906         1.03506       0.0646771 
        9.53476         1.03239       0.0643998 
        9.55045          1.0286       0.0641243 
        9.56616         1.02913       0.0638502 
        9.58188          1.0252       0.0635773 
        9.59759         1.02444       0.0633062 
         9.6133         1.02175       0.0630367 
        9.62901         1.01959       0.0627686 
        9.64471         1.01794       0.0625021 
        9.66041         1.01662       0.0622371 
        9.67612          1.0126       0.0619733 
        9.69184         1.01151        0.061711 
        9.70754         1.00999       0.0614505 
        9.72324         1.00705       0.0611917 
        9.73895          1.0052       0.0609343 
        9.75467         1.00448       0.0606784 
        9.77038         1.00229       0.0604243 
        9.78607         1.00039       0.0601722 
        9.80177        0.997909       0.0599217 
        9.81749        0.995314       0.0596726 
         9.8332         0.99372       0.0594254 
         9.8489        0.992158       0.0591799 
        9.86463        0.990145       0.0589356 
        9.88035        0.988113       0.0586926 
        9.89606        0.986374       0.0584511 
        9.91175        0.984823       0.0582108 
        9.92745        0.982838       0.0579712 
        9.94317        0.981214        0.057732 
        9.95888        0.980922       0.0574936 
        9.97458        0.978111       0.0572556 
        9.99029        0.976262       0.0570177 
         10.006        0.976668       0.0568708 
        10.0217        0.972968       0.0568708 
        10.0374        0.972749       0.0568708 
        10.0531        0.970776       0.0568708 
        10.0688          0.9683       0.0568708 
        10.0845        0.965538       0.0568708 
        10.1002        0.966189       0.0568708 
        10.1159        0.965124       0.0568708 
        10.1317        0.961307       0.0568708 
        10.1474        0.961009       0.0568708 
        10.1631        0.959518       0.0568708 
        10.1788        0.959096       0.0568708 
        10.1945        0.957293       0.0568708 
        10.2102        0.954873       0.0568708 
        10.2259        0.954003       0.0568708 
        10.2416        0.951851       0.0568708 
        10.2573        0.951418       0.0568708 
         10.273        0.950246       0.0568708 
        10.2887        0.950197       0.0568708 
        10.3044        0.947336       0.0568708 
        10.3201        0.946206       0.0568708 
        10.3359        0.943478       0.0568708 
        10.3516        0.942745       0.0568708 
        10.3673        0.942505       0.0568708 
         10.383        0.941063       0.0568708 
        10.3987        0.940301       0.0568708 
        10.4144        0.937572       0.0568708 
        10.4301        0.939399       0.0568708 
        10.4458         0.93621       0.0568708 
        10.4615        0.936464       0.0568708 
        10.4772          0.9345       0.0568708 
        10.4929        0.932496       0.0568708 
        10.5086         0.93294       0.0568708 
        10.5244        0.930913       0.0568708 
        10.5401        0.930551       0.0568708 
        10.5558        0.928785       0.0568708 
        10.5715        0.927861       0.0568708 
        10.5872         0.92761       0.0568708 
        10.6029        0.926862       0.0568708 
        10.6186          0.9243       0.0568708 
        10.6343          0.9242       0.0568708 
          10.65        0.922474       0.0568708 
        10.6657        0.923108       0.0568708 
        10.6814        0.921699       0.0568708 
        10.6971        0.921003       0.0568708 
        10.7129        0.920336       0.0568708 
        10.7286        0.920068       0.0568708 
        10.7443        0.919554       0.0568708 
          10.76         0.91823       0.0568708 
        10.7757        0.917017       0.0568708 
        10.7914        0.916142       0.0568708 
        10.8071        0.915251       0.0568708 
        10.8228        0.915167       0.0568708 
        10.8385        0.914656       0.0568708 
        10.8542        0.914033       0.0568708 
        10.8699        0.913619       0.0568708 
        10.8856        0.912292       0.0568708 
        10.9014        0.912432       0.0568708 
        10.9171        0.911217       0.0568708 
        10.9328        0.910721       0.0568708 
        10.9485        0.910144       0.0568708 
        10.9642        0.909856       0.0568708 
        10.9799        0.910581       0.0568708 
        10.9956        0.909323       0.0568708 
        11.0113        0.908294       0.0568708 
         11.027        0.908339       0.0568708 
        11.0427        0.908376       0.0568708 
        11.0584        0.908551       0.0568708 
        11.0741        0.906149       0.0568708 
        11.0898        0.907048       0.0568708 
        11.1055        0.906437       0.0568708 
        11.1212        0.905483       0.0568708 
         11.137        0.906186       0.0568708 
        11.1527        0.905311       0.0568708 
        11.1684        0.905547       0.0568708 
        11.1841        0.905469       0.0568708 
        11.1998        0.905109       0.0568708 
        11.2155        0.905258       0.0568708 
        11.2312        0.904346       0.0568708 
        11.2469        0.904302       0.0568708 
        11.2626        0.904073       0.0568708 
        11.2783        0.903717       0.0568708 
         11.294         0.90354       0.0568708 
        11.3097        0.904088       0.0568708 
        11.3254        0.903844       0.0568708 
        11.3412        0.903452       0.0568708 
        11.3569        0.904499       0.0568708 
        11.3726        0.904314       0.0568708 
        11.3883        0.903939       0.0568708 
         11.404        0.903943       0.0568708 
        11.4197        0.904448       0.0568708 
        11.4354        0.903993       0.0568708 
        11.4511        0.904439       0.0568708 
        11.4668        0.905166       0.0568708 
        11.4825        0.905367       0.0568708 
        11.4982        0.905244       0.0568708 
         11.514        0.905616       0.0568708 
        11.5297        0.905677       0.0568708 
        11.5454        0.906739       0.0568708 
        11.5611        0.906005       0.0568708 
        11.5768        0.906749       0.0568708 
        11.5925        0.907074       0.0568708 
        11.6082        0.907381       0.0568708 
        11.6239        0.908601       0.0568708 
        11.6396        0.907965       0.0568708 
        11.6553        0.908361       0.0568708 
         11.671         0.90907       0.0568708 
        11.6867        0.909768       0.0568708 
        11.7024        0.910322       0.0568708 
        11.7182        0.910608       0.0568708 
        11.7339        0.911305       0.0568708 
        11.7496         0.91165       0.0568708 
        11.7653        0.913233       0.0568708 
         11.781        0.913886       0.0568708 
        11.7967        0.914874       0.0568708 
        11.8124        0.914701       0.0568708 
        11.8281        0.915788       0.0568708 
        11.8438        0.916331       0.0568708 
        11.8595         0.91664       0.0568708 
        11.8752        0.917802       0.0568708 
         11.891        0.918776       0.0568708 
        11.9067        0.920016       0.0568708 
        11.9224        0.921167       0.0568708 
        11.9381        0.921605       0.0568708 
        11.9538        0.922621       0.0568708 
        11.9695        0.923658       0.0568708 
        11.9852         0.92478       0.0568708 
        12.0009        0.926239       0.0568708 
        12.0166        0.926217       0.0568708 
        12.0323        0.927629       0.0568708 
         12.048        0.929522       0.0568708 
        12.0637        0.929947       0.0568708 
