# k  (h/Mpc)    Pcb(k)  (Mpc/h)^3    Pcb_linear(k) (Mpc/h)^3   ShotnoiseSubtracted = true
      0.0200456         23272.5         23846.6 
      0.0350414         17724.6         18698.1 
      0.0492313         14323.2         14814.7 
      0.0637834         12190.6         12046.7 
      0.0800726         9257.69         9100.13 
       0.096163         6794.26         7157.83 
       0.111083         5705.03         6059.09 
       0.126058         5064.23         5036.83 
       0.142273         4288.82         4098.66 
       0.158546          3951.5         3491.58 
        0.17375         3212.62         3037.79 
       0.188953          3103.4         2611.57 
       0.204907         2905.91         2260.69 
       0.220756         2558.51         1998.09 
        0.23588         2301.63         1774.74 
         0.2514         2014.05         1572.56 
       0.267535          2021.3         1402.46 
       0.283568         1835.46         1260.23 
       0.299022         1744.81         1138.02 
       0.314451         1662.01          1031.8 
       0.330372         1521.73         938.154 
       0.346141         1490.91         856.426 
       0.361624         1428.25         784.931 
       0.377134          1334.2         721.701 
       0.392932         1281.85         664.724 
       0.408854         1257.72          613.35 
       0.424564         1161.79         567.846 
       0.440253         1137.67         527.116 
       0.455999         1117.71         490.289 
       0.471626         1071.94         457.167 
        0.48727         1032.83         427.066 
       0.502856         995.478         399.789 
       0.518488         992.798         374.824 
       0.534347         930.813         351.666 
       0.550082         916.444         330.625 
       0.565732         905.052         311.411 
       0.581496         861.198         293.603 
       0.597222         841.485         277.226 
       0.612804         829.865         262.235 
       0.628434         808.272         248.318 
       0.644267         786.043         235.252 
       0.660051         766.648         223.166 
       0.675724             760         212.008 
       0.691403         735.453         201.611 
       0.707174         712.327         191.859 
       0.722871         698.761         182.796 
        0.73838         685.181         174.418 
       0.754018         675.322         166.505 
       0.769845         661.997         158.998 
        0.78569         651.107         151.948 
       0.801365         633.524         145.395 
       0.817031         621.214         139.235 
       0.832809         613.144         133.393 
       0.848511         598.395         127.913 
       0.864097          580.11         122.779 
       0.879701          572.09         117.924 
       0.895507         570.985         113.274 
       0.911279         557.289         108.885 
        0.92691         549.569         104.767 
       0.942635         533.102         100.839 
       0.958396         520.448         97.1057 
       0.974128         515.572         93.5687 
       0.989692         509.741         90.2437 
        1.00528         492.279         87.0762 
        1.02113         491.885         84.0118 
        1.03692         478.848          81.107 
        1.05264          472.48         78.3536 
        1.06832         461.192         75.7329 
        1.08405          456.42         73.2257 
        1.09979         449.115          70.831 
        1.11537         440.838         68.5677 
        1.13105         434.675         66.3902 
        1.14679         423.744         64.2992 
        1.16256         413.216         62.2947 
        1.17828         413.599         60.3825 
        1.19395         404.495         58.5573 
         1.2097         394.312         56.7986 
        1.22537         388.108         55.1209 
          1.241         381.937         53.5163 
        1.25666         376.556         51.9718 
        1.27241         370.247         50.4812 
        1.28819         362.576         49.0467 
        1.30392         357.296         47.6724 
        1.31957         351.705          46.357 
        1.33529         348.886         45.0866 
        1.35108         340.324         43.8589 
        1.36674         334.302         42.6859 
         1.3824         331.019         41.5569 
        1.39811         324.353         40.4652 
        1.41389         320.752         39.4087 
        1.42964         316.576         38.3917 
        1.44531         312.556         37.4158 
        1.46101         304.374         36.4717 
        1.47667         300.423         35.5632 
        1.49229         296.729         34.6881 
        1.50793         289.093         33.8416 
        1.52367         288.132          33.018 
        1.53953         281.149         32.2163 
        1.55526         278.343         31.4477 
        1.57092         276.023         30.7075 
        1.58662         271.175         29.9893 
        1.60235         265.938         29.2928 
        1.61809         262.078         28.6182 
        1.63369         258.936         27.9708 
        1.64941         253.502         27.3389 
        1.66519         251.498         26.7242 
        1.68085         249.029         26.1329 
        1.69652         244.347         25.5594 
        1.71228         237.903         24.9998 
        1.72806         235.197         24.4566 
        1.74368         231.905          23.935 
        1.75933         229.373         23.4276 
        1.77505         226.552         22.9326 
        1.79081         223.328          22.451 
         1.8065         218.499         21.9854 
        1.82218         216.014         21.5334 
        1.83797         215.148          21.091 
        1.85367         210.657         20.6636 
        1.86928         206.746         20.2505 
        1.88497         204.922         19.8465 
        1.90073         201.572         19.4521 
        1.91647         199.173         19.0688 
        1.93218         195.711         18.6966 
        1.94787         192.385         18.3349 
        1.96363         189.622         17.9814 
        1.97935         187.317         17.6379 
        1.99499          185.25         17.3054 
        2.01064         182.192          16.981 
         2.0264         180.996         16.6628 
        2.04216         178.254          16.353 
        2.05781         175.228         16.0531 
        2.07353         172.613         15.7596 
        2.08928         169.838         15.4728 
        2.10499         168.544         15.1939 
        2.12065         166.232         14.9227 
        2.13633         163.532         14.6579 
        2.15211         161.346         14.3979 
        2.16785         160.031         14.1449 
        2.18349         157.583         13.8996 
        2.19916         155.248         13.6596 
        2.21489         153.458         13.4244 
        2.23063         151.628         13.1947 
         2.2463         148.698         12.9713 
        2.26194         146.821         12.7537 
        2.27765         145.026           12.54 
        2.29341           143.2         12.3306 
        2.30914         141.526         12.1265 
        2.32486         140.075         11.9271 
        2.34061         138.014         11.7318 
        2.35635         136.206         11.5411 
        2.37203         134.631         11.3553 
        2.38768          132.42          11.174 
        2.40339         130.887          10.996 
        2.41914         129.281         10.8214 
        2.43483          128.21         10.6513 
         2.4505         126.537         10.4851 
        2.46622         124.751         10.3219 
        2.48195         122.983         10.1621 
        2.49759          121.97         10.0066 
        2.51328         120.827         9.85395 
        2.52906         118.816         9.70351 
        2.54479         116.813         9.55678 
        2.56049         115.256         9.41337 
        2.57618         114.409         9.27302 
        2.59189         113.224         9.13534 
        2.60758          111.29         9.00066 
        2.62325         110.337         8.86887 
        2.63898         108.841         8.73925 
        2.65468         107.515          8.6125 
        2.67044         105.889         8.48773 
        2.68618         105.352         8.36572 
        2.70184         103.781         8.24659 
        2.71755         102.773         8.12949 
        2.73329         101.197         8.01448 
        2.74897         100.306         7.90208 
        2.76462         98.8448         7.79208 
        2.78034         97.8918         7.68372 
        2.79607         96.5342         7.57731 
        2.81179         95.9732         7.47303 
        2.82749         94.7569         7.37084 
        2.84321         93.1671         7.27045 
        2.85893         91.9816         7.17195 
        2.87462         91.2374         7.07545 
        2.89033          90.094         6.98064 
        2.90605         89.3179         6.88748 
        2.92176         88.0195         6.79608 
        2.93747         87.2057         6.70638 
        2.95318         86.5961         6.61827 
        2.96891         85.5105         6.53172 
        2.98456          84.524         6.44709 
        3.00023         83.5865         6.36384 
        3.01596         82.3738          6.2818 
        3.03164         81.7893         6.20145 
        3.04738         80.9458         6.12226 
         3.0631         79.9589         6.04448 
        3.07883         78.9621         5.96806 
        3.09456         78.3059         5.89296 
        3.11026         77.4442         5.81928 
        3.12596         76.7372         5.74686 
        3.14163         75.7188         5.67584 
        3.15734         75.0473         5.60586 
        3.17308         74.1936         5.53689 
        3.18879         73.3957         5.46927 
        3.20447         72.5137         5.40287 
         3.2202         71.7932         5.33737 
         3.2359         71.1507         5.27308 
        3.25157          70.483            5.21 
        3.26729         69.5971         5.14775 
        3.28304         68.7903         5.08641 
        3.29877         68.2923         5.02614 
        3.31446         67.5058         4.96698 
        3.33014         66.6627         4.90883 
        3.34585         65.9391         4.85152 
        3.36158         65.3128         4.79504 
        3.37727         64.7275         4.73963 
        3.39294         64.0312         4.68515 
        3.40867         63.4254         4.63133 
        3.42439         62.6062         4.57839 
        3.44008         62.0011         4.52637 
        3.45578         61.2047         4.47513 
        3.47153         60.8622         4.42456 
        3.48724         60.3793         4.37487 
        3.50292         59.8917         4.32605 
        3.51859         59.0741         4.27801 
        3.53431         58.4792         4.23054 
        3.55007         57.9892         4.18368 
        3.56577         57.2625         4.13771 
        3.58146         56.6644         4.09245 
        3.59719         56.2007         4.04777 
        3.61292         55.7016         4.00377 
        3.62859         55.0888         3.96058 
        3.64429         54.4767         3.91796 
        3.66003         53.9229         3.87583 
        3.67578         53.4115         3.83433 
        3.69146         52.9728          3.7936 
        3.70712         52.5281         3.75353 
        3.72284         51.9805         3.71389 
        3.73853         51.5013          3.6749 
        3.75422         50.8697         3.63645 
        3.76993         50.5389         3.59852 
        3.78564         50.0196         3.56114 
        3.80137         49.6269         3.52423 
        3.81707         49.0412         3.48793 
        3.83279         48.6131          3.4521 
        3.84853         48.1453         3.41672 
        3.86424         47.9227         3.38191 
        3.87992          47.316         3.34763 
        3.89561         46.8378         3.31383 
        3.91134         46.4789         3.28042 
        3.92704         46.0278         3.24751 
        3.94273         45.5685         3.21509 
        3.95845         45.0253         3.18305 
        3.97418         44.7251         3.15144 
        3.98988         44.2917          3.1203 
        4.00554         43.9216         3.08966 
        4.02125         43.4477         3.05935 
        4.03698         43.0835          3.0294 
        4.05268         42.5392         2.99992 
        4.06839         42.2332         2.97081 
         4.0841         41.9952          2.9421 
        4.09983         41.5166         2.91372 
        4.11555         41.1151         2.88573 
        4.13124         40.7356         2.85818 
        4.14693         40.5992         2.83097 
        4.16266         40.1326         2.80405 
        4.17839         39.7749          2.7775 
        4.19408         39.3224         2.75135 
        4.20977         39.0443         2.72553 
        4.22551         38.6333         2.69997 
        4.24123         38.3958         2.67477 
        4.25691          38.015         2.64996 
        4.27259         37.6454         2.62546 
        4.28831         37.4256         2.60122 
        4.30404         36.9685         2.57726 
        4.31974          36.762         2.55365 
        4.33543         36.3283         2.53035 
        4.35116         36.0745         2.50729 
        4.36688         35.8784         2.48452 
        4.38255         35.3742         2.46213 
        4.39825         35.1761         2.43995 
        4.41398         34.8538         2.41801 
         4.4297         34.4078         2.39636 
        4.44541         34.2712         2.37498 
        4.46111         33.9739         2.35388 
        4.47683         33.6508         2.33301 
        4.49251         33.3386         2.31245 
        4.50819         33.0683         2.29213 
         4.5239         32.8391         2.27203 
        4.53962         32.5357         2.25215 
        4.55535         32.2351         2.23249 
        4.57106         32.0207          2.2131 
        4.58678         31.6558         2.19394 
         4.6025         31.4036         2.17499 
        4.61821         31.1817         2.15627 
        4.63391         30.9023          2.1378 
         4.6496           30.56         2.11955 
        4.66532         30.4021         2.10149 
        4.68103         30.1771         2.08364 
        4.69673         29.8262         2.06602 
        4.71241         29.7068         2.04862 
        4.72811         29.3879         2.03139 
        4.74384         29.1635         2.01434 
        4.75955         28.8914         1.99751 
        4.77525         28.6756         1.98088 
        4.79096         28.5005         1.96442 
        4.80669          28.224         1.94814 
         4.8224         28.0755         1.93206 
        4.83809          27.787         1.91618 
        4.85379         27.5382         1.90046 
         4.8695         27.3381         1.88492 
        4.88521         27.1388         1.86955 
        4.90093         26.8755         1.85435 
        4.91663         26.6033         1.83933 
        4.93234         26.4742         1.82447 
        4.94807         26.2881         1.80976 
        4.96377         26.0451         1.79523 
        4.97943         25.8763          1.7809 
        4.99514          25.668         1.76669 
        5.01086         25.4413         1.75262 
        5.02654         25.2591         1.73874 
        5.04227         24.9847         1.72497 
          5.058         24.8575         1.71134 
        5.07371         24.6456         1.69789 
        5.08942          24.502         1.68458 
        5.10513         24.2619         1.67141 
        5.12084         24.0602         1.65838 
        5.13656         23.9391         1.64548 
        5.15225         23.6974         1.63275 
        5.16796         23.5456         1.62013 
        5.18369         23.2729         1.60763 
         5.1994         23.1596         1.59528 
        5.21509          23.001         1.58308 
        5.23079         22.7681         1.57099 
        5.24649         22.5885         1.55903 
        5.26217         22.3935         1.54721 
        5.27788         22.2568          1.5355 
        5.29359         22.1355          1.5239 
        5.30933         21.9247         1.51241 
        5.32504         21.7778         1.50105 
        5.34073         21.5955         1.48982 
        5.35646         21.4657         1.47869 
        5.37218         21.2574         1.46766 
        5.38789         21.1252         1.45677 
        5.40357         20.9506           1.446 
        5.41929         20.8174         1.43531 
        5.43502         20.6566         1.42473 
         5.4507         20.4952         1.41429 
        5.46639         20.3555         1.40394 
        5.48212         20.1947         1.39368 
        5.49786         20.0341         1.38351 
        5.51353         19.8849         1.37348 
        5.52921         19.7185         1.36355 
        5.54495         19.6077         1.35369 
        5.56066         19.4903         1.34393 
        5.57637         19.3402         1.33427 
        5.59207         19.1589         1.32472 
        5.60778         18.9692         1.31525 
        5.62346         18.8534         1.30589 
        5.63916         18.7491         1.29662 
        5.65487         18.6137         1.28742 
         5.6706         18.4837         1.27831 
        5.68633         18.3255         1.26928 
        5.70203         18.1774         1.26036 
        5.71773         18.0629         1.25152 
        5.73344         17.9307         1.24277 
        5.74916         17.7927         1.23409 
        5.76486         17.6852          1.2255 
        5.78054          17.533         1.21701 
        5.79626          17.403         1.20858 
          5.812         17.2985         1.20022 
         5.8277         17.1912         1.19196 
        5.84339         17.0771         1.18378 
        5.85911          16.919         1.17566 
        5.87484         16.8053         1.16761 
        5.89053         16.6994         1.15966 
        5.90623          16.573         1.15178 
        5.92195         16.4611         1.14396 
        5.93767         16.3729         1.13621 
        5.95336         16.2424         1.12855 
        5.96905         16.1232         1.12097 
        5.98476         15.9931         1.11344 
        6.00048         15.8919         1.10598 
        6.01617         15.7826         1.09859 
        6.03185         15.6559         1.09129 
        6.04756         15.5594         1.08403 
        6.06331         15.4485         1.07682 
        6.07903         15.3255          1.0697 
        6.09473         15.2623         1.06264 
        6.11044         15.1423         1.05564 
        6.12616         15.0307         1.04871 
        6.14186         14.9449         1.04184 
        6.15755         14.8128         1.03504 
        6.17326         14.7014         1.02829 
        6.18898          14.616          1.0216 
        6.20467         14.5194         1.01498 
        6.22036         14.4125         1.00842 
         6.2361         14.3061          1.0019 
         6.2518         14.1816        0.995452 
        6.26748         14.1154        0.989072 
        6.28319         14.0389        0.982729 
        6.29893         13.9112        0.976437 
        6.31463         13.8477        0.970211 
        6.33033         13.7482         0.96404 
        6.34604         13.6627        0.957919 
        6.36177         13.5924        0.951846 
        6.37747         13.4716        0.945836 
        6.39316         13.3667        0.939881 
        6.40888         13.2815        0.933967 
         6.4246         13.2105        0.928102 
        6.44031         13.1149        0.922292 
        6.45601         13.0239        0.916538 
        6.47172         12.9356        0.910826 
        6.48744         12.8752        0.905161 
        6.50313          12.759        0.899554 
        6.51882         12.7011        0.893996 
        6.53452          12.602         0.88848 
        6.55025         12.5042           0.883 
        6.56597         12.4646        0.877574 
        6.58166         12.3743          0.8722 
        6.59736         12.2848        0.866869 
        6.61307          12.205        0.861577 
         6.6288         12.1156        0.856326 
         6.6445         12.0045        0.851126 
         6.6602         11.9735         0.84597 
        6.67592         11.8755        0.840851 
        6.69164         11.8096        0.835776 
        6.70735         11.6986        0.830743 
        6.72304         11.6411        0.825758 
        6.73874         11.5507        0.820813 
        6.75446         11.5064        0.815902 
        6.77016         11.4214        0.811038 
        6.78585         11.3635        0.806213 
        6.80156         11.2873        0.801427 
        6.81729         11.1939         0.79667 
        6.83301         11.1333        0.791954 
         6.8487         11.0714        0.787286 
         6.8644          10.964        0.782653 
        6.88012         10.9244        0.778052 
        6.89583         10.8485        0.773493 
        6.91151         10.7785        0.768976 
        6.92723          10.701        0.764484 
        6.94296         10.6396        0.760026 
        6.95866         10.5579        0.755612 
        6.97436         10.5137        0.751233 
        6.99007          10.447        0.746886 
        7.00578         10.3786        0.742574 
        7.02147         10.3217        0.738301 
        7.03718          10.247        0.734057 
         7.0529          10.197        0.729843 
        7.06863         10.1198        0.725659 
        7.08433         10.0637        0.721515 
        7.10004         9.99645        0.717404 
        7.11575         9.95322        0.713324 
        7.13145         9.86938        0.709276 
        7.14715         9.81149        0.705261 
        7.16284         9.74276        0.701281 
        7.17855         9.70415        0.697324 
        7.19428         9.62681        0.693393 
        7.20998         9.57089        0.689501 
        7.22568         9.50209        0.685638 
        7.24139         9.46412        0.681803 
        7.25711         9.38539        0.677997 
        7.27282         9.34066        0.674219 
        7.28852         9.27841        0.670475 
        7.30423         9.23579        0.666754 
        7.31995         9.16909        0.663063 
        7.33565         9.11673        0.659401 
        7.35135         9.04237        0.655767 
        7.36706         8.99073        0.652161 
        7.38277         8.94483        0.648579 
        7.39847         8.88285        0.645027 
        7.41419         8.84172        0.641499 
         7.4299         8.77073        0.637997 
        7.44561         8.71802        0.634523 
        7.46132         8.68592        0.631074 
        7.47701          8.6359        0.627656 
        7.49272         8.55635        0.624258 
        7.50842         8.52105        0.620887 
         7.5241         8.46673        0.617546 
        7.53981         8.42555        0.614224 
        7.55552         8.37556        0.610925 
        7.57125         8.32432        0.607647 
        7.58698         8.27759        0.604393 
        7.60268         8.22813        0.601169 
         7.6184         8.16824        0.597965 
        7.63411         8.12037        0.594785 
        7.64981         8.07265        0.591631 
        7.66552         8.03248        0.588499 
        7.68123         7.98003        0.585388 
        7.69695         7.93671        0.582299 
        7.71264         7.88114        0.579236 
        7.72834         7.83264        0.576195 
        7.74407          7.8011         0.57317 
        7.75978         7.75498        0.570169 
        7.77546         7.70071        0.567196 
        7.79116         7.65828        0.564241 
         7.8069         7.61013        0.561301 
         7.8226         7.56851        0.558386 
        7.83828         7.53585        0.555497 
        7.85399         7.48211        0.552625 
        7.86972         7.44011        0.549767 
        7.88543         7.41128        0.546934 
        7.90111         7.36544        0.544126 
        7.91681         7.31297        0.541334 
        7.93255         7.27896        0.538556 
        7.94828         7.23437        0.535798 
        7.96397         7.19329        0.533065 
        7.97967         7.15752        0.530351 
        7.99538         7.11328        0.527654 
         8.0111         7.06937        0.524975 
         8.0268         7.02845        0.522317 
        8.04248          6.9904         0.51968 
         8.0582         6.93966        0.517056 
        8.07393         6.91917        0.514448 
        8.08963         6.86762        0.511863 
        8.10533         6.82867        0.509296 
        8.12104         6.79161        0.506744 
        8.13675         6.75802         0.50421 
        8.15245          6.7168        0.501695 
        8.16815         6.68037        0.499198 
        8.18387         6.63596        0.496714 
        8.19959         6.59755        0.494247 
         8.2153         6.56656        0.491798 
        8.23101         6.53327        0.489366 
        8.24672         6.49609        0.486951 
        8.26241         6.45696        0.484555 
         8.2781         6.42788        0.482175 
        8.29381          6.3844        0.479808 
        8.30952           6.351        0.477457 
        8.32524          6.3187         0.47512 
        8.34095         6.28549          0.4728 
        8.35666         6.25063        0.470497 
        8.37237         6.21645        0.468208 
        8.38808         6.17182        0.465934 
        8.40379         6.14322        0.463676 
         8.4195         6.11099        0.461433 
         8.4352         6.08174        0.459205 
        8.45091         6.03904        0.456992 
        8.46662         6.01483        0.454793 
        8.48232         5.98291         0.45261 
        8.49802         5.94867        0.450441 
        8.51374         5.91905        0.448284 
        8.52945         5.87515        0.446141 
        8.54515         5.84464        0.444015 
        8.56086          5.8205          0.4419 
        8.57658         5.79108          0.4398 
        8.59228         5.75694        0.437714 
        8.60799         5.72965         0.43564 
        8.62371         5.69001         0.43358 
        8.63942         5.66561        0.431534 
        8.65512         5.63817        0.429502 
        8.67082         5.60665        0.427484 
        8.68653          5.5755        0.425476 
        8.70224         5.54622        0.423482 
        8.71795         5.51497        0.421502 
        8.73365         5.48868        0.419534 
        8.74936         5.46326        0.417578 
        8.76506         5.44605        0.415636 
        8.78076          5.4034        0.413706 
        8.79646         5.37563        0.411789 
        8.81218         5.34699        0.409882 
        8.82791         5.31994        0.407984 
         8.8436         5.29945        0.406103 
         8.8593         5.25963        0.404235 
        8.87503         5.23863        0.402373 
        8.89076         5.21024        0.400524 
        8.90644          5.1859        0.398692 
        8.92214         5.16026         0.39687 
        8.93786          5.1324        0.395056 
        8.95357         5.09624        0.393254 
        8.96928         5.07284        0.391465 
        8.98498         5.05125        0.389687 
        9.00069         5.02828        0.387919 
        9.01639         5.00265        0.386163 
        9.03208         4.97521         0.38442 
        9.04778         4.95304        0.382685 
        9.06351         4.92247        0.380959 
        9.07923         4.90273        0.379245 
        9.09493         4.87705        0.377542 
        9.11062         4.85374        0.375852 
        9.12635         4.82882        0.374168 
        9.14207         4.80622        0.372495 
        9.15777         4.77883        0.370834 
        9.17346          4.7596        0.369185 
        9.18917          4.7358        0.367543 
         9.2049          4.7047         0.36591 
        9.22061         4.68689        0.364288 
        9.23631         4.66568        0.362677 
        9.25201         4.63861        0.361076 
        9.26773          4.6191        0.359483 
        9.28343         4.60179        0.357901 
        9.29913         4.57376        0.356329 
        9.31484         4.55905        0.354766 
        9.33057         4.53336        0.353209 
        9.34627         4.50501        0.351664 
        9.36197         4.48387         0.35013 
        9.37768           4.464        0.348603 
        9.39338         4.44321        0.347086 
        9.40909         4.42483        0.345579 
        9.42479         4.40278         0.34408 
         9.4405         4.38143         0.34259 
        9.45621         4.36283        0.341108 
        9.47193         4.34091        0.339635 
        9.48763         4.31879        0.338172 
        9.50334          4.2975        0.336717 
        9.51906         4.27472         0.33527 
        9.53476         4.25716        0.333833 
        9.55045         4.23947        0.332405 
        9.56616         4.21744        0.330984 
        9.58188         4.19802         0.32957 
        9.59759         4.18114        0.328164 
         9.6133         4.16219        0.326767 
        9.62901         4.13787        0.325377 
        9.64471         4.11611        0.323996 
        9.66041         4.09975        0.322622 
        9.67612         4.08675        0.321255 
        9.69184         4.06736        0.319895 
        9.70754         4.04808        0.318545 
        9.72324         4.03308        0.317203 
        9.73895         4.01064        0.315869 
        9.75467         3.98949        0.314542 
        9.77038          3.9768        0.313225 
        9.78607         3.96004        0.311918 
        9.80177         3.94038         0.31062 
        9.81749         3.92384        0.309328 
         9.8332         3.90086        0.308047 
         9.8489         3.88627        0.306775 
        9.86463         3.86972        0.305508 
        9.88035         3.85296        0.304249 
        9.89606         3.83591        0.302997 
        9.91175         3.82014        0.301751 
        9.92745         3.79807        0.300509 
        9.94317         3.78697        0.299269 
        9.95888         3.76861        0.298033 
        9.97458         3.75491        0.296799 
        9.99029          3.7401        0.295566 
         10.006         3.72054        0.294805 
        10.0217         3.70935        0.294805 
        10.0374         3.68838        0.294805 
        10.0531         3.67293        0.294805 
        10.0688         3.65983        0.294805 
        10.0845         3.64785        0.294805 
        10.1002         3.62865        0.294805 
        10.1159         3.61323        0.294805 
        10.1317         3.59595        0.294805 
        10.1474         3.58559        0.294805 
        10.1631         3.56838        0.294805 
        10.1788         3.55536        0.294805 
        10.1945         3.54026        0.294805 
        10.2102         3.52253        0.294805 
        10.2259         3.51407        0.294805 
        10.2416         3.49655        0.294805 
        10.2573         3.48312        0.294805 
         10.273         3.46636        0.294805 
        10.2887         3.45429        0.294805 
        10.3044         3.44348        0.294805 
        10.3201         3.42872        0.294805 
        10.3359         3.41386        0.294805 
        10.3516         3.39769        0.294805 
        10.3673         3.38648        0.294805 
         10.383            3.37        0.294805 
        10.3987         3.36089        0.294805 
        10.4144          3.3443        0.294805 
        10.4301          3.3374        0.294805 
        10.4458         3.32157        0.294805 
        10.4615         3.30718        0.294805 
        10.4772         3.29764        0.294805 
        10.4929         3.28221        0.294805 
        10.5086         3.27223        0.294805 
        10.5244          3.2568        0.294805 
        10.5401         3.24425        0.294805 
        10.5558         3.23733        0.294805 
        10.5715         3.22165        0.294805 
        10.5872         3.21321        0.294805 
        10.6029         3.19891        0.294805 
        10.6186         3.18694        0.294805 
        10.6343         3.17875        0.294805 
          10.65         3.16581        0.294805 
        10.6657         3.15655        0.294805 
        10.6814         3.14687        0.294805 
        10.6971         3.13457        0.294805 
        10.7129         3.12114        0.294805 
        10.7286          3.1089        0.294805 
        10.7443         3.09968        0.294805 
          10.76         3.08837        0.294805 
        10.7757         3.07622        0.294805 
        10.7914         3.06648        0.294805 
        10.8071         3.05791        0.294805 
        10.8228         3.04529        0.294805 
        10.8385          3.0392        0.294805 
        10.8542         3.02748        0.294805 
        10.8699         3.01954        0.294805 
        10.8856         3.00633        0.294805 
        10.9014          2.9981        0.294805 
        10.9171         2.98907        0.294805 
        10.9328         2.98317        0.294805 
        10.9485         2.96744        0.294805 
        10.9642         2.96011        0.294805 
        10.9799         2.95085        0.294805 
        10.9956         2.93847        0.294805 
        11.0113         2.93098        0.294805 
         11.027         2.92023        0.294805 
        11.0427         2.91551        0.294805 
        11.0584         2.90543        0.294805 
        11.0741         2.89685        0.294805 
        11.0898         2.88932        0.294805 
        11.1055         2.87967        0.294805 
        11.1212         2.87273        0.294805 
         11.137          2.8653        0.294805 
        11.1527         2.85369        0.294805 
        11.1684         2.84865        0.294805 
        11.1841         2.83794        0.294805 
        11.1998         2.83455        0.294805 
        11.2155         2.82137        0.294805 
        11.2312         2.81898        0.294805 
        11.2469         2.80852        0.294805 
        11.2626         2.80169        0.294805 
        11.2783         2.79559        0.294805 
         11.294         2.78973        0.294805 
        11.3097         2.78119        0.294805 
        11.3254         2.77107        0.294805 
        11.3412         2.76639        0.294805 
        11.3569         2.76128        0.294805 
        11.3726         2.75404        0.294805 
        11.3883         2.74778        0.294805 
         11.404         2.74001        0.294805 
        11.4197         2.73508        0.294805 
        11.4354         2.72676        0.294805 
        11.4511         2.72057        0.294805 
        11.4668         2.71492        0.294805 
        11.4825         2.70859        0.294805 
        11.4982         2.70625        0.294805 
         11.514         2.69566        0.294805 
        11.5297         2.69578        0.294805 
        11.5454         2.68587        0.294805 
        11.5611         2.68239        0.294805 
        11.5768         2.67745        0.294805 
        11.5925         2.67343        0.294805 
        11.6082         2.66707        0.294805 
        11.6239          2.6585        0.294805 
        11.6396         2.65634        0.294805 
        11.6553         2.65152        0.294805 
         11.671         2.64797        0.294805 
        11.6867         2.64113        0.294805 
        11.7024         2.63766        0.294805 
        11.7182         2.63475        0.294805 
        11.7339         2.63198        0.294805 
        11.7496          2.6235        0.294805 
        11.7653         2.61971        0.294805 
         11.781         2.61937        0.294805 
        11.7967         2.61496        0.294805 
        11.8124         2.61077        0.294805 
        11.8281         2.60599        0.294805 
        11.8438         2.60224        0.294805 
        11.8595         2.59813        0.294805 
        11.8752         2.59646        0.294805 
         11.891         2.59245        0.294805 
        11.9067         2.58905        0.294805 
        11.9224         2.58956        0.294805 
        11.9381         2.58404        0.294805 
        11.9538         2.58393        0.294805 
        11.9695         2.58036        0.294805 
        11.9852         2.57329        0.294805 
        12.0009         2.57658        0.294805 
        12.0166         2.57247        0.294805 
        12.0323         2.56893        0.294805 
         12.048         2.56935        0.294805 
        12.0637         2.56785        0.294805 
