# k  (h/Mpc)    Pcb(k)  (Mpc/h)^3    Pcb_linear(k) (Mpc/h)^3   ShotnoiseSubtracted = true
      0.0200456         7568.76         7694.39 
      0.0350414         5880.65         6033.18 
      0.0492313          4731.4         4780.14 
      0.0637834         3946.25         3887.02 
      0.0800726         3000.79         2936.27 
       0.096163         2254.07         2309.56 
       0.111083         1879.34         1955.04 
       0.126058         1645.27         1625.19 
       0.142273          1374.9         1322.48 
       0.158546         1196.62          1126.6 
        0.17375         988.229          980.18 
       0.188953         915.992         842.656 
       0.204907         849.563         729.439 
       0.220756         733.153         644.709 
        0.23588         648.779         572.641 
         0.2514         565.339         507.405 
       0.267535         539.925         452.519 
       0.283568         492.908         406.628 
       0.299022         458.547         367.196 
       0.314451         424.763         332.922 
       0.330372         392.429         302.707 
       0.346141          355.79         276.336 
       0.361624         339.579         253.268 
       0.377134         318.535         232.866 
       0.392932         296.933         214.481 
       0.408854         284.674         197.905 
       0.424564         272.905         183.222 
       0.440253          259.45          170.08 
       0.455999          244.75         158.198 
       0.471626         225.836          147.51 
        0.48727         220.558         137.798 
       0.502856         212.072         128.997 
       0.518488         208.146         120.942 
       0.534347         197.318         113.469 
       0.550082         183.975          106.68 
       0.565732         179.389         100.481 
       0.581496         171.143         94.7346 
       0.597222         166.285         89.4502 
       0.612804         159.097         84.6135 
       0.628434          154.98         80.1227 
       0.644267           149.7          75.907 
       0.660051          147.15         72.0073 
       0.675724         143.288         68.4069 
       0.691403         138.886         65.0522 
       0.707174         133.147         61.9057 
       0.722871         131.529         58.9813 
        0.73838         128.822         56.2782 
       0.754018         123.362         53.7249 
       0.769845         120.944         51.3026 
        0.78569         118.299         49.0278 
       0.801365         114.923         46.9136 
       0.817031         110.877         44.9258 
       0.832809         109.289         43.0408 
       0.848511         106.066         41.2726 
       0.864097         103.117         39.6162 
       0.879701         101.967         38.0495 
       0.895507         99.5617         36.5492 
       0.911279         98.1516         35.1332 
        0.92691         95.7051         33.8043 
       0.942635          93.298          32.537 
       0.958396         92.8444         31.3323 
       0.974128         90.3612         30.1911 
       0.989692         88.0013         29.1182 
        1.00528          86.484         28.0962 
        1.02113         84.9816         27.1074 
        1.03692         82.4894         26.1702 
        1.05264         82.1216         25.2817 
        1.06832         80.1002         24.4361 
        1.08405         79.0455         23.6272 
        1.09979         78.2852         22.8545 
        1.11537         75.5045         22.1242 
        1.13105         75.7498         21.4216 
        1.14679         74.3231         20.7469 
        1.16256         73.1096         20.1001 
        1.17828         71.0376         19.4831 
        1.19395         70.6689         18.8942 
         1.2097         68.7306         18.3268 
        1.22537         68.8026         17.7854 
          1.241         66.9635         17.2677 
        1.25666         65.7741         16.7693 
        1.27241         65.2115         16.2884 
        1.28819         63.9107         15.8255 
        1.30392         62.7955         15.3821 
        1.31957         62.2218         14.9576 
        1.33529         61.2937         14.5477 
        1.35108         60.8587         14.1516 
        1.36674         59.8856         13.7731 
         1.3824         58.6134         13.4088 
        1.39811         58.1786         13.0566 
        1.41389          57.187         12.7157 
        1.42964         56.4434         12.3876 
        1.44531         55.6216         12.0726 
        1.46101         54.5047         11.7681 
        1.47667          54.403         11.4749 
        1.49229         53.6247         11.1926 
        1.50793         52.7654         10.9194 
        1.52367         52.0454         10.6537 
        1.53953         51.5666          10.395 
        1.55526         50.8488          10.147 
        1.57092         50.4567         9.90813 
        1.58662         49.7531         9.67642 
        1.60235         49.1458         9.45169 
        1.61809         48.3631           9.234 
        1.63369         47.5544         9.02512 
        1.64941         46.9834         8.82122 
        1.66519         46.3404          8.6229 
        1.68085         45.9303          8.4321 
        1.69652         45.3469         8.24704 
        1.71228         45.0322         8.06649 
        1.72806         44.4632         7.89121 
        1.74368         43.7646         7.72292 
        1.75933         43.3477          7.5592 
        1.77505         42.8797         7.39948 
        1.79081         42.2347          7.2441 
         1.8065         41.8155         7.09385 
        1.82218         41.3163         6.94801 
        1.83797         40.7825         6.80527 
        1.85367         40.1912         6.66735 
        1.86928         39.9555         6.53408 
        1.88497         39.4276         6.40373 
        1.90073         39.1327         6.27646 
        1.91647         38.6344         6.15278 
        1.93218         38.1134         6.03269 
        1.94787         37.7342         5.91599 
        1.96363         37.2985         5.80192 
        1.97935         36.9179          5.6911 
        1.99499         36.4121          5.5838 
        2.01064         36.1337         5.47912 
         2.0264         35.5987         5.37647 
        2.04216         35.1071          5.2765 
        2.05781         34.8002         5.17971 
        2.07353         34.4308         5.08501 
        2.08928          34.238         4.99247 
        2.10499         33.8521         4.90249 
        2.12065         33.3631           4.815 
        2.13633         33.1885         4.72956 
        2.15211         32.5734         4.64566 
        2.16785         32.1119         4.56402 
        2.18349         32.0358         4.48487 
        2.19916         31.7236         4.40742 
        2.21489         31.1599         4.33155 
        2.23063         31.0209         4.25742 
         2.2463         30.6871         4.18536 
        2.26194         30.3064         4.11515 
        2.27765         29.9765         4.04619 
        2.29341         29.6709         3.97863 
        2.30914         29.4509         3.91276 
        2.32486         29.0104         3.84841 
        2.34061         28.8459         3.78541 
        2.35635         28.4846         3.72388 
        2.37203         28.2212         3.66392 
        2.38768         27.9209         3.60542 
        2.40339         27.7773         3.54798 
        2.41914         27.4411         3.49166 
        2.43483         27.0266         3.43676 
         2.4505         26.8029         3.38314 
        2.46622         26.5543         3.33047 
        2.48195         26.2865         3.27893 
        2.49759         26.0068         3.22875 
        2.51328         25.7624          3.1795 
        2.52906         25.5818         3.13096 
        2.54479         25.2182         3.08361 
        2.56049         24.9515         3.03734 
        2.57618         24.6755         2.99205 
        2.59189          24.536         2.94763 
        2.60758         24.3382         2.90417 
        2.62325         23.9428         2.86165 
        2.63898         23.8908         2.81983 
        2.65468         23.5459         2.77893 
        2.67044         23.3106         2.73867 
        2.68618         23.0545          2.6993 
        2.70184         22.8971         2.66086 
        2.71755         22.6991         2.62308 
        2.73329          22.445         2.58597 
        2.74897         22.1203          2.5497 
        2.76462         22.0684         2.51421 
        2.78034         21.8165         2.47924 
        2.79607         21.6149         2.44491 
        2.81179          21.433         2.41127 
        2.82749         21.1904         2.37829 
        2.84321         21.0184          2.3459 
        2.85893         20.7736         2.31412 
        2.87462         20.5363         2.28298 
        2.89033         20.4489         2.25239 
        2.90605         20.2853         2.22233 
        2.92176         19.9979         2.19284 
        2.93747         19.9029         2.16389 
        2.95318         19.6154         2.13547 
        2.96891         19.4701         2.10754 
        2.98456         19.2334         2.08023 
        3.00023         19.1547         2.05337 
        3.01596         18.9316          2.0269 
        3.03164         18.7653         2.00097 
        3.04738         18.5746         1.97542 
         3.0631         18.3998         1.95033 
        3.07883         18.2338         1.92567 
        3.09456         18.1017         1.90144 
        3.11026         17.9387         1.87766 
        3.12596         17.7327         1.85429 
        3.14163         17.6321         1.83138 
        3.15734         17.3899          1.8088 
        3.17308         17.2548         1.78654 
        3.18879          17.115         1.76473 
        3.20447         16.9643          1.7433 
         3.2202          16.768         1.72217 
         3.2359         16.6435         1.70142 
        3.25157         16.5264         1.68107 
        3.26729         16.3981         1.66099 
        3.28304          16.236         1.64119 
        3.29877         16.0038         1.62175 
        3.31446         15.8758         1.60266 
        3.33014         15.7518         1.58389 
        3.34585         15.5525          1.5654 
        3.36158         15.4536         1.54718 
        3.37727         15.2991          1.5293 
        3.39294          15.142         1.51172 
        3.40867         15.0144         1.49435 
        3.42439         14.8834         1.47727 
        3.44008         14.7658         1.46049 
        3.45578         14.6549         1.44395 
        3.47153         14.5304         1.42764 
        3.48724         14.4162          1.4116 
        3.50292         14.2422         1.39585 
        3.51859         14.1525         1.38035 
        3.53431         14.0462         1.36504 
        3.55007         13.9001         1.34992 
        3.56577         13.8022         1.33508 
        3.58146         13.6812         1.32048 
        3.59719         13.5083         1.30606 
        3.61292         13.4395         1.29186 
        3.62859         13.2718         1.27793 
        3.64429         13.1561         1.26418 
        3.66003         13.0756         1.25058 
        3.67578         12.9936         1.23719 
        3.69146         12.8555         1.22405 
        3.70712         12.7208         1.21112 
        3.72284         12.6456         1.19833 
        3.73853         12.4807         1.18575 
        3.75422         12.4193         1.17334 
        3.76993         12.3184          1.1611 
        3.78564         12.1803         1.14904 
        3.80137         12.0706         1.13714 
        3.81707          11.952         1.12542 
        3.83279         11.8667         1.11386 
        3.84853         11.7568         1.10245 
        3.86424         11.6226         1.09121 
        3.87992         11.5864         1.08015 
        3.89561         11.4897         1.06925 
        3.91134         11.4229         1.05847 
        3.92704         11.2552         1.04785 
        3.94273         11.1807         1.03739 
        3.95845         11.1125         1.02705 
        3.97418          11.011         1.01685 
        3.98988         10.9156          1.0068 
        4.00554         10.8148        0.996918 
        4.02125         10.6772        0.987138 
        4.03698         10.6482        0.977474 
        4.05268         10.5436        0.967962 
        4.06839         10.4467        0.958569 
         4.0841         10.3859        0.949303 
        4.09983         10.2642        0.940147 
        4.11555         10.1737        0.931116 
        4.13124          10.105        0.922228 
        4.14693         10.0172        0.913448 
        4.16266         9.94794        0.904762 
        4.17839         9.85767        0.896195 
        4.19408         9.78685        0.887757 
        4.20977         9.69774        0.879425 
        4.22551         9.65395        0.871179 
        4.24123         9.56204        0.863048 
        4.25691         9.45909        0.855043 
        4.27259         9.38944        0.847137 
        4.28831         9.32612        0.839314 
        4.30404          9.2278        0.831583 
        4.31974         9.17745        0.823966 
        4.33543         9.07634        0.816449 
        4.35116         9.01044        0.809008 
        4.36688         8.94336        0.801662 
        4.38255         8.88058        0.794435 
        4.39825         8.79625        0.787281 
        4.41398          8.7352        0.780201 
         4.4297         8.66363        0.773215 
        4.44541         8.59079        0.766316 
        4.46111         8.51898        0.759507 
        4.47683         8.46931        0.752775 
        4.49251         8.38503        0.746139 
        4.50819         8.33273        0.739584 
         4.5239         8.27128        0.733099 
        4.53962         8.21384        0.726683 
        4.55535         8.12819        0.720341 
        4.57106         8.07016        0.714084 
        4.58678         7.98401          0.7079 
         4.6025         7.91804        0.701787 
        4.61821         7.87519        0.695748 
        4.63391         7.82307        0.689788 
         4.6496         7.74666        0.683899 
        4.66532          7.6834        0.678071 
        4.68103         7.62829        0.672312 
        4.69673         7.57108        0.666627 
        4.71241         7.53911        0.661012 
        4.72811         7.45018        0.655453 
        4.74384         7.40943        0.649951 
        4.75955         7.35562         0.64452 
        4.77525         7.29161        0.639154 
        4.79096         7.23492        0.633843 
        4.80669         7.19736         0.62859 
         4.8224         7.14496        0.623402 
        4.83809         7.05855        0.618278 
        4.85379         7.00472        0.613208 
         4.8695         6.97077        0.608191 
        4.88521           6.906        0.603233 
        4.90093         6.87259        0.598329 
        4.91663         6.80118        0.593484 
        4.93234          6.7425        0.588687 
        4.94807         6.69751         0.58394 
        4.96377         6.65168        0.579254 
        4.97943         6.60648         0.57463 
        4.99514         6.56441        0.570044 
        5.01086         6.50614        0.565505 
        5.02654         6.44333        0.561026 
        5.04227         6.40846        0.556583 
          5.058         6.37299        0.552186 
        5.07371          6.3241        0.547845 
        5.08942         6.26495         0.54355 
        5.10513         6.21059        0.539301 
        5.12084         6.17727        0.535095 
        5.13656         6.13085        0.530935 
        5.15225         6.08795        0.526826 
        5.16796         6.04433        0.522753 
        5.18369         6.00387        0.518721 
         5.1994         5.95412        0.514738 
        5.21509         5.91179          0.5108 
        5.23079         5.86976        0.506899 
        5.24649         5.83145        0.503041 
        5.26217         5.77976        0.499227 
        5.27788         5.75212        0.495447 
        5.29359         5.70422        0.491705 
        5.30933         5.66217        0.487996 
        5.32504         5.61793        0.484332 
        5.34073         5.58386        0.480709 
        5.35646         5.53982        0.477116 
        5.37218         5.50283        0.473559 
        5.38789         5.48196        0.470044 
        5.40357         5.43304        0.466569 
        5.41929         5.39833        0.463121 
        5.43502          5.3621        0.459708 
         5.4507         5.32227        0.456337 
        5.46639         5.27033           0.453 
        5.48212         5.22838        0.449688 
        5.49786         5.22415        0.446405 
        5.51353         5.16211        0.443171 
        5.52921         5.13664        0.439966 
        5.54495         5.10743        0.436784 
        5.56066         5.06585        0.433636 
        5.57637         5.02905        0.430519 
        5.59207         4.99252        0.427436 
        5.60778         4.96177        0.424382 
        5.62346         4.92546        0.421363 
        5.63916         4.89527        0.418369 
        5.65487         4.85705        0.415403 
         5.6706         4.83175        0.412463 
        5.68633         4.79934        0.409549 
        5.70203         4.75315         0.40667 
        5.71773         4.73308        0.403819 
        5.73344         4.70046        0.400994 
        5.74916         4.67146        0.398193 
        5.76486         4.64035        0.395423 
        5.78054         4.60684        0.392684 
        5.79626         4.57551        0.389962 
          5.812         4.53712        0.387264 
         5.8277         4.51299        0.384599 
        5.84339         4.48795         0.38196 
        5.85911          4.4606        0.379339 
        5.87484         4.42448        0.376744 
        5.89053         4.40229        0.374179 
        5.90623         4.37678        0.371636 
        5.92195         4.33333        0.369112 
        5.93767         4.31269        0.366613 
        5.95336         4.28622        0.364141 
        5.96905         4.25875        0.361693 
        5.98476         4.23124        0.359265 
        6.00048         4.19785        0.356857 
        6.01617         4.17845        0.354475 
        6.03185         4.14344        0.352117 
        6.04756         4.12664        0.349776 
        6.06331         4.10048         0.34745 
        6.07903         4.06886        0.345151 
        6.09473         4.04352        0.342874 
        6.11044         4.01105        0.340616 
        6.12616         4.00408        0.338379 
        6.14186         3.96977        0.336164 
        6.15755         3.95007        0.333969 
        6.17326           3.924        0.331792 
        6.18898         3.89275        0.329633 
        6.20467          3.8718        0.327497 
        6.22036         3.85219         0.32538 
         6.2361          3.8265        0.323276 
         6.2518         3.80578        0.321195 
        6.26748         3.77564        0.319136 
        6.28319         3.75121         0.31709 
        6.29893         3.72737        0.315059 
        6.31463         3.70948         0.31305 
        6.33033         3.68983        0.311059 
        6.34604         3.65948        0.309084 
        6.36177         3.64141        0.307125 
        6.37747         3.62207        0.305185 
        6.39316         3.59571        0.303264 
        6.40888         3.57896        0.301356 
         6.4246         3.55201        0.299463 
        6.44031         3.52794        0.297589 
        6.45601         3.51076        0.295732 
        6.47172         3.49293        0.293889 
        6.48744         3.46354        0.292061 
        6.50313         3.44969        0.290252 
        6.51882         3.42537        0.288459 
        6.53452         3.40846        0.286679 
        6.55025         3.38927        0.284911 
        6.56597         3.36863         0.28316 
        6.58166         3.34672        0.281426 
        6.59736         3.32648        0.279706 
        6.61307         3.30703        0.277998 
         6.6288         3.28816        0.276304 
         6.6445          3.2706        0.274626 
         6.6602         3.24933        0.272962 
        6.67592         3.23408        0.271311 
        6.69164           3.214        0.269673 
        6.70735          3.1966        0.268049 
        6.72304         3.18141        0.266441 
        6.73874          3.1571        0.264845 
        6.75446         3.13916        0.263261 
        6.77016         3.12372        0.261691 
        6.78585         3.10941        0.260134 
        6.80156         3.08994         0.25859 
        6.81729         3.07285        0.257055 
        6.83301         3.05652        0.255533 
         6.8487          3.0361        0.254027 
         6.8644          3.0199        0.252532 
        6.88012         3.00372        0.251048 
        6.89583          2.9813        0.249577 
        6.91151         2.97173        0.248119 
        6.92723          2.9522         0.24667 
        6.94296         2.94043        0.245232 
        6.95866         2.92064        0.243807 
        6.97436         2.90141        0.242394 
        6.99007         2.89464        0.240992 
        7.00578         2.87178        0.239601 
        7.02147         2.85692        0.238222 
        7.03718         2.83964        0.236852 
         7.0529         2.83104        0.235493 
        7.06863         2.81168        0.234143 
        7.08433         2.79897        0.232806 
        7.10004         2.78323        0.231479 
        7.11575         2.76695        0.230163 
        7.13145         2.75601        0.228856 
        7.14715          2.7365        0.227561 
        7.16284         2.72008        0.226277 
        7.17855         2.70606           0.225 
        7.19428         2.69288        0.223732 
        7.20998         2.68062        0.222476 
        7.22568         2.66498         0.22123 
        7.24139         2.65195        0.219992 
        7.25711         2.63398        0.218764 
        7.27282         2.62706        0.217545 
        7.28852         2.60583        0.216337 
        7.30423         2.59898        0.215136 
        7.31995         2.58462        0.213945 
        7.33565         2.57077        0.212764 
        7.35135         2.56092        0.211591 
        7.36706         2.54758        0.210428 
        7.38277         2.53024        0.209272 
        7.39847         2.51901        0.208126 
        7.41419         2.50328        0.206987 
         7.4299         2.49334        0.205858 
        7.44561         2.48068        0.204736 
        7.46132         2.46983        0.203624 
        7.47701         2.45283        0.202521 
        7.49272         2.44513        0.201424 
        7.50842         2.43153        0.200337 
         7.5241         2.41906        0.199259 
        7.53981         2.40662        0.198187 
        7.55552         2.39355        0.197122 
        7.57125         2.38646        0.196065 
        7.58698         2.37214        0.195015 
        7.60268         2.35392        0.193974 
         7.6184         2.34644        0.192941 
        7.63411         2.33465        0.191915 
        7.64981         2.32503        0.190897 
        7.66552         2.31013        0.189886 
        7.68123         2.30377        0.188883 
        7.69695         2.29057        0.187886 
        7.71264         2.28142        0.186898 
        7.72834         2.27131        0.185916 
        7.74407         2.25937         0.18494 
        7.75978         2.24845        0.183972 
        7.77546         2.23371        0.183013 
        7.79116         2.22542        0.182059 
         7.8069         2.21551         0.18111 
         7.8226         2.20555         0.18017 
        7.83828         2.19602        0.179238 
        7.85399         2.18309        0.178311 
        7.86972          2.1746        0.177389 
        7.88543          2.1643        0.176475 
        7.90111         2.15054        0.175569 
        7.91681         2.14559        0.174668 
        7.93255         2.13354        0.173772 
        7.94828         2.12433        0.172882 
        7.96397         2.11648           0.172 
        7.97967         2.10645        0.171124 
        7.99538         2.09487        0.170254 
         8.0111         2.08732         0.16939 
         8.0268         2.07391        0.168532 
        8.04248         2.06913        0.167681 
         8.0582         2.05896        0.166834 
        8.07393         2.04929        0.165993 
        8.08963         2.04026        0.165159 
        8.10533          2.0299         0.16433 
        8.12104         2.02363        0.163507 
        8.13675         2.01456         0.16269 
        8.15245         2.00615        0.161878 
        8.16815         1.99414        0.161072 
        8.18387         1.98541        0.160271 
        8.19959         1.97658        0.159475 
         8.2153         1.96895        0.158685 
        8.23101         1.96227          0.1579 
        8.24672         1.95106        0.157121 
        8.26241         1.94418        0.156348 
         8.2781          1.9334         0.15558 
        8.29381         1.93032        0.154816 
        8.30952         1.91991        0.154057 
        8.32524         1.91044        0.153303 
        8.34095         1.90232        0.152555 
        8.35666         1.89485        0.151811 
        8.37237         1.88823        0.151073 
        8.38808         1.87853        0.150339 
        8.40379            1.87        0.149611 
         8.4195         1.86194        0.148887 
         8.4352          1.8522        0.148168 
        8.45091         1.84645        0.147454 
        8.46662         1.84064        0.146745 
        8.48232         1.83098         0.14604 
        8.49802         1.82272         0.14534 
        8.51374         1.81775        0.144644 
        8.52945          1.8098        0.143953 
        8.54515         1.80291        0.143267 
        8.56086         1.79347        0.142584 
        8.57658         1.78769        0.141907 
        8.59228         1.77974        0.141234 
        8.60799         1.77332        0.140565 
        8.62371         1.76742          0.1399 
        8.63942         1.75861         0.13924 
        8.65512         1.75277        0.138584 
        8.67082         1.74488        0.137933 
        8.68653         1.73789        0.137285 
        8.70224         1.73343        0.136642 
        8.71795         1.72476        0.136003 
        8.73365         1.71791        0.135368 
        8.74936         1.71141        0.134737 
        8.76506         1.70592         0.13411 
        8.78076         1.69673        0.133487 
        8.79646         1.69194        0.132869 
        8.81218         1.68439        0.132253 
        8.82791         1.68062        0.131641 
         8.8436         1.67468        0.131034 
         8.8593         1.66817        0.130431 
        8.87503         1.66034        0.129831 
        8.89076         1.65552        0.129234 
        8.90644          1.6485        0.128643 
        8.92214         1.64223        0.128055 
        8.93786          1.6363         0.12747 
        8.95357         1.63147        0.126888 
        8.96928         1.62478        0.126311 
        8.98498         1.61929        0.125737 
        9.00069         1.61325        0.125167 
        9.01639         1.60825          0.1246 
        9.03208         1.59913        0.124038 
        9.04778         1.59325        0.123478 
        9.06351         1.58995        0.122921 
        9.07923         1.58427        0.122368 
        9.09493         1.57769        0.121819 
        9.11062         1.57267        0.121273 
        9.12635         1.56604         0.12073 
        9.14207         1.56167         0.12019 
        9.15777         1.55541        0.119654 
        9.17346         1.54848        0.119122 
        9.18917         1.54317        0.118592 
         9.2049         1.54107        0.118065 
        9.22061         1.53537        0.117542 
        9.23631         1.53002        0.117022 
        9.25201         1.52632        0.116506 
        9.26773         1.51972        0.115992 
        9.28343         1.51518        0.115481 
        9.29913         1.50978        0.114974 
        9.31484         1.50541        0.114469 
        9.33057          1.4982        0.113967 
        9.34627         1.49384        0.113469 
        9.36197          1.4891        0.112974 
        9.37768         1.48407        0.112481 
        9.39338         1.47919        0.111992 
        9.40909           1.476        0.111505 
        9.42479         1.47037        0.111022 
         9.4405         1.46579        0.110541 
        9.45621         1.45992        0.110063 
        9.47193         1.45604        0.109587 
        9.48763         1.45186        0.109115 
        9.50334         1.44737        0.108646 
        9.51906         1.44266        0.108179 
        9.53476         1.43728        0.107715 
        9.55045         1.43083        0.107255 
        9.56616         1.42838        0.106796 
        9.58188         1.42467         0.10634 
        9.59759         1.42025        0.105886 
         9.6133         1.41541        0.105435 
        9.62901         1.41239        0.104987 
        9.64471         1.40796        0.104541 
        9.66041         1.40416        0.104098 
        9.67612         1.39835        0.103657 
        9.69184         1.39371        0.103218 
        9.70754         1.39206        0.102782 
        9.72324         1.38825        0.102349 
        9.73895         1.38298        0.101919 
        9.75467         1.37898        0.101491 
        9.77038         1.37557        0.101066 
        9.78607          1.3698        0.100644 
        9.80177         1.36683        0.100225 
        9.81749         1.36287       0.0998086 
         9.8332         1.35925       0.0993951 
         9.8489         1.35424       0.0989846 
        9.86463         1.35083       0.0985759 
        9.88035         1.34899       0.0981695 
        9.89606         1.34544       0.0977655 
        9.91175         1.34111       0.0973635 
        9.92745         1.33756       0.0969628 
        9.94317          1.3338       0.0965628 
        9.95888           1.331       0.0961639 
        9.97458           1.327       0.0957659 
        9.99029         1.32299        0.095368 
         10.006         1.31974       0.0951223 
        10.0217         1.31565       0.0951223 
        10.0374         1.31295       0.0951223 
        10.0531         1.31064       0.0951223 
        10.0688         1.30579       0.0951223 
        10.0845         1.30354       0.0951223 
        10.1002         1.29992       0.0951223 
        10.1159          1.2974       0.0951223 
        10.1317         1.29295       0.0951223 
        10.1474         1.28904       0.0951223 
        10.1631         1.28634       0.0951223 
        10.1788         1.28389       0.0951223 
        10.1945         1.28099       0.0951223 
        10.2102         1.27818       0.0951223 
        10.2259         1.27534       0.0951223 
        10.2416         1.27173       0.0951223 
        10.2573         1.26868       0.0951223 
         10.273         1.26711       0.0951223 
        10.2887         1.26283       0.0951223 
        10.3044         1.26043       0.0951223 
        10.3201         1.25725       0.0951223 
        10.3359         1.25363       0.0951223 
        10.3516          1.2519       0.0951223 
        10.3673         1.24965       0.0951223 
         10.383         1.24538       0.0951223 
        10.3987         1.24434       0.0951223 
        10.4144         1.24089       0.0951223 
        10.4301          1.2387       0.0951223 
        10.4458         1.23663       0.0951223 
        10.4615         1.23351       0.0951223 
        10.4772         1.23023       0.0951223 
        10.4929         1.22792       0.0951223 
        10.5086         1.22658       0.0951223 
        10.5244         1.22319       0.0951223 
        10.5401         1.22055       0.0951223 
        10.5558          1.2175       0.0951223 
        10.5715         1.21722       0.0951223 
        10.5872         1.21402       0.0951223 
        10.6029         1.21193       0.0951223 
        10.6186         1.20834       0.0951223 
        10.6343         1.20663       0.0951223 
          10.65         1.20575       0.0951223 
        10.6657         1.20274       0.0951223 
        10.6814         1.19998       0.0951223 
        10.6971         1.20029       0.0951223 
        10.7129         1.19714       0.0951223 
        10.7286         1.19498       0.0951223 
        10.7443         1.19287       0.0951223 
          10.76         1.19105       0.0951223 
        10.7757         1.18787       0.0951223 
        10.7914         1.18718       0.0951223 
        10.8071         1.18593       0.0951223 
        10.8228         1.18302       0.0951223 
        10.8385          1.1821       0.0951223 
        10.8542         1.17843       0.0951223 
        10.8699         1.17676       0.0951223 
        10.8856         1.17591       0.0951223 
        10.9014         1.17331       0.0951223 
        10.9171         1.17167       0.0951223 
        10.9328         1.17168       0.0951223 
        10.9485         1.16893       0.0951223 
        10.9642         1.16717       0.0951223 
        10.9799         1.16526       0.0951223 
        10.9956         1.16406       0.0951223 
        11.0113         1.16355       0.0951223 
         11.027         1.16206       0.0951223 
        11.0427         1.16012       0.0951223 
        11.0584         1.15952       0.0951223 
        11.0741         1.15742       0.0951223 
        11.0898         1.15602       0.0951223 
        11.1055         1.15433       0.0951223 
        11.1212         1.15282       0.0951223 
         11.137         1.15155       0.0951223 
        11.1527         1.15046       0.0951223 
        11.1684         1.14993       0.0951223 
        11.1841         1.14746       0.0951223 
        11.1998         1.14668       0.0951223 
        11.2155         1.14663       0.0951223 
        11.2312         1.14513       0.0951223 
        11.2469         1.14397       0.0951223 
        11.2626         1.14285       0.0951223 
        11.2783         1.14223       0.0951223 
         11.294         1.14069       0.0951223 
        11.3097         1.14094       0.0951223 
        11.3254         1.13905       0.0951223 
        11.3412         1.13913       0.0951223 
        11.3569         1.13733       0.0951223 
        11.3726         1.13788       0.0951223 
        11.3883          1.1361       0.0951223 
         11.404         1.13537       0.0951223 
        11.4197         1.13554       0.0951223 
        11.4354         1.13547       0.0951223 
        11.4511         1.13363       0.0951223 
        11.4668         1.13382       0.0951223 
        11.4825         1.13306       0.0951223 
        11.4982         1.13258       0.0951223 
         11.514         1.13246       0.0951223 
        11.5297         1.13149       0.0951223 
        11.5454          1.1306       0.0951223 
        11.5611         1.12962       0.0951223 
        11.5768         1.13048       0.0951223 
        11.5925          1.1291       0.0951223 
        11.6082         1.12956       0.0951223 
        11.6239         1.12977       0.0951223 
        11.6396         1.12823       0.0951223 
        11.6553         1.12726       0.0951223 
         11.671         1.12713       0.0951223 
        11.6867         1.12889       0.0951223 
        11.7024         1.12842       0.0951223 
        11.7182         1.12859       0.0951223 
        11.7339         1.12862       0.0951223 
        11.7496         1.12875       0.0951223 
        11.7653         1.12792       0.0951223 
         11.781         1.12825       0.0951223 
        11.7967          1.1296       0.0951223 
        11.8124         1.12979       0.0951223 
        11.8281          1.1284       0.0951223 
        11.8438         1.12882       0.0951223 
        11.8595         1.13008       0.0951223 
        11.8752         1.12904       0.0951223 
         11.891         1.13057       0.0951223 
        11.9067         1.13094       0.0951223 
        11.9224         1.13102       0.0951223 
        11.9381          1.1315       0.0951223 
        11.9538         1.13279       0.0951223 
        11.9695         1.13238       0.0951223 
        11.9852         1.13425       0.0951223 
        12.0009         1.13354       0.0951223 
        12.0166         1.13434       0.0951223 
        12.0323         1.13552       0.0951223 
         12.048         1.13623       0.0951223 
        12.0637         1.13609       0.0951223 
