# k  (h/Mpc)    Pcb(k)  (Mpc/h)^3    Pcb_linear(k) (Mpc/h)^3   ShotnoiseSubtracted = true
      0.0200456         12598.3         12841.8 
      0.0350414         9714.83         10069.3 
      0.0492313         7834.77         7977.97 
      0.0637834         6586.25         6487.36 
      0.0800726          5005.6         4900.57 
       0.096163         3722.01         3854.62 
       0.111083         3104.35         3262.92 
       0.126058         2740.84         2712.42 
       0.142273         2303.02          2207.2 
       0.158546         2046.23         1880.27 
        0.17375         1670.54          1635.9 
       0.188953         1580.44         1406.38 
       0.204907         1475.67         1217.42 
       0.220756         1284.01         1076.01 
        0.23588         1139.51         955.728 
         0.2514         989.713          846.85 
       0.267535         970.706         755.247 
       0.283568          884.35         678.654 
       0.299022         829.984         612.844 
       0.314451         785.466          555.64 
       0.330372         724.347         505.212 
       0.346141         669.062           461.2 
       0.361624         640.411         422.699 
       0.377134         596.088         388.649 
       0.392932          572.44         357.965 
       0.408854          550.83         330.299 
       0.424564         520.827         305.795 
       0.440253         507.612         283.861 
       0.455999         479.821         264.029 
       0.471626         449.968         246.192 
        0.48727         437.572         229.982 
       0.502856         424.392         215.293 
       0.518488         419.558         201.849 
       0.534347          392.71         189.378 
       0.550082         373.734         178.047 
       0.565732         372.293           167.7 
       0.581496         350.832          158.11 
       0.597222         345.315         149.291 
       0.612804         333.995         141.218 
       0.628434         321.063         133.723 
       0.644267         311.507         126.687 
       0.660051         304.945         120.179 
       0.675724         301.049          114.17 
       0.691403         291.797         108.571 
       0.707174         280.521         103.319 
       0.722871         277.485         98.4387 
        0.73838         272.574         93.9273 
       0.754018         264.789         89.6658 
       0.769845         255.842         85.6231 
        0.78569         255.416         81.8265 
       0.801365          246.77          78.298 
       0.817031         239.516         74.9803 
       0.832809         236.216         71.8342 
       0.848511         230.294         68.8832 
       0.864097         227.016         66.1188 
       0.879701         222.745         63.5038 
       0.895507         217.381         60.9999 
       0.911279         211.038         58.6367 
        0.92691         210.128         56.4187 
       0.942635         205.503         54.3037 
       0.958396         203.923         52.2931 
       0.974128         198.939         50.3884 
       0.989692         193.947         48.5978 
        1.00528         191.306          46.892 
        1.02113         190.197         45.2418 
        1.03692         184.251         43.6775 
        1.05264         180.854         42.1948 
        1.06832         177.895         40.7835 
        1.08405         174.545         39.4333 
        1.09979         173.811         38.1437 
        1.11537         168.422         36.9249 
        1.13105         166.424         35.7523 
        1.14679         166.032         34.6262 
        1.16256          162.79         33.5467 
        1.17828         159.239          32.517 
        1.19395         157.325         31.5341 
         1.2097         155.742          30.587 
        1.22537         152.554         29.6836 
          1.241         150.648         28.8194 
        1.25666         147.588         27.9877 
        1.27241         145.565          27.185 
        1.28819         143.523         26.4125 
        1.30392         141.899         25.6724 
        1.31957         139.887          24.964 
        1.33529         136.524         24.2799 
        1.35108         135.626         23.6188 
        1.36674         134.326         22.9871 
         1.3824          131.33         22.3791 
        1.39811         130.945         21.7912 
        1.41389         128.202         21.2222 
        1.42964         125.643         20.6746 
        1.44531         123.253          20.149 
        1.46101         122.187         19.6407 
        1.47667         120.437         19.1514 
        1.49229         118.863         18.6802 
        1.50793         117.899         18.2243 
        1.52367          116.41         17.7808 
        1.53953         113.963          17.349 
        1.55526         112.606         16.9351 
        1.57092         111.275         16.5365 
        1.58662         109.451         16.1498 
        1.60235         108.716         15.7747 
        1.61809         106.717         15.4114 
        1.63369         105.653         15.0628 
        1.64941         104.621         14.7225 
        1.66519         102.503         14.3915 
        1.68085         101.764          14.073 
        1.69652         99.1258         13.7642 
        1.71228          99.355         13.4628 
        1.72806          97.626         13.1703 
        1.74368         96.4623         12.8894 
        1.75933         95.1903         12.6162 
        1.77505         93.6579         12.3496 
        1.79081         92.5622         12.0903 
         1.8065         91.4257         11.8395 
        1.82218         89.5742         11.5961 
        1.83797         88.9252         11.3579 
        1.85367         87.5903         11.1277 
        1.86928         87.1819         10.9053 
        1.88497         85.2185         10.6877 
        1.90073         84.7061         10.4753 
        1.91647         83.4615         10.2689 
        1.93218         82.4197         10.0684 
        1.94787          81.601         9.87368 
        1.96363         80.0696          9.6833 
        1.97935         79.3641         9.49834 
        1.99499         78.4365         9.31926 
        2.01064         77.5418         9.14455 
         2.0264         76.2334         8.97323 
        2.04216         75.2059         8.80639 
        2.05781         74.3631         8.64485 
        2.07353         73.0719         8.48679 
        2.08928         72.2689         8.33235 
        2.10499         71.5917         8.18216 
        2.12065         70.9423         8.03614 
        2.13633         69.9608         7.89356 
        2.15211          69.079         7.75352 
        2.16785         68.2058         7.61727 
        2.18349         67.4986         7.48516 
        2.19916         66.5263         7.35591 
        2.21489         65.9453         7.22928 
        2.23063         65.1476         7.10556 
         2.2463         64.3541         6.98529 
        2.26194          63.659          6.8681 
        2.27765          62.909         6.75301 
        2.29341         62.0475         6.64026 
        2.30914         61.1272         6.53032 
        2.32486         60.3971         6.42293 
        2.34061         59.6862         6.31778 
        2.35635         59.3465         6.21508 
        2.37203         58.1459         6.11502 
        2.38768         57.7461         6.01738 
        2.40339          56.833         5.92151 
        2.41914         56.4533         5.82751 
        2.43483         56.1293         5.73589 
         2.4505         55.2771         5.64639 
        2.46622         54.6301          5.5585 
        2.48195         53.9163         5.47247 
        2.49759          53.101         5.38873 
        2.51328         52.7002         5.30652 
        2.52906         52.1344         5.22551 
        2.54479         51.5491         5.14649 
        2.56049         50.8355         5.06926 
        2.57618         50.2878         4.99368 
        2.59189         49.8587         4.91954 
        2.60758         49.3456         4.84701 
        2.62325         48.6871         4.77604 
        2.63898         48.2354         4.70624 
        2.65468         47.6524         4.63798 
        2.67044         47.0469         4.57079 
        2.68618         46.7346         4.50508 
        2.70184         45.9528         4.44093 
        2.71755         45.8144         4.37787 
        2.73329         44.9374         4.31594 
        2.74897         44.4192          4.2554 
        2.76462         44.1013         4.19617 
        2.78034         43.6629         4.13781 
        2.79607         43.0413         4.08051 
        2.81179         42.6621         4.02436 
        2.82749         41.9512         3.96933 
        2.84321         41.6986         3.91526 
        2.85893         41.2364         3.86222 
        2.87462         40.6608         3.81025 
        2.89033         40.3481          3.7592 
        2.90605          39.753         3.70903 
        2.92176         39.5021          3.6598 
        2.93747         38.9772          3.6115 
        2.95318         38.6255         3.56405 
        2.96891         37.9331         3.51744 
        2.98456           37.87         3.47187 
        3.00023         37.3761         3.42704 
        3.01596         36.9941         3.38286 
        3.03164         36.5573         3.33959 
        3.04738         36.3198         3.29694 
         3.0631         35.7725         3.25506 
        3.07883         35.4249          3.2139 
        3.09456         35.0209         3.17346 
        3.11026         34.7194         3.13378 
        3.12596         34.3934         3.09478 
        3.14163         33.9514         3.05654 
        3.15734         33.5483         3.01885 
        3.17308         33.3012         2.98171 
        3.18879         32.9602         2.94529 
        3.20447         32.5191         2.90954 
         3.2202         32.1528         2.87427 
         3.2359         31.8948         2.83964 
        3.25157          31.532         2.80567 
        3.26729         31.2802         2.77215 
        3.28304         30.9849         2.73912 
        3.29877         30.6546         2.70666 
        3.31446         30.3494         2.67481 
        3.33014         30.0551         2.64349 
        3.34585         29.7338         2.61263 
        3.36158         29.4509         2.58221 
        3.37727         29.1478         2.55237 
        3.39294         28.8699         2.52303 
        3.40867         28.5836         2.49405 
        3.42439         28.2918         2.46554 
        3.44008         28.1061         2.43753 
        3.45578         27.6501         2.40993 
        3.47153         27.4814          2.3827 
        3.48724         27.1544         2.35594 
        3.50292         26.8834         2.32965 
        3.51859         26.6042         2.30378 
        3.53431         26.4409         2.27822 
        3.55007         26.1499         2.25298 
        3.56577          25.859         2.22823 
        3.58146         25.7197         2.20386 
        3.59719         25.3321         2.17979 
        3.61292         25.1146          2.1561 
        3.62859         24.8916         2.13284 
        3.64429         24.6341         2.10989 
        3.66003         24.4419          2.0872 
        3.67578          24.199         2.06485 
        3.69146         23.9896         2.04292 
        3.70712         23.7655         2.02134 
        3.72284         23.5603               2 
        3.73853         23.3249           1.979 
        3.75422         23.1364         1.95829 
        3.76993         22.9285         1.93786 
        3.78564         22.6786         1.91773 
        3.80137         22.5096         1.89786 
        3.81707         22.2807         1.87831 
        3.83279         21.9841         1.85902 
        3.84853         21.7862         1.83996 
        3.86424         21.5896         1.82122 
        3.87992         21.3976         1.80276 
        3.89561          21.216         1.78455 
        3.91134         21.0441         1.76656 
        3.92704         20.8328         1.74884 
        3.94273          20.578         1.73138 
        3.95845          20.469         1.71413 
        3.97418         20.2925          1.6971 
        3.98988         20.0335         1.68033 
        4.00554         19.8828         1.66384 
        4.02125         19.7366         1.64752 
        4.03698         19.4775         1.63139 
        4.05268         19.3314         1.61551 
        4.06839         19.1814         1.59983 
         4.0841         19.0545         1.58437 
        4.09983         18.8988         1.56909 
        4.11555         18.6852         1.55402 
        4.13124         18.4818         1.53918 
        4.14693          18.274         1.52453 
        4.16266         18.1183         1.51003 
        4.17839         17.9464         1.49573 
        4.19408         17.7972         1.48165 
        4.20977         17.6993         1.46774 
        4.22551         17.5225         1.45398 
        4.24123         17.3682         1.44041 
        4.25691         17.2111         1.42705 
        4.27259         17.0411         1.41386 
        4.28831         16.9037          1.4008 
        4.30404           16.71          1.3879 
        4.31974            16.6         1.37519 
        4.33543          16.476         1.36264 
        4.35116          16.348         1.35022 
        4.36688         16.1608         1.33796 
        4.38255         16.0532          1.3259 
        4.39825          15.908         1.31396 
        4.41398         15.7559         1.30214 
         4.4297         15.6356         1.29048 
        4.44541         15.5297         1.27897 
        4.46111         15.3681          1.2676 
        4.47683         15.2487         1.25637 
        4.49251         15.1014         1.24529 
        4.50819         14.9657         1.23435 
         4.5239         14.8508         1.22353 
        4.53962         14.7274         1.21282 
        4.55535          14.613         1.20224 
        4.57106         14.4588         1.19179 
        4.58678         14.3704         1.18147 
         4.6025         14.2466         1.17127 
        4.61821         14.0954         1.16119 
        4.63391         14.0375         1.15124 
         4.6496         13.8618         1.14142 
        4.66532         13.7458         1.13169 
        4.68103         13.6774         1.12208 
        4.69673         13.5853         1.11259 
        4.71241         13.4152         1.10322 
        4.72811         13.3236         1.09394 
        4.74384         13.2078         1.08476 
        4.75955         13.1231         1.07569 
        4.77525          13.009         1.06674 
        4.79096          12.897         1.05787 
        4.80669         12.7992          1.0491 
         4.8224         12.6878         1.04045 
        4.83809         12.5749         1.03189 
        4.85379         12.4708         1.02343 
         4.8695         12.3949         1.01506 
        4.88521         12.2907         1.00678 
        4.90093         12.2064          0.9986 
        4.91663         12.1109        0.990513 
        4.93234         11.9863        0.982508 
        4.94807         11.8915        0.974585 
        4.96377         11.8151        0.966765 
        4.97943         11.7267        0.959047 
        4.99514         11.6054        0.951393 
        5.01086         11.5251        0.943817 
        5.02654          11.444        0.936343 
        5.04227          11.328        0.928927 
          5.058         11.2812        0.921589 
        5.07371         11.1736        0.914344 
        5.08942         11.1019        0.907176 
        5.10513         10.9829        0.900084 
        5.12084         10.8975        0.893064 
        5.13656         10.8359        0.886121 
        5.15225         10.7534        0.879262 
        5.16796         10.6608        0.872466 
        5.18369         10.5836        0.865735 
         5.1994          10.512        0.859088 
        5.21509         10.4068        0.852516 
        5.23079         10.3412        0.846005 
        5.24649         10.2813        0.839567 
        5.26217         10.1879        0.833201 
        5.27788         10.0979        0.826891 
        5.29359         10.0434        0.820646 
        5.30933         9.98225        0.814456 
        5.32504          9.8828        0.808341 
        5.34073         9.82221        0.802294 
        5.35646         9.73825        0.796298 
        5.37218         9.66203        0.790362 
        5.38789         9.59687        0.784495 
        5.40357          9.5296        0.778695 
        5.41929         9.45346        0.772941 
        5.43502         9.39455        0.767244 
         5.4507         9.31799        0.761618 
        5.46639         9.25395        0.756048 
        5.48212         9.18132        0.750521 
        5.49786         9.12955        0.745042 
        5.51353          9.0432        0.739645 
        5.52921         8.97889        0.734296 
        5.54495         8.92912        0.728984 
        5.56066         8.84485         0.72373 
        5.57637         8.78803        0.718529 
        5.59207         8.71724        0.713384 
        5.60778         8.66184        0.708287 
        5.62346         8.60471        0.703246 
        5.63916         8.53903         0.69825 
        5.65487         8.46775          0.6933 
         5.6706          8.4283        0.688393 
        5.68633          8.3531        0.683531 
        5.70203         8.29859        0.678725 
        5.71773         8.23563        0.673967 
        5.73344         8.17812        0.669252 
        5.74916         8.11523        0.664578 
        5.76486         8.07224        0.659954 
        5.78054         8.01317        0.655382 
        5.79626         7.94222         0.65084 
          5.812         7.89406        0.646337 
         5.8277         7.82547        0.641889 
        5.84339         7.78704        0.637484 
        5.85911         7.72219        0.633111 
        5.87484         7.68064        0.628779 
        5.89053         7.62233        0.624497 
        5.90623         7.57243        0.620253 
        5.92195         7.53545        0.616041 
        5.93767         7.46238        0.611871 
        5.95336         7.43249        0.607745 
        5.96905          7.3625         0.60366 
        5.98476         7.31324        0.599606 
        6.00048         7.26855        0.595588 
        6.01617         7.23576        0.591612 
        6.03185         7.17781        0.587678 
        6.04756         7.11651        0.583769 
        6.06331         7.07803        0.579888 
        6.07903         7.03136         0.57605 
        6.09473         6.98033        0.572251 
        6.11044         6.93146        0.568482 
        6.12616         6.89166        0.564748 
        6.14186         6.84353        0.561051 
        6.15755         6.78031        0.557388 
        6.17326         6.74439        0.553754 
        6.18898         6.70436        0.550151 
        6.20467         6.65975        0.546586 
        6.22036         6.60998        0.543054 
         6.2361         6.58162        0.539543 
         6.2518         6.52811        0.536068 
        6.26748         6.48727        0.532632 
        6.28319         6.44084        0.529217 
        6.29893         6.40031        0.525828 
        6.31463         6.36524        0.522475 
        6.33033         6.32327        0.519152 
        6.34604         6.27395        0.515856 
        6.36177          6.2343        0.512585 
        6.37747         6.19177        0.509349 
        6.39316         6.15329        0.506142 
        6.40888         6.10604        0.502957 
         6.4246         6.08663        0.499799 
        6.44031         6.03867         0.49667 
        6.45601          6.0006        0.493571 
        6.47172         5.95418        0.490496 
        6.48744         5.91498        0.487445 
        6.50313         5.89112        0.484425 
        6.51882          5.8478        0.481432 
        6.53452         5.80234        0.478462 
        6.55025         5.77123        0.475511 
        6.56597         5.72866        0.472589 
        6.58166         5.69316        0.469695 
        6.59736         5.66747        0.466824 
        6.61307         5.62719        0.463974 
         6.6288         5.59617        0.461146 
         6.6445         5.54689        0.458346 
         6.6602         5.52002        0.455569 
        6.67592         5.48445        0.452813 
        6.69164         5.45524         0.45008 
        6.70735         5.41758         0.44737 
        6.72304         5.38742        0.444685 
        6.73874         5.35218        0.442022 
        6.75446         5.32275        0.439377 
        6.77016         5.28497        0.436758 
        6.78585         5.25631         0.43416 
        6.80156         5.22097        0.431582 
        6.81729         5.19514        0.429021 
        6.83301         5.16133        0.426481 
         6.8487         5.12877        0.423967 
         6.8644         5.09806        0.421472 
        6.88012         5.07263        0.418995 
        6.89583         5.03402        0.416539 
        6.91151         5.01016        0.414107 
        6.92723         4.97682        0.411688 
        6.94296         4.94593        0.409287 
        6.95866         4.90693         0.40691 
        6.97436         4.89149        0.404552 
        6.99007         4.85681        0.402211 
        7.00578           4.828        0.399889 
        7.02147         4.79594        0.397588 
        7.03718         4.76864        0.395302 
         7.0529         4.74185        0.393033 
        7.06863         4.71813         0.39078 
        7.08433          4.6829        0.388548 
        7.10004         4.65243        0.386334 
        7.11575         4.62155        0.384137 
        7.13145         4.61349        0.381957 
        7.14715         4.58509        0.379795 
        7.16284         4.54843        0.377652 
        7.17855         4.52387        0.375521 
        7.19428         4.50321        0.373404 
        7.20998         4.47639        0.371308 
        7.22568         4.45053        0.369228 
        7.24139         4.41764        0.367163 
        7.25711         4.40634        0.365113 
        7.27282         4.37234        0.363079 
        7.28852         4.34939        0.361062 
        7.30423         4.32381        0.359059 
        7.31995         4.29768        0.357071 
        7.33565         4.27907        0.355099 
        7.35135         4.24632        0.353142 
        7.36706         4.22328          0.3512 
        7.38277         4.19812        0.349271 
        7.39847          4.1786        0.347358 
        7.41419         4.15304        0.345458 
         7.4299         4.13112        0.343573 
        7.44561         4.11341        0.341701 
        7.46132         4.08212        0.339844 
        7.47701         4.05716        0.338003 
        7.49272         4.03444        0.336174 
        7.50842         4.02109        0.334358 
         7.5241         3.99717        0.332559 
        7.53981         3.97127         0.33077 
        7.55552         3.94746        0.328994 
        7.57125         3.92673        0.327229 
        7.58698         3.90198        0.325476 
        7.60268         3.88298         0.32374 
         7.6184          3.8669        0.322015 
        7.63411          3.8391        0.320302 
        7.64981         3.82067        0.318603 
        7.66552          3.7995        0.316917 
        7.68123         3.77987        0.315242 
        7.69695         3.75686        0.313578 
        7.71264         3.73991        0.311929 
        7.72834         3.71877        0.310291 
        7.74407         3.70221        0.308662 
        7.75978          3.6787        0.307046 
        7.77546         3.66102        0.305445 
        7.79116         3.64085        0.303854 
         7.8069         3.62376         0.30227 
         7.8226         3.60396        0.300701 
        7.83828         3.58615        0.299145 
        7.85399         3.56185        0.297598 
        7.86972         3.54489        0.296059 
        7.88543         3.52918        0.294533 
        7.90111         3.50696        0.293021 
        7.91681         3.48942        0.291518 
        7.93255         3.47687        0.290022 
        7.94828         3.45648        0.288536 
        7.96397         3.43509        0.287065 
        7.97967         3.42249        0.285603 
        7.99538         3.40145        0.284151 
         8.0111         3.38806        0.282708 
         8.0268         3.37321        0.281277 
        8.04248         3.35311        0.279857 
         8.0582         3.33626        0.278444 
        8.07393         3.31328        0.277039 
        8.08963         3.29686        0.275647 
        8.10533         3.28186        0.274265 
        8.12104         3.26377         0.27289 
        8.13675         3.24861        0.271526 
        8.15245         3.23307        0.270172 
        8.16815         3.21408        0.268827 
        8.18387          3.1988        0.267489 
        8.19959         3.18511         0.26616 
         8.2153         3.16714        0.264842 
        8.23101         3.15196        0.263532 
        8.24672         3.13953        0.262231 
        8.26241         3.12375        0.260941 
         8.2781         3.10583         0.25966 
        8.29381         3.09088        0.258385 
        8.30952         3.07598        0.257119 
        8.32524         3.05829         0.25586 
        8.34095         3.04374        0.254611 
        8.35666         3.02786        0.253371 
        8.37237          3.0151        0.252138 
        8.38808         3.00443        0.250913 
        8.40379         2.98428        0.249698 
         8.4195         2.97068         0.24849 
         8.4352         2.95516         0.24729 
        8.45091         2.94374        0.246098 
        8.46662         2.92872        0.244914 
        8.48232         2.91193        0.243738 
        8.49802         2.89882         0.24257 
        8.51374         2.88392        0.241408 
        8.52945         2.87549        0.240255 
        8.54515         2.86053         0.23911 
        8.56086         2.84527        0.237971 
        8.57658         2.83397         0.23684 
        8.59228         2.82098        0.235717 
        8.60799         2.80595          0.2346 
        8.62371         2.79315        0.233491 
        8.63942         2.78319        0.232389 
        8.65512         2.76807        0.231294 
        8.67082         2.75415        0.230207 
        8.68653         2.73848        0.229126 
        8.70224         2.73004        0.228053 
        8.71795         2.71574        0.226986 
        8.73365         2.70191        0.225926 
        8.74936          2.6963        0.224873 
        8.76506         2.67946        0.223827 
        8.78076          2.6686        0.222788 
        8.79646         2.65344        0.221755 
        8.81218         2.63748        0.220728 
        8.82791         2.62934        0.219707 
         8.8436         2.61941        0.218694 
         8.8593         2.60497        0.217687 
        8.87503         2.59751        0.216685 
        8.89076         2.58189        0.215689 
        8.90644         2.57182        0.214702 
        8.92214         2.56183        0.213721 
        8.93786          2.5499        0.212744 
        8.95357          2.5403        0.211774 
        8.96928         2.52631        0.210811 
        8.98498         2.51555        0.209853 
        9.00069           2.505        0.208901 
        9.01639         2.49564        0.207955 
        9.03208         2.48428        0.207017 
        9.04778         2.47283        0.206083 
        9.06351         2.46361        0.205153 
        9.07923         2.45159         0.20423 
        9.09493         2.44267        0.203313 
        9.11062         2.42982        0.202403 
        9.12635         2.42309        0.201496 
        9.14207         2.41126        0.200595 
        9.15777         2.39894        0.199701 
        9.17346         2.39101        0.198812 
        9.18917         2.37814        0.197928 
         9.2049         2.36906        0.197049 
        9.22061         2.36242        0.196175 
        9.23631         2.35019        0.195308 
        9.25201          2.3407        0.194446 
        9.26773         2.33031        0.193588 
        9.28343          2.3222        0.192736 
        9.29913         2.31162        0.191889 
        9.31484         2.30314        0.191047 
        9.33057         2.29351        0.190209 
        9.34627         2.28273        0.189377 
        9.36197         2.27598        0.188551 
        9.37768         2.26444        0.187729 
        9.39338         2.25815        0.186912 
        9.40909          2.2479          0.1861 
        9.42479         2.23974        0.185293 
         9.4405         2.22673        0.184491 
        9.45621         2.22219        0.183693 
        9.47193         2.21095        0.182899 
        9.48763         2.20414        0.182112 
        9.50334         2.19518        0.181328 
        9.51906         2.18614        0.180549 
        9.53476         2.17857        0.179775 
        9.55045         2.16768        0.179006 
        9.56616         2.16086        0.178241 
        9.58188         2.15329        0.177479 
        9.59759         2.14488        0.176722 
         9.6133           2.134         0.17597 
        9.62901          2.1255        0.175221 
        9.64471         2.11787        0.174477 
        9.66041         2.11002        0.173738 
        9.67612         2.10507        0.173001 
        9.69184         2.09698        0.172269 
        9.70754         2.08569        0.171542 
        9.72324         2.07655        0.170819 
        9.73895         2.07268        0.170101 
        9.75467         2.06233        0.169386 
        9.77038         2.05753        0.168677 
        9.78607           2.048        0.167973 
        9.80177         2.03973        0.167274 
        9.81749         2.03488        0.166579 
         9.8332         2.02639        0.165889 
         9.8489         2.01818        0.165203 
        9.86463         2.01129        0.164521 
        9.88035         2.00513        0.163843 
        9.89606         1.99781        0.163169 
        9.91175         1.99189        0.162498 
        9.92745         1.98438        0.161829 
        9.94317         1.97899        0.161162 
        9.95888         1.97031        0.160496 
        9.97458         1.96614        0.159832 
        9.99029         1.95787        0.159167 
         10.006          1.9507        0.158757 
        10.0217         1.94152        0.158757 
        10.0374         1.93705        0.158757 
        10.0531         1.93071        0.158757 
        10.0688         1.92408        0.158757 
        10.0845         1.91825        0.158757 
        10.1002         1.90845        0.158757 
        10.1159         1.90336        0.158757 
        10.1317         1.89813        0.158757 
        10.1474         1.89194        0.158757 
        10.1631          1.8847        0.158757 
        10.1788         1.87896        0.158757 
        10.1945         1.87298        0.158757 
        10.2102         1.86959        0.158757 
        10.2259         1.86343        0.158757 
        10.2416         1.85659        0.158757 
        10.2573          1.8489        0.158757 
         10.273         1.84437        0.158757 
        10.2887          1.8384        0.158757 
        10.3044         1.83249        0.158757 
        10.3201         1.82665        0.158757 
        10.3359         1.82001        0.158757 
        10.3516         1.81537        0.158757 
        10.3673         1.81011        0.158757 
         10.383         1.80681        0.158757 
        10.3987         1.80007        0.158757 
        10.4144         1.79441        0.158757 
        10.4301         1.78964        0.158757 
        10.4458         1.78556        0.158757 
        10.4615         1.78069        0.158757 
        10.4772         1.77391        0.158757 
        10.4929         1.76881        0.158757 
        10.5086          1.7647        0.158757 
        10.5244         1.75839        0.158757 
        10.5401         1.75502        0.158757 
        10.5558         1.75039        0.158757 
        10.5715         1.74369        0.158757 
        10.5872         1.73986        0.158757 
        10.6029         1.73484        0.158757 
        10.6186         1.72912        0.158757 
        10.6343         1.72532        0.158757 
          10.65         1.72067        0.158757 
        10.6657         1.71683        0.158757 
        10.6814         1.71089        0.158757 
        10.6971         1.71021        0.158757 
        10.7129          1.7038        0.158757 
        10.7286         1.69886        0.158757 
        10.7443         1.69333        0.158757 
          10.76         1.68927        0.158757 
        10.7757         1.68549        0.158757 
        10.7914         1.68144        0.158757 
        10.8071         1.67986        0.158757 
        10.8228         1.67323        0.158757 
        10.8385         1.67022        0.158757 
        10.8542         1.66542        0.158757 
        10.8699         1.66336        0.158757 
        10.8856          1.6589        0.158757 
        10.9014         1.65519        0.158757 
        10.9171         1.65247        0.158757 
        10.9328          1.6473        0.158757 
        10.9485         1.64232        0.158757 
        10.9642         1.64028        0.158757 
        10.9799         1.63489        0.158757 
        10.9956         1.63214        0.158757 
        11.0113         1.62883        0.158757 
         11.027          1.6269        0.158757 
        11.0427         1.62299        0.158757 
        11.0584         1.61809        0.158757 
        11.0741         1.61578        0.158757 
        11.0898         1.61302        0.158757 
        11.1055          1.6113        0.158757 
        11.1212         1.60622        0.158757 
         11.137         1.60468        0.158757 
        11.1527         1.60129        0.158757 
        11.1684         1.59796        0.158757 
        11.1841         1.59524        0.158757 
        11.1998         1.59327        0.158757 
        11.2155         1.58742        0.158757 
        11.2312         1.58687        0.158757 
        11.2469          1.5852        0.158757 
        11.2626         1.58092        0.158757 
        11.2783         1.57903        0.158757 
         11.294         1.57735        0.158757 
        11.3097         1.57432        0.158757 
        11.3254         1.57247        0.158757 
        11.3412         1.56956        0.158757 
        11.3569         1.56642        0.158757 
        11.3726         1.56478        0.158757 
        11.3883         1.56317        0.158757 
         11.404          1.5601        0.158757 
        11.4197         1.55853        0.158757 
        11.4354         1.55662        0.158757 
        11.4511          1.5523        0.158757 
        11.4668         1.55263        0.158757 
        11.4825         1.54811        0.158757 
        11.4982         1.54856        0.158757 
         11.514         1.54616        0.158757 
        11.5297         1.54267        0.158757 
        11.5454         1.54333        0.158757 
        11.5611         1.53987        0.158757 
        11.5768         1.53828        0.158757 
        11.5925         1.53673        0.158757 
        11.6082         1.53592        0.158757 
        11.6239         1.53511        0.158757 
        11.6396         1.53488        0.158757 
        11.6553         1.53251        0.158757 
         11.671         1.52992        0.158757 
        11.6867         1.52975        0.158757 
        11.7024         1.52969        0.158757 
        11.7182         1.52751        0.158757 
        11.7339         1.52607        0.158757 
        11.7496         1.52477        0.158757 
        11.7653         1.52383        0.158757 
         11.781         1.52363        0.158757 
        11.7967         1.52136        0.158757 
        11.8124         1.52045        0.158757 
        11.8281         1.52066        0.158757 
        11.8438         1.52099        0.158757 
        11.8595         1.52048        0.158757 
        11.8752         1.51893        0.158757 
         11.891         1.51813        0.158757 
        11.9067         1.51745        0.158757 
        11.9224         1.51646        0.158757 
        11.9381         1.51753        0.158757 
        11.9538         1.51619        0.158757 
        11.9695         1.51627        0.158757 
        11.9852         1.51795        0.158757 
        12.0009         1.51761        0.158757 
        12.0166         1.51562        0.158757 
        12.0323         1.51694        0.158757 
         12.048          1.5156        0.158757 
        12.0637         1.51434        0.158757 
