# k  (h/Mpc)    Pcb(k)  (Mpc/h)^3    Pcb_linear(k) (Mpc/h)^3   ShotnoiseSubtracted = true
      0.0200456         896.672         906.388 
      0.0350414         717.672           710.7 
      0.0492313         563.092         563.093 
      0.0637834         453.243         457.885 
      0.0800726         344.048         345.888 
       0.096163         275.129         272.063 
       0.111083         233.317         230.301 
       0.126058         190.801         191.445 
       0.142273         155.683         155.786 
       0.158546         133.174         132.712 
        0.17375         116.966         115.464 
       0.188953          100.55         99.2636 
       0.204907          85.062         85.9269 
       0.220756         76.6285         75.9457 
        0.23588         68.0736         67.4563 
         0.2514         60.5751         59.7716 
       0.267535         54.6865         53.3061 
       0.283568         48.8443         47.9001 
       0.299022         44.4607         43.2552 
       0.314451         41.2355         39.2177 
       0.330372          36.974         35.6584 
       0.346141         33.8182          32.552 
       0.361624         30.9795         29.8345 
       0.377134         28.3884         27.4312 
       0.392932         27.0971         25.2656 
       0.408854         24.5051         23.3129 
       0.424564         23.3165         21.5833 
       0.440253         21.3445         20.0352 
       0.455999         19.5507         18.6355 
       0.471626         18.3406         17.3765 
        0.48727         17.6536         16.2324 
       0.502856         16.5383         15.1956 
       0.518488         15.2668         14.2467 
       0.534347         14.2927         13.3665 
       0.550082         13.7128         12.5668 
       0.565732         13.1122         11.8365 
       0.581496         12.3295         11.1596 
       0.597222         11.6068         10.5371 
       0.612804          10.963         9.96734 
       0.628434         10.5835         9.43834 
       0.644267         10.0637         8.94173 
       0.660051         9.53248         8.48235 
       0.675724         9.01031         8.05823 
       0.691403         8.69289         7.66305 
       0.707174         8.28344          7.2924 
       0.722871         8.07418         6.94791 
        0.73838         7.54366         6.62949 
       0.754018         7.21326         6.32871 
       0.769845         6.86671         6.04337 
        0.78569         6.69284          5.7754 
       0.801365         6.39753         5.52635 
       0.817031         6.18704         5.29219 
       0.832809         5.87497         5.07014 
       0.848511          5.7112         4.86185 
       0.864097         5.50256         4.66673 
       0.879701         5.35733         4.48217 
       0.895507         5.12516         4.30544 
       0.911279         4.94353         4.13864 
        0.92691         4.80246         3.98209 
       0.942635         4.59838         3.83281 
       0.958396          4.4472          3.6909 
       0.974128         4.33166         3.55647 
       0.989692         4.14277         3.43008 
        1.00528         4.05031         3.30969 
        1.02113         3.93643         3.19322 
        1.03692         3.82623         3.08281 
        1.05264         3.67128         2.97815 
        1.06832          3.5772         2.87854 
        1.08405          3.4716         2.78324 
        1.09979         3.38777         2.69223 
        1.11537         3.28416          2.6062 
        1.13105         3.17406         2.52343 
        1.14679         3.09442         2.44396 
        1.16256         2.99569         2.36776 
        1.17828         2.95582         2.29508 
        1.19395         2.84583         2.22571 
         1.2097         2.76698         2.15887 
        1.22537         2.67868          2.0951 
          1.241         2.62662         2.03411 
        1.25666         2.58521          1.9754 
        1.27241         2.52042         1.91874 
        1.28819         2.42493         1.86422 
        1.30392         2.36854         1.81198 
        1.31957         2.33235         1.76199 
        1.33529         2.24177          1.7137 
        1.35108         2.20069         1.66704 
        1.36674         2.14388         1.62245 
         1.3824         2.11736         1.57954 
        1.39811         2.05692         1.53805 
        1.41389         2.00716         1.49789 
        1.42964         1.96341         1.45924 
        1.44531         1.92976         1.42214 
        1.46101         1.87708         1.38626 
        1.47667         1.84549         1.35173 
        1.49229          1.7823         1.31847 
        1.50793         1.74379         1.28629 
        1.52367         1.70984         1.25498 
        1.53953         1.66923         1.22451 
        1.55526         1.66233          1.1953 
        1.57092         1.62452         1.16716 
        1.58662         1.60391         1.13987 
        1.60235         1.54851         1.11339 
        1.61809         1.52409         1.08775 
        1.63369         1.48621         1.06315 
        1.64941         1.46386         1.03913 
        1.66519          1.4418         1.01576 
        1.68085         1.40516        0.993289 
        1.69652         1.37989        0.971488 
        1.71228         1.35076         0.95022 
        1.72806         1.32807        0.929573 
        1.74368         1.30734        0.909748 
        1.75933          1.2858        0.890463 
        1.77505         1.26378        0.871647 
        1.79081         1.22907        0.853344 
         1.8065         1.21815        0.835645 
        1.82218         1.18838        0.818465 
        1.83797         1.16606        0.801651 
        1.85367          1.1507        0.785403 
        1.86928         1.13098        0.769704 
        1.88497         1.10557         0.75435 
        1.90073         1.09728        0.739358 
        1.91647         1.06819        0.724788 
        1.93218         1.05437        0.710642 
        1.94787         1.03748        0.696895 
        1.96363         1.02363        0.683458 
        1.97935         1.00317        0.670403 
        1.99499         0.98893        0.657764 
        2.01064        0.973483        0.645432 
         2.0264        0.950808         0.63334 
        2.04216        0.942925        0.621564 
        2.05781        0.926326        0.610163 
        2.07353        0.913882        0.599007 
        2.08928        0.898784        0.588106 
        2.10499        0.883796        0.577506 
        2.12065        0.869243        0.567199 
        2.13633        0.858235        0.557136 
        2.15211        0.840711        0.547252 
        2.16785        0.832849        0.537635 
        2.18349        0.818765        0.528311 
        2.19916        0.808871        0.519188 
        2.21489        0.795554         0.51025 
        2.23063         0.78046        0.501518 
         2.2463        0.771632        0.493029 
        2.26194        0.762997        0.484758 
        2.27765        0.750195        0.476635 
        2.29341        0.740148        0.468677 
        2.30914        0.725786        0.460917 
        2.32486        0.718762        0.453337 
        2.34061        0.707975        0.445916 
        2.35635        0.698321        0.438667 
        2.37203        0.690451        0.431605 
        2.38768        0.681426        0.424713 
        2.40339        0.672698        0.417947 
        2.41914        0.663869        0.411312 
        2.43483        0.653903        0.404845 
         2.4505        0.645554        0.398528 
        2.46622        0.637403        0.392325 
        2.48195        0.627104        0.386253 
        2.49759        0.622896        0.380342 
        2.51328        0.610879         0.37454 
        2.52906          0.6039        0.368822 
        2.54479         0.59514        0.363245 
        2.56049        0.589086        0.357794 
        2.57618        0.582392        0.352459 
        2.59189        0.573729        0.347226 
        2.60758        0.569356        0.342107 
        2.62325        0.560197        0.337098 
        2.63898        0.555692        0.332171 
        2.65468        0.545858        0.327354 
        2.67044        0.540407        0.322611 
        2.68618        0.535057        0.317973 
        2.70184        0.526655        0.313446 
        2.71755         0.52043        0.308995 
        2.73329        0.518073        0.304623 
        2.74897        0.508602        0.300351 
        2.76462        0.502618         0.29617 
        2.78034        0.496603        0.292051 
        2.79607        0.492773        0.288007 
        2.81179        0.485074        0.284043 
        2.82749        0.480549        0.280159 
        2.84321        0.474668        0.276343 
        2.85893        0.468799          0.2726 
        2.87462        0.462979        0.268932 
        2.89033        0.461068        0.265328 
        2.90605        0.454985        0.261787 
        2.92176        0.451375        0.258313 
        2.93747        0.444353        0.254903 
        2.95318        0.440027        0.251555 
        2.96891        0.436597        0.248265 
        2.98456        0.430119        0.245048 
        3.00023        0.426169        0.241884 
        3.01596         0.42195        0.238766 
        3.03164        0.416924        0.235711 
        3.04738        0.413127        0.232702 
         3.0631        0.408792        0.229746 
        3.07883         0.40507        0.226841 
        3.09456        0.401471        0.223986 
        3.11026        0.396318        0.221186 
        3.12596        0.391698        0.218433 
        3.14163        0.390339        0.215734 
        3.15734        0.385218        0.213074 
        3.17308        0.381606        0.210452 
        3.18879        0.378175        0.207882 
        3.20447         0.37312        0.205358 
         3.2202        0.370706        0.202869 
         3.2359        0.366724        0.200425 
        3.25157        0.360999        0.198027 
        3.26729        0.360774        0.195662 
        3.28304        0.356486         0.19333 
        3.29877        0.353176        0.191039 
        3.31446        0.351067        0.188791 
        3.33014        0.346416         0.18658 
        3.34585         0.34317        0.184402 
        3.36158        0.340593        0.182255 
        3.37727        0.338196        0.180149 
        3.39294        0.335509        0.178078 
        3.40867        0.330868        0.176033 
        3.42439        0.329115         0.17402 
        3.44008        0.326082        0.172043 
        3.45578        0.322412        0.170096 
        3.47153        0.320711        0.168174 
        3.48724         0.31796        0.166285 
        3.50292        0.315109        0.164429 
        3.51859        0.312567        0.162603 
        3.53431         0.30979        0.160799 
        3.55007        0.307194        0.159018 
        3.56577        0.305034        0.157271 
        3.58146         0.30225        0.155551 
        3.59719        0.299894        0.153852 
        3.61292        0.298105         0.15218 
        3.62859        0.295162        0.150538 
        3.64429        0.292628        0.148918 
        3.66003        0.290217        0.147317 
        3.67578        0.288494        0.145739 
        3.69146        0.285098        0.144191 
        3.70712        0.284087        0.142668 
        3.72284        0.282847        0.141162 
        3.73853        0.280398         0.13968 
        3.75422        0.277507        0.138218 
        3.76993         0.27525        0.136776 
        3.78564        0.272984        0.135356 
        3.80137        0.270866        0.133953 
        3.81707        0.269497        0.132573 
        3.83279        0.267224        0.131211 
        3.84853        0.265307        0.129867 
        3.86424        0.263572        0.128543 
        3.87992        0.261372         0.12724 
        3.89561        0.259797        0.125956 
        3.91134        0.257699        0.124686 
        3.92704        0.255643        0.123435 
        3.94273        0.254511        0.122203 
        3.95845        0.252214        0.120985 
        3.97418        0.250606        0.119783 
        3.98988        0.248042          0.1186 
        4.00554        0.246144        0.117435 
        4.02125        0.243751        0.116283 
        4.03698        0.241291        0.115145 
        4.05268        0.239343        0.114024 
        4.06839        0.236946        0.112918 
         4.0841        0.234671        0.111827 
        4.09983        0.232404        0.110748 
        4.11555        0.230469        0.109684 
        4.13124        0.228368        0.108637 
        4.14693        0.226078        0.107603 
        4.16266        0.223594         0.10658 
        4.17839        0.221721         0.10557 
        4.19408        0.219571        0.104576 
        4.20977         0.21846        0.103595 
        4.22551        0.216448        0.102624 
        4.24123        0.213887        0.101666 
        4.25691        0.212867        0.100723 
        4.27259        0.210864       0.0997914 
        4.28831        0.209908         0.09887 
        4.30404        0.207617       0.0979593 
        4.31974        0.206452        0.097062 
        4.33543        0.204926       0.0961765 
        4.35116        0.203534       0.0952999 
        4.36688        0.202368       0.0944346 
        4.38255        0.200596       0.0935832 
        4.39825        0.199979       0.0927405 
        4.41398        0.198338       0.0919065 
         4.4297        0.197598       0.0910836 
        4.44541        0.195824       0.0902709 
        4.46111        0.195303       0.0894688 
        4.47683        0.194436       0.0886758 
        4.49251        0.192784       0.0878941 
        4.50819        0.192351       0.0871219 
         4.5239        0.191488        0.086358 
        4.53962        0.190187       0.0856022 
        4.55535        0.189924       0.0848551 
        4.57106         0.18922        0.084118 
        4.58678        0.187826       0.0833895 
         4.6025        0.187872       0.0826695 
        4.61821        0.187349       0.0819581 
        4.63391        0.186561       0.0812559 
         4.6496        0.185802       0.0805623 
        4.66532        0.185484       0.0798757 
        4.68103        0.184924       0.0791974 
        4.69673        0.184663       0.0785276 
        4.71241        0.184159       0.0778662 
        4.72811        0.184315       0.0772114 
        4.74384        0.183794       0.0765632 
        4.75955        0.183302       0.0759235 
        4.77525        0.183453       0.0752914 
        4.79096        0.183365       0.0746657 
        4.80669        0.182655       0.0740469 
         4.8224        0.182907       0.0734358 
        4.83809        0.182884       0.0728322 
        4.85379        0.182751        0.072235 
         4.8695        0.183093        0.071644 
        4.88521        0.182739       0.0710599 
        4.90093        0.183578       0.0704822 
        4.91663        0.182962       0.0699115 
        4.93234        0.183188       0.0693464 
        4.94807        0.183415       0.0687873 
        4.96377        0.184249       0.0682353 
        4.97943        0.184819       0.0676905 
        4.99514        0.183949       0.0671503 
        5.01086        0.185109       0.0666156 
        5.02654        0.185327       0.0660881 
        5.04227        0.186141       0.0655647 
          5.058        0.187104       0.0650467 
        5.07371        0.186965       0.0645354 
        5.08942        0.188223       0.0640294 
        5.10513        0.188399       0.0635289 
        5.12084        0.189071       0.0630334 
        5.13656        0.189707       0.0625433 
        5.15225        0.190673       0.0620593 
        5.16796        0.192005       0.0615796 
        5.18369        0.192501       0.0611045 
         5.1994        0.193384       0.0606353 
        5.21509        0.194079       0.0601715 
        5.23079        0.194895       0.0597119 
        5.24649        0.195901       0.0592575 
        5.26217        0.197477       0.0588082 
        5.27788        0.198199       0.0583629 
        5.29359        0.199489       0.0579221 
        5.30933        0.200355       0.0574852 
        5.32504        0.202009       0.0570535 
        5.34073        0.202931       0.0566268 
        5.35646        0.204409       0.0562036 
        5.37218        0.206411       0.0557846 
        5.38789        0.206382       0.0553705 
        5.40357        0.208553       0.0549611 
        5.41929        0.209026        0.054555 
        5.43502        0.211781       0.0541529 
         5.4507        0.213125       0.0537558 
        5.46639        0.214356       0.0533627 
        5.48212        0.215916       0.0529725 
        5.49786        0.217369       0.0525858 
        5.51353        0.220677       0.0522049 
        5.52921        0.220763       0.0518274 
        5.54495         0.22275       0.0514524 
        5.56066        0.225051       0.0510816 
        5.57637        0.226335       0.0507145 
        5.59207        0.228461       0.0503514 
        5.60778         0.23079       0.0499916 
        5.62346        0.232836       0.0496359 
        5.63916        0.234299       0.0492833 
        5.65487        0.236476       0.0489339 
         5.6706        0.237414       0.0485875 
        5.68633        0.240889       0.0482443 
        5.70203        0.243369       0.0479052 
        5.71773        0.245409       0.0475693 
        5.73344        0.247548       0.0472365 
        5.74916        0.249018       0.0469066 
        5.76486         0.25227       0.0465803 
        5.78054        0.253299       0.0462576 
        5.79626         0.25568        0.045937 
          5.812        0.259258       0.0456191 
         5.8277        0.260853       0.0453052 
        5.84339        0.263414       0.0449943 
        5.85911        0.266655       0.0446856 
        5.87484        0.268253       0.0443799 
        5.89053        0.270744       0.0440777 
        5.90623        0.273336       0.0437781 
        5.92195        0.275754       0.0434808 
        5.93767        0.277598       0.0431865 
        5.95336        0.280545       0.0428953 
        5.96905        0.283823       0.0426069 
        5.98476        0.285579       0.0423208 
        6.00048        0.288343       0.0420372 
        6.01617         0.29207       0.0417566 
        6.03185        0.294378       0.0414789 
        6.04756        0.296127        0.041203 
        6.06331        0.299032       0.0409291 
        6.07903        0.303133       0.0406582 
        6.09473        0.304976       0.0403901 
        6.11044        0.307354       0.0401241 
        6.12616         0.31022       0.0398605 
        6.14186        0.313319       0.0395996 
        6.15755        0.316629        0.039341 
        6.17326         0.31891       0.0390845 
        6.18898        0.320933       0.0388302 
        6.20467        0.321991       0.0385786 
        6.22036        0.328148       0.0383293 
         6.2361        0.328113       0.0380815 
         6.2518        0.331881       0.0378363 
        6.26748        0.333885       0.0375937 
        6.28319        0.338332       0.0373527 
        6.29893         0.34089       0.0371135 
        6.31463        0.342249       0.0368768 
        6.33033        0.346734       0.0366423 
        6.34604        0.349453       0.0364097 
        6.36177        0.350735       0.0361788 
        6.37747        0.353339       0.0359504 
        6.39316        0.356534       0.0357241 
        6.40888        0.359688       0.0354992 
         6.4246        0.362002       0.0352764 
        6.44031        0.365144       0.0350555 
        6.45601        0.366118       0.0348368 
        6.47172        0.368781       0.0346197 
        6.48744        0.374172       0.0344044 
        6.50313        0.373815       0.0341913 
        6.51882        0.377814         0.03398 
        6.53452         0.37897       0.0337703 
        6.55025        0.381109       0.0335621 
        6.56597        0.384444       0.0333558 
        6.58166        0.386623       0.0331516 
        6.59736        0.388311       0.0329489 
        6.61307        0.392352       0.0327478 
         6.6288        0.394981       0.0325482 
         6.6445        0.397597       0.0323505 
         6.6602        0.400442       0.0321546 
        6.67592        0.400659         0.03196 
        6.69164           0.404       0.0317671 
        6.70735        0.407675       0.0315758 
        6.72304        0.408236       0.0313863 
        6.73874        0.411517       0.0311984 
        6.75446        0.413425       0.0310117 
        6.77016        0.415101       0.0308268 
        6.78585        0.417147       0.0306435 
        6.80156        0.419085       0.0304615 
        6.81729        0.420605       0.0302807 
        6.83301        0.422845       0.0301015 
         6.8487        0.426467        0.029924 
         6.8644        0.427388       0.0297479 
        6.88012        0.428837       0.0295731 
        6.89583        0.430252       0.0293998 
        6.91151        0.432676       0.0292281 
        6.92723        0.435277       0.0290574 
        6.94296        0.437979       0.0288879 
        6.95866        0.439013       0.0287201 
        6.97436        0.439949       0.0285537 
        6.99007        0.440377       0.0283885 
        7.00578        0.444031       0.0282246 
        7.02147        0.446005       0.0280622 
        7.03718        0.446859       0.0279009 
         7.0529        0.449763       0.0277407 
        7.06863        0.449533       0.0275817 
        7.08433        0.452141       0.0274241 
        7.10004        0.452836       0.0272679 
        7.11575        0.455207       0.0271128 
        7.13145        0.456548       0.0269589 
        7.14715        0.457496       0.0268063 
        7.16284        0.457777       0.0266551 
        7.17855        0.460321       0.0265047 
        7.19428        0.461473       0.0263553 
        7.20998        0.462735       0.0262073 
        7.22568        0.465477       0.0260605 
        7.24139        0.465363       0.0259147 
        7.25711        0.466993       0.0257701 
        7.27282        0.467157       0.0256265 
        7.28852        0.467747       0.0254842 
        7.30423         0.46827       0.0253427 
        7.31995        0.471881       0.0252024 
        7.33565         0.47155       0.0250633 
        7.35135        0.473712       0.0249251 
        7.36706        0.473291       0.0247881 
        7.38277        0.474283       0.0246519 
        7.39847        0.477051       0.0245169 
        7.41419         0.47716       0.0243828 
         7.4299        0.477313       0.0242497 
        7.44561        0.477993       0.0241176 
        7.46132        0.479753       0.0239866 
        7.47701        0.479661       0.0238566 
        7.49272        0.482952       0.0237275 
        7.50842        0.481654       0.0235994 
         7.5241        0.482621       0.0234724 
        7.53981        0.484701       0.0233461 
        7.55552        0.484524       0.0232207 
        7.57125        0.486974       0.0230961 
        7.58698        0.486783       0.0229724 
        7.60268        0.486432       0.0228499 
         7.6184        0.487877       0.0227281 
        7.63411        0.488793       0.0226073 
        7.64981        0.489214       0.0224874 
        7.66552        0.489943       0.0223683 
        7.68123        0.490483       0.0222501 
        7.69695        0.491281       0.0221327 
        7.71264        0.493269       0.0220163 
        7.72834        0.492195       0.0219007 
        7.74407        0.493742       0.0217857 
        7.75978        0.494265       0.0216716 
        7.77546        0.495637       0.0215586 
        7.79116        0.495715       0.0214463 
         7.8069        0.495693       0.0213345 
         7.8226        0.496213       0.0212238 
        7.83828        0.496205        0.021114 
        7.85399        0.496937       0.0210048 
        7.86972        0.497411       0.0208962 
        7.88543        0.499167       0.0207885 
        7.90111        0.498258       0.0206818 
        7.91681         0.50056       0.0205756 
        7.93255        0.498516         0.02047 
        7.94828        0.501019       0.0203652 
        7.96397        0.501024       0.0202613 
        7.97967        0.499573       0.0201582 
        7.99538        0.501431       0.0200557 
         8.0111        0.500856       0.0199538 
         8.0268         0.50329       0.0198528 
        8.04248        0.503046       0.0197526 
         8.0582        0.504759       0.0196529 
        8.07393        0.505446       0.0195537 
        8.08963        0.506141       0.0194554 
        8.10533        0.506102       0.0193579 
        8.12104        0.508007       0.0192609 
        8.13675        0.508901       0.0191646 
        8.15245        0.507546        0.019069 
        8.16815         0.50884       0.0189741 
        8.18387        0.509729       0.0188797 
        8.19959        0.511524       0.0187859 
         8.2153        0.512648       0.0186928 
        8.23101        0.513278       0.0186004 
        8.24672        0.515611       0.0185086 
        8.26241        0.515451       0.0184175 
         8.2781        0.513612       0.0183271 
        8.29381        0.515748       0.0182371 
        8.30952        0.516096       0.0181477 
        8.32524        0.517205       0.0180589 
        8.34095        0.518136       0.0179707 
        8.35666        0.518864       0.0178832 
        8.37237        0.520801       0.0177962 
        8.38808        0.520848       0.0177097 
        8.40379        0.520686       0.0176239 
         8.4195        0.521527       0.0175387 
         8.4352        0.521277        0.017454 
        8.45091        0.523302       0.0173699 
        8.46662        0.522473       0.0172863 
        8.48232        0.525212       0.0172033 
        8.49802        0.525869       0.0171209 
        8.51374        0.526688       0.0170389 
        8.52945        0.526986       0.0169574 
        8.54515        0.527251       0.0168766 
        8.56086        0.527775       0.0167962 
        8.57658        0.528429       0.0167164 
        8.59228         0.52894       0.0166371 
        8.60799         0.52965       0.0165583 
        8.62371         0.52979         0.01648 
        8.63942         0.53134       0.0164022 
        8.65512         0.53214        0.016325 
        8.67082        0.532614       0.0162483 
        8.68653        0.533003        0.016172 
        8.70224        0.534614       0.0160962 
        8.71795        0.535094       0.0160209 
        8.73365        0.534315       0.0159461 
        8.74936        0.535198       0.0158718 
        8.76506        0.535997        0.015798 
        8.78076         0.53757       0.0157246 
        8.79646        0.539512       0.0156517 
        8.81218        0.538266       0.0155792 
        8.82791        0.539928       0.0155071 
         8.8436        0.539961       0.0154356 
         8.8593        0.540962       0.0153646 
        8.87503        0.542335       0.0152938 
        8.89076        0.541812       0.0152236 
        8.90644         0.54443       0.0151539 
        8.92214        0.542637       0.0150847 
        8.93786        0.545017       0.0150157 
        8.95357         0.54443       0.0149473 
        8.96928        0.546097       0.0148792 
        8.98498        0.546124       0.0148117 
        9.00069        0.545858       0.0147445 
        9.01639        0.548261       0.0146777 
        9.03208        0.547294       0.0146115 
        9.04778        0.549539       0.0145455 
        9.06351        0.548572       0.0144799 
        9.07923        0.548828       0.0144148 
        9.09493        0.551994       0.0143501 
        9.11062        0.549904       0.0142858 
        9.12635        0.552115       0.0142218 
        9.14207        0.552949       0.0141582 
        9.15777        0.553686       0.0140951 
        9.17346        0.555342       0.0140324 
        9.18917        0.554138         0.01397 
         9.2049        0.556235       0.0139079 
        9.22061        0.555824       0.0138463 
        9.23631        0.557441        0.013785 
        9.25201        0.557721       0.0137242 
        9.26773        0.558349       0.0136636 
        9.28343        0.558152       0.0136035 
        9.29913          0.5588       0.0135437 
        9.31484        0.560089       0.0134843 
        9.33057        0.560493       0.0134252 
        9.34627         0.56153       0.0133664 
        9.36197        0.562709       0.0133081 
        9.37768        0.561843       0.0132501 
        9.39338        0.564351       0.0131924 
        9.40909        0.562932       0.0131351 
        9.42479        0.564938       0.0130782 
         9.4405        0.566141       0.0130215 
        9.45621        0.565406       0.0129652 
        9.47193        0.567698       0.0129092 
        9.48763        0.567124       0.0128536 
        9.50334        0.568425       0.0127983 
        9.51906        0.568832       0.0127433 
        9.53476        0.569106       0.0126887 
        9.55045        0.569948       0.0126344 
        9.56616        0.569774       0.0125804 
        9.58188         0.57061       0.0125266 
        9.59759        0.572214       0.0124732 
         9.6133        0.571603       0.0124201 
        9.62901        0.573319       0.0123673 
        9.64471        0.572115       0.0123148 
        9.66041        0.574439       0.0122626 
        9.67612        0.574719       0.0122106 
        9.69184        0.576249       0.0121589 
        9.70754        0.576554       0.0121076 
        9.72324        0.576394       0.0120566 
        9.73895        0.578404       0.0120059 
        9.75467        0.577558       0.0119555 
        9.77038        0.579397       0.0119054 
        9.78607        0.578441       0.0118557 
        9.80177          0.5806       0.0118064 
        9.81749        0.581687       0.0117573 
         9.8332        0.580604       0.0117086 
         9.8489        0.582851       0.0116602 
        9.86463        0.582156       0.0116121 
        9.88035        0.583161       0.0115642 
        9.89606        0.584074       0.0115166 
        9.91175        0.583994       0.0114693 
        9.92745        0.585227       0.0114221 
        9.94317        0.584645        0.011375 
        9.95888        0.586463        0.011328 
        9.97458        0.587605       0.0112811 
        9.99029         0.58653       0.0112342 
         10.006        0.587151       0.0112053 
        10.0217        0.587806       0.0112053 
        10.0374        0.589983       0.0112053 
        10.0531         0.58955       0.0112053 
        10.0688         0.58988       0.0112053 
        10.0845        0.592171       0.0112053 
        10.1002        0.591381       0.0112053 
        10.1159        0.593511       0.0112053 
        10.1317        0.593181       0.0112053 
        10.1474        0.593948       0.0112053 
        10.1631        0.594697       0.0112053 
        10.1788        0.594313       0.0112053 
        10.1945        0.595775       0.0112053 
        10.2102        0.594941       0.0112053 
        10.2259        0.597467       0.0112053 
        10.2416        0.597737       0.0112053 
        10.2573        0.598175       0.0112053 
         10.273        0.599236       0.0112053 
        10.2887        0.598885       0.0112053 
        10.3044        0.600849       0.0112053 
        10.3201        0.600581       0.0112053 
        10.3359        0.601575       0.0112053 
        10.3516         0.60203       0.0112053 
        10.3673        0.602297       0.0112053 
         10.383        0.604172       0.0112053 
        10.3987        0.603561       0.0112053 
        10.4144        0.604927       0.0112053 
        10.4301        0.605218       0.0112053 
        10.4458        0.605563       0.0112053 
        10.4615        0.607102       0.0112053 
        10.4772        0.606425       0.0112053 
        10.4929        0.608113       0.0112053 
        10.5086        0.608152       0.0112053 
        10.5244        0.608308       0.0112053 
        10.5401        0.609112       0.0112053 
        10.5558        0.610129       0.0112053 
        10.5715        0.611688       0.0112053 
        10.5872        0.611446       0.0112053 
        10.6029        0.612985       0.0112053 
        10.6186        0.613232       0.0112053 
        10.6343        0.614138       0.0112053 
          10.65        0.616267       0.0112053 
        10.6657        0.614868       0.0112053 
        10.6814         0.61635       0.0112053 
        10.6971        0.616141       0.0112053 
        10.7129        0.617932       0.0112053 
        10.7286        0.618357       0.0112053 
        10.7443        0.618223       0.0112053 
          10.76         0.62022       0.0112053 
        10.7757        0.619871       0.0112053 
        10.7914        0.620488       0.0112053 
        10.8071        0.622352       0.0112053 
        10.8228        0.621877       0.0112053 
        10.8385        0.623638       0.0112053 
        10.8542        0.623068       0.0112053 
        10.8699        0.625387       0.0112053 
        10.8856        0.625477       0.0112053 
        10.9014         0.62584       0.0112053 
        10.9171        0.626851       0.0112053 
        10.9328        0.626964       0.0112053 
        10.9485        0.628727       0.0112053 
        10.9642        0.629273       0.0112053 
        10.9799        0.629375       0.0112053 
        10.9956        0.631023       0.0112053 
        11.0113        0.630731       0.0112053 
         11.027        0.632568       0.0112053 
        11.0427        0.632477       0.0112053 
        11.0584        0.634633       0.0112053 
        11.0741        0.634548       0.0112053 
        11.0898        0.635026       0.0112053 
        11.1055        0.636819       0.0112053 
        11.1212        0.636528       0.0112053 
         11.137        0.638636       0.0112053 
        11.1527        0.638268       0.0112053 
        11.1684        0.639288       0.0112053 
        11.1841        0.640774       0.0112053 
        11.1998         0.64007       0.0112053 
        11.2155        0.642704       0.0112053 
        11.2312         0.64259       0.0112053 
        11.2469        0.644404       0.0112053 
        11.2626        0.644602       0.0112053 
        11.2783        0.645438       0.0112053 
         11.294        0.647056       0.0112053 
        11.3097        0.647515       0.0112053 
        11.3254        0.648734       0.0112053 
        11.3412        0.648975       0.0112053 
        11.3569        0.649552       0.0112053 
        11.3726        0.650972       0.0112053 
        11.3883        0.652128       0.0112053 
         11.404         0.65404       0.0112053 
        11.4197         0.65385       0.0112053 
        11.4354        0.654322       0.0112053 
        11.4511        0.655601       0.0112053 
        11.4668        0.656775       0.0112053 
        11.4825        0.658778       0.0112053 
        11.4982        0.658155       0.0112053 
         11.514        0.661129       0.0112053 
        11.5297        0.661014       0.0112053 
        11.5454        0.661961       0.0112053 
        11.5611        0.662564       0.0112053 
        11.5768         0.66305       0.0112053 
        11.5925        0.664926       0.0112053 
        11.6082        0.666445       0.0112053 
        11.6239         0.66789       0.0112053 
        11.6396        0.668811       0.0112053 
        11.6553         0.66927       0.0112053 
         11.671         0.67116       0.0112053 
        11.6867        0.671821       0.0112053 
        11.7024        0.672398       0.0112053 
        11.7182        0.674292       0.0112053 
        11.7339        0.675819       0.0112053 
        11.7496        0.676938       0.0112053 
        11.7653        0.677702       0.0112053 
         11.781        0.679511       0.0112053 
        11.7967        0.680373       0.0112053 
        11.8124        0.680939       0.0112053 
        11.8281         0.68289       0.0112053 
        11.8438        0.683588       0.0112053 
        11.8595        0.685603       0.0112053 
        11.8752        0.686139       0.0112053 
         11.891        0.687563       0.0112053 
        11.9067        0.689312       0.0112053 
        11.9224        0.690069       0.0112053 
        11.9381        0.692326       0.0112053 
        11.9538        0.692858       0.0112053 
        11.9695        0.695756       0.0112053 
        11.9852        0.695923       0.0112053 
        12.0009         0.69701       0.0112053 
        12.0166        0.699312       0.0112053 
        12.0323        0.700193       0.0112053 
         12.048        0.702508       0.0112053 
        12.0637        0.701341       0.0112053 
