# k  (h/Mpc)    Pcb(k)  (Mpc/h)^3    Pcb_linear(k) (Mpc/h)^3   ShotnoiseSubtracted = true
      0.0200456         167.254         169.209 
      0.0350414         132.543         132.677 
      0.0492313         105.225         105.121 
      0.0637834         85.7136         85.4804 
      0.0800726         65.1323         64.5722 
       0.096163         50.7735         50.7902 
       0.111083          42.716         42.9938 
       0.126058         35.8235         35.7401 
       0.142273         29.2996          29.083 
       0.158546         24.8408         24.7754 
        0.17375         21.4555         21.5554 
       0.188953         18.5759         18.5311 
       0.204907         16.2801         16.0413 
       0.220756         14.2394          14.178 
        0.23588         12.6425         12.5931 
         0.2514         11.1775         11.1585 
       0.267535         9.97966         9.95147 
       0.283568         8.97768         8.94226 
       0.299022           8.125         8.07511 
       0.314451         7.29668         7.32137 
       0.330372         6.67071         6.65691 
       0.346141         6.08904         6.07698 
       0.361624         5.59744         5.56967 
       0.377134          5.1666         5.12101 
       0.392932         4.67501         4.71671 
       0.408854         4.38675         4.35218 
       0.424564         4.03801         4.02929 
       0.440253         3.75207         3.74028 
       0.455999         3.51027         3.47897 
       0.471626         3.28317         3.24394 
        0.48727         3.04692         3.03035 
       0.502856         2.84512          2.8368 
       0.518488         2.69795         2.65966 
       0.534347          2.5453         2.49533 
       0.550082           2.358         2.34603 
       0.565732         2.19636          2.2097 
       0.581496         2.10471         2.08333 
       0.597222          1.9931         1.96712 
       0.612804         1.87503         1.86076 
       0.628434         1.79162           1.762 
       0.644267         1.68835         1.66929 
       0.660051         1.59679         1.58353 
       0.675724         1.52233         1.50435 
       0.691403         1.45436         1.43058 
       0.707174         1.37812         1.36138 
       0.722871         1.30681         1.29707 
        0.73838         1.25781         1.23763 
       0.754018         1.20796         1.18148 
       0.769845         1.14925         1.12821 
        0.78569         1.09702         1.07818 
       0.801365         1.04778         1.03169 
       0.817031         1.00595        0.987975 
       0.832809         0.96387        0.946521 
       0.848511        0.920785        0.907637 
       0.864097        0.879761        0.871211 
       0.879701        0.844873        0.836756 
       0.895507         0.81862        0.803763 
       0.911279        0.788126        0.772624 
        0.92691        0.755959        0.743399 
       0.942635        0.728124         0.71553 
       0.958396        0.698888        0.689038 
       0.974128        0.673816         0.66394 
       0.989692        0.652547        0.640347 
        1.00528        0.630273        0.617871 
        1.02113        0.602789        0.596127 
        1.03692          0.5865        0.575515 
        1.05264        0.566275        0.555977 
        1.06832        0.548074        0.537382 
        1.08405        0.525987        0.519591 
        1.09979        0.509345        0.502599 
        1.11537        0.497367        0.486539 
        1.13105        0.481043        0.471088 
        1.14679        0.468265        0.456251 
        1.16256        0.448703        0.442027 
        1.17828        0.435685        0.428459 
        1.19395        0.421326        0.415508 
         1.2097        0.407527        0.403029 
        1.22537        0.399269        0.391124 
          1.241        0.386664        0.379738 
        1.25666        0.377899        0.368779 
        1.27241        0.364451        0.358202 
        1.28819        0.354022        0.348023 
        1.30392        0.344789        0.338271 
        1.31957        0.335635        0.328938 
        1.33529        0.325413        0.319923 
        1.35108         0.31656        0.311212 
        1.36674        0.305459        0.302888 
         1.3824        0.301642        0.294878 
        1.39811        0.291793        0.287131 
        1.41389        0.284686        0.279634 
        1.42964        0.278652        0.272418 
        1.44531         0.26912        0.265493 
        1.46101        0.263786        0.258794 
        1.47667        0.254804        0.252348 
        1.49229        0.250229        0.246138 
        1.50793        0.242867        0.240132 
        1.52367        0.237837        0.234287 
        1.53953        0.232404        0.228599 
        1.55526        0.227052        0.223145 
        1.57092        0.220017        0.217892 
        1.58662        0.215958        0.212797 
        1.60235        0.211614        0.207855 
        1.61809        0.204777        0.203067 
        1.63369        0.202085        0.198474 
        1.64941        0.196976         0.19399 
        1.66519        0.191892        0.189628 
        1.68085         0.18708        0.185433 
        1.69652        0.182908        0.181363 
        1.71228        0.180132        0.177392 
        1.72806        0.174576        0.173538 
        1.74368         0.17219        0.169837 
        1.75933        0.168097        0.166236 
        1.77505        0.164271        0.162724 
        1.79081         0.16155        0.159307 
         1.8065        0.156733        0.156003 
        1.82218        0.154263        0.152796 
        1.83797        0.150731        0.149657 
        1.85367        0.147902        0.146623 
        1.86928        0.145097        0.143693 
        1.88497        0.142369        0.140826 
        1.90073        0.139113        0.138027 
        1.91647        0.136309        0.135307 
        1.93218        0.133223        0.132666 
        1.94787        0.130607          0.1301 
        1.96363        0.128479        0.127592 
        1.97935        0.125245        0.125154 
        1.99499        0.123318        0.122795 
        2.01064        0.121191        0.120493 
         2.0264        0.118655        0.118235 
        2.04216         0.11681        0.116037 
        2.05781        0.114377        0.113908 
        2.07353        0.111588        0.111826 
        2.08928        0.109698        0.109791 
        2.10499        0.107502        0.107812 
        2.12065        0.106159        0.105888 
        2.13633        0.103612        0.104009 
        2.15211        0.102516        0.102164 
        2.16785        0.100344        0.100369 
        2.18349       0.0978939       0.0986279 
        2.19916        0.097164       0.0969248 
        2.21489       0.0953707       0.0952563 
        2.23063       0.0935312       0.0936261 
         2.2463       0.0916256       0.0920413 
        2.26194       0.0899319       0.0904973 
        2.27765       0.0883933       0.0889808 
        2.29341       0.0873131       0.0874951 
        2.30914        0.085369       0.0860464 
        2.32486       0.0839288       0.0846314 
        2.34061       0.0827151        0.083246 
        2.35635       0.0811209       0.0818927 
        2.37203       0.0799434       0.0805743 
        2.38768       0.0784854       0.0792877 
        2.40339       0.0772022       0.0780245 
        2.41914       0.0763004        0.076786 
        2.43483         0.07455       0.0755787 
         2.4505       0.0732282       0.0743995 
        2.46622       0.0721498       0.0732413 
        2.48195       0.0708869       0.0721078 
        2.49759       0.0702499       0.0710043 
        2.51328       0.0692377       0.0699211 
        2.52906       0.0678508       0.0688537 
        2.54479       0.0666773       0.0678125 
        2.56049       0.0656998       0.0667949 
        2.57618       0.0647095       0.0657991 
        2.59189        0.063729        0.064822 
        2.60758       0.0630139       0.0638664 
        2.62325       0.0617999       0.0629312 
        2.63898       0.0608976       0.0620116 
        2.65468       0.0597764       0.0611122 
        2.67044       0.0592063       0.0602268 
        2.68618       0.0582633        0.059361 
        2.70184       0.0572472       0.0585157 
        2.71755       0.0562405       0.0576848 
        2.73329       0.0555838       0.0568687 
        2.74897       0.0549888       0.0560711 
        2.76462       0.0539468       0.0552906 
        2.78034       0.0532018       0.0545217 
        2.79607       0.0524857       0.0537667 
        2.81179       0.0517449       0.0530268 
        2.82749       0.0509389       0.0523016 
        2.84321       0.0502483       0.0515893 
        2.85893       0.0495589       0.0508904 
        2.87462       0.0491595       0.0502056 
        2.89033       0.0482515       0.0495329 
        2.90605       0.0473833       0.0488719 
        2.92176       0.0469944       0.0482233 
        2.93747       0.0462572       0.0475868 
        2.95318       0.0454861       0.0469616 
        2.96891       0.0450218       0.0463474 
        2.98456       0.0445143       0.0457469 
        3.00023       0.0437278       0.0451562 
        3.01596       0.0431633       0.0445741 
        3.03164       0.0427808       0.0440039 
        3.04738       0.0421134        0.043442 
         3.0631       0.0414135       0.0428901 
        3.07883       0.0408765       0.0423478 
        3.09456       0.0405522        0.041815 
        3.11026       0.0399275       0.0412921 
        3.12596       0.0395649       0.0407783 
        3.14163       0.0389325       0.0402744 
        3.15734       0.0385219       0.0397778 
        3.17308       0.0379802       0.0392884 
        3.18879        0.037405       0.0388085 
        3.20447       0.0371001       0.0383374 
         3.2202       0.0366197       0.0378727 
         3.2359       0.0362528       0.0374164 
        3.25157       0.0356403       0.0369688 
        3.26729        0.035256       0.0365272 
        3.28304       0.0348794       0.0360919 
        3.29877        0.034467       0.0356642 
        3.31446       0.0340184       0.0352445 
        3.33014       0.0336288       0.0348318 
        3.34585       0.0332164       0.0344252 
        3.36158       0.0327418       0.0340244 
        3.37727       0.0324978       0.0336312 
        3.39294       0.0321703       0.0332446 
        3.40867       0.0317137       0.0328628 
        3.42439       0.0314013       0.0324871 
        3.44008       0.0310353        0.032118 
        3.45578       0.0307632       0.0317544 
        3.47153       0.0303403       0.0313956 
        3.48724       0.0302056        0.031043 
        3.50292       0.0296575       0.0306966 
        3.51859         0.02925       0.0303557 
        3.53431       0.0291443       0.0300189 
        3.55007       0.0287639       0.0296863 
        3.56577       0.0285311       0.0293602 
        3.58146       0.0281086        0.029039 
        3.59719       0.0279247        0.028722 
        3.61292       0.0275361       0.0284097 
        3.62859       0.0272561       0.0281033 
        3.64429       0.0270669       0.0278008 
        3.66003       0.0267162       0.0275019 
        3.67578       0.0264926       0.0272074 
        3.69146       0.0262564       0.0269184 
        3.70712       0.0260636       0.0266341 
        3.72284       0.0257589       0.0263529 
        3.73853       0.0254328       0.0260762 
        3.75422       0.0253359       0.0258033 
        3.76993       0.0249589       0.0255342 
        3.78564        0.024757       0.0252689 
        3.80137       0.0245348       0.0250071 
        3.81707        0.024224       0.0247494 
        3.83279       0.0240591       0.0244952 
        3.84853        0.023858       0.0242442 
        3.86424       0.0236299       0.0239972 
        3.87992       0.0234257       0.0237539 
        3.89561       0.0232393       0.0235141 
        3.91134       0.0230162        0.023277 
        3.92704       0.0227256       0.0230435 
        3.94273       0.0225527       0.0228135 
        3.95845       0.0224287       0.0225861 
        3.97418        0.022229       0.0223618 
        3.98988       0.0219829       0.0221409 
        4.00554       0.0217481       0.0219235 
        4.02125        0.021492       0.0217084 
        4.03698       0.0212877       0.0214959 
        4.05268        0.021027       0.0212867 
        4.06839       0.0207136       0.0210801 
         4.0841       0.0204713       0.0208764 
        4.09983       0.0201957        0.020675 
        4.11555       0.0200402       0.0204764 
        4.13124       0.0197747        0.020281 
        4.14693       0.0194534       0.0200879 
        4.16266       0.0192854       0.0198969 
        4.17839        0.019076       0.0197085 
        4.19408        0.018915       0.0195229 
        4.20977        0.018686       0.0193397 
        4.22551       0.0184265       0.0191583 
        4.24123       0.0182652       0.0189795 
        4.25691        0.018105       0.0188035 
        4.27259       0.0179316       0.0186296 
        4.28831       0.0178257       0.0184576 
        4.30404       0.0176302       0.0182876 
        4.31974       0.0174543       0.0181201 
        4.33543       0.0173349       0.0179548 
        4.35116       0.0171832       0.0177911 
        4.36688       0.0170697       0.0176296 
        4.38255       0.0169107       0.0174706 
        4.39825       0.0168519       0.0173133 
        4.41398       0.0168172       0.0171576 
         4.4297       0.0166645        0.017004 
        4.44541       0.0165785       0.0168523 
        4.46111       0.0164515       0.0167025 
        4.47683       0.0164129       0.0165545 
        4.49251       0.0163031       0.0164085 
        4.50819       0.0162414       0.0162644 
         4.5239       0.0161881       0.0161218 
        4.53962        0.016158       0.0159807 
        4.55535       0.0161267       0.0158412 
        4.57106       0.0161143       0.0157036 
        4.58678       0.0160393       0.0155676 
         4.6025       0.0160486       0.0154332 
        4.61821       0.0160554       0.0153004 
        4.63391       0.0160113       0.0151693 
         4.6496       0.0159836       0.0150398 
        4.66532       0.0159741       0.0149116 
        4.68103       0.0160018        0.014785 
        4.69673       0.0160284         0.01466 
        4.71241       0.0161206       0.0145365 
        4.72811       0.0160852       0.0144142 
        4.74384       0.0161066       0.0142932 
        4.75955       0.0162042       0.0141738 
        4.77525       0.0162419       0.0140558 
        4.79096       0.0163403        0.013939 
        4.80669       0.0163001       0.0138235 
         4.8224       0.0164675       0.0137094 
        4.83809       0.0165054       0.0135967 
        4.85379       0.0166714       0.0134852 
         4.8695       0.0166679       0.0133749 
        4.88521       0.0167848       0.0132659 
        4.90093         0.01694        0.013158 
        4.91663       0.0170867       0.0130515 
        4.93234       0.0171677        0.012946 
        4.94807       0.0172702       0.0128416 
        4.96377       0.0174527       0.0127385 
        4.97943       0.0176192       0.0126368 
        4.99514       0.0177662        0.012536 
        5.01086       0.0178342       0.0124362 
        5.02654       0.0180886       0.0123377 
        5.04227       0.0182608         0.01224 
          5.058       0.0184425       0.0121433 
        5.07371       0.0186278       0.0120478 
        5.08942       0.0189807       0.0119534 
        5.10513       0.0191282       0.0118599 
        5.12084       0.0192483       0.0117674 
        5.13656       0.0195348       0.0116759 
        5.15225       0.0197718       0.0115856 
        5.16796       0.0201416        0.011496 
        5.18369       0.0202795       0.0114073 
         5.1994       0.0205989       0.0113197 
        5.21509       0.0208972       0.0112331 
        5.23079       0.0210519       0.0111473 
        5.24649       0.0214204       0.0110625 
        5.26217       0.0217344       0.0109786 
        5.27788       0.0220973       0.0108955 
        5.29359       0.0224355       0.0108132 
        5.30933       0.0226986       0.0107316 
        5.32504       0.0230446       0.0106511 
        5.34073       0.0235586       0.0105714 
        5.35646        0.023854       0.0104924 
        5.37218       0.0242276       0.0104142 
        5.38789       0.0247203       0.0103369 
        5.40357       0.0251076       0.0102604 
        5.41929       0.0254701       0.0101846 
        5.43502       0.0260214       0.0101096 
         5.4507       0.0263903       0.0100354 
        5.46639       0.0269742      0.00996204 
        5.48212       0.0272147       0.0098892 
        5.49786       0.0278627      0.00981701 
        5.51353       0.0285136       0.0097459 
        5.52921        0.029006      0.00967541 
        5.54495       0.0295649      0.00960542 
        5.56066       0.0301771       0.0095362 
        5.57637       0.0307758      0.00946767 
        5.59207       0.0312268      0.00939987 
        5.60778       0.0319932      0.00933271 
        5.62346       0.0326195      0.00926629 
        5.63916       0.0331414      0.00920047 
        5.65487       0.0338828      0.00913524 
         5.6706       0.0344286      0.00907058 
        5.68633       0.0353754      0.00900651 
        5.70203       0.0361204      0.00894319 
        5.71773       0.0368863       0.0088805 
        5.73344       0.0376169      0.00881837 
        5.74916       0.0385901      0.00875678 
        5.76486       0.0392913      0.00869586 
        5.78054       0.0399665      0.00863561 
        5.79626       0.0410042      0.00857577 
          5.812       0.0418284      0.00851643 
         5.8277       0.0429727      0.00845783 
        5.84339       0.0437089      0.00839977 
        5.85911       0.0447709      0.00834215 
        5.87484       0.0457824      0.00828509 
        5.89053       0.0469853      0.00822866 
        5.90623        0.047985      0.00817274 
        5.92195       0.0491864      0.00811724 
        5.93767       0.0502926      0.00806229 
        5.95336       0.0515117      0.00800793 
        5.96905        0.052593       0.0079541 
        5.98476       0.0535294      0.00790068 
        6.00048       0.0550522      0.00784774 
        6.01617        0.056222      0.00779535 
        6.03185       0.0574889      0.00774351 
        6.04756       0.0592793      0.00769201 
        6.06331       0.0605977      0.00764087 
        6.07903       0.0619763       0.0075903 
        6.09473        0.063717      0.00754024 
        6.11044       0.0654397      0.00749058 
        6.12616       0.0669637      0.00744138 
        6.14186       0.0685217      0.00739267 
        6.15755       0.0701612      0.00734439 
        6.17326       0.0714341      0.00729652 
        6.18898       0.0736843      0.00724904 
        6.20467       0.0756998      0.00720207 
        6.22036       0.0776655      0.00715552 
         6.2361       0.0790663      0.00710926 
         6.2518       0.0818643      0.00706348 
        6.26748       0.0831792       0.0070182 
        6.28319       0.0861973       0.0069732 
        6.29893       0.0885978      0.00692855 
        6.31463       0.0904089      0.00688437 
        6.33033       0.0926479      0.00684059 
        6.34604       0.0949085      0.00679715 
        6.36177       0.0976784      0.00675406 
        6.37747       0.0996147      0.00671141 
        6.39316        0.103006      0.00666916 
        6.40888        0.105557      0.00662719 
         6.4246        0.109322      0.00658558 
        6.44031        0.111259      0.00654435 
        6.45601        0.114285      0.00650352 
        6.47172        0.118314      0.00646299 
        6.48744        0.121149       0.0064228 
        6.50313        0.124797      0.00638301 
        6.51882         0.12723      0.00634357 
        6.53452        0.130358      0.00630443 
        6.55025        0.135144      0.00626555 
        6.56597        0.137848      0.00622705 
        6.58166        0.142588      0.00618892 
        6.59736        0.146752      0.00615109 
        6.61307        0.150017      0.00611353 
         6.6288        0.151958      0.00607628 
         6.6445        0.157628      0.00603938 
         6.6602         0.16248      0.00600279 
        6.67592        0.169675      0.00596647 
        6.69164         0.17218      0.00593046 
        6.70735        0.177772      0.00589475 
        6.72304        0.183336      0.00585937 
        6.73874        0.187797      0.00582428 
        6.75446        0.192374      0.00578944 
        6.77016        0.197189      0.00575492 
        6.78585        0.205008      0.00572069 
        6.80156        0.210077      0.00568672 
        6.81729        0.215331      0.00565297 
        6.83301        0.220304       0.0056195 
         6.8487        0.229349      0.00558638 
         6.8644        0.234876      0.00555351 
        6.88012          0.2411      0.00552086 
        6.89583        0.249837      0.00548851 
        6.91151        0.255327      0.00545646 
        6.92723        0.262769      0.00542459 
        6.94296        0.272814      0.00539296 
        6.95866        0.278658      0.00536163 
        6.97436        0.285922      0.00533056 
        6.99007         0.29416      0.00529972 
        7.00578        0.301802      0.00526912 
        7.02147        0.314664       0.0052388 
        7.03718         0.31966      0.00520868 
         7.0529         0.33249      0.00517878 
        7.06863        0.339632       0.0051491 
        7.08433        0.350042      0.00511969 
        7.10004         0.35719      0.00509052 
        7.11575        0.373612      0.00506156 
        7.13145        0.379874      0.00503284 
        7.14715        0.388633      0.00500435 
        7.16284        0.400844      0.00497611 
        7.17855        0.411799      0.00494803 
        7.19428         0.42836      0.00492014 
        7.20998        0.434961      0.00489252 
        7.22568        0.448566      0.00486512 
        7.24139        0.461616      0.00483791 
        7.25711        0.475542       0.0048109 
        7.27282        0.487256      0.00478409 
        7.28852        0.497734      0.00475752 
        7.30423        0.508841      0.00473112 
        7.31995        0.525902      0.00470493 
        7.33565        0.540407      0.00467894 
        7.35135        0.553028      0.00465316 
        7.36706        0.567721      0.00462757 
        7.38277        0.578653      0.00460215 
        7.39847        0.591699      0.00457695 
        7.41419        0.605919      0.00455191 
         7.4299        0.626958      0.00452707 
        7.44561        0.641631      0.00450241 
        7.46132        0.651018      0.00447795 
        7.47701         0.67131      0.00445369 
        7.49272        0.682068      0.00442958 
        7.50842        0.696054      0.00440566 
         7.5241        0.715592      0.00438195 
        7.53981        0.729713      0.00435838 
        7.55552        0.746532      0.00433497 
        7.57125        0.759872      0.00431171 
        7.58698        0.776161      0.00428862 
        7.60268        0.799971      0.00426574 
         7.6184        0.801792      0.00424301 
        7.63411        0.823211      0.00422045 
        7.64981        0.837066      0.00419806 
        7.66552         0.85255      0.00417584 
        7.68123        0.858766      0.00415377 
        7.69695        0.877988      0.00413185 
        7.71264        0.895117      0.00411012 
        7.72834        0.896238      0.00408854 
        7.74407        0.920848      0.00406707 
        7.75978        0.934703      0.00404577 
        7.77546        0.929487      0.00402468 
        7.79116        0.928867      0.00400371 
         7.8069        0.951152      0.00398285 
         7.8226        0.961631      0.00396217 
        7.83828        0.973283      0.00394167 
        7.85399        0.969055      0.00392129 
        7.86972        0.985912      0.00390101 
        7.88543        0.970705      0.00388091 
        7.90111         0.99853      0.00386098 
        7.91681        0.988634      0.00384117 
        7.93255         0.98177      0.00382146 
        7.94828        0.977834      0.00380189 
        7.96397         1.00051      0.00378249 
        7.97967        0.996559      0.00376324 
        7.99538         0.99526       0.0037441 
         8.0111         1.00147      0.00372509 
         8.0268        0.991571      0.00370623 
        8.04248        0.983296      0.00368752 
         8.0582        0.989347       0.0036689 
        8.07393        0.986196      0.00365039 
        8.08963        0.983499      0.00363205 
        8.10533        0.977684      0.00361383 
        8.12104        0.962395      0.00359573 
        8.13675        0.946088      0.00357775 
        8.15245        0.929937       0.0035599 
        8.16815        0.935339      0.00354218 
        8.18387        0.929929      0.00352456 
        8.19959        0.917194      0.00350705 
         8.2153        0.908054      0.00348968 
        8.23101        0.885354      0.00347242 
        8.24672        0.883203      0.00345528 
        8.26241        0.878094      0.00343828 
         8.2781        0.853335       0.0034214 
        8.29381        0.848761       0.0034046 
        8.30952        0.838985      0.00338792 
        8.32524        0.833112      0.00337133 
        8.34095        0.819458      0.00335487 
        8.35666        0.807323      0.00333853 
        8.37237        0.801672      0.00332228 
        8.38808        0.787747      0.00330615 
        8.40379         0.77678      0.00329013 
         8.4195        0.771629      0.00327421 
         8.4352        0.748559      0.00325841 
        8.45091        0.738678       0.0032427 
        8.46662        0.736382       0.0032271 
        8.48232        0.727669      0.00321161 
        8.49802        0.708688      0.00319621 
        8.51374        0.701897      0.00318091 
        8.52945        0.697168      0.00316571 
        8.54515        0.684699      0.00315062 
        8.56086        0.673905      0.00313561 
        8.57658        0.663831      0.00312071 
        8.59228        0.659183      0.00310591 
        8.60799        0.648723       0.0030912 
        8.62371        0.637752      0.00307658 
        8.63942        0.627252      0.00306206 
        8.65512        0.618004      0.00304764 
        8.67082        0.609811      0.00303332 
        8.68653        0.605932      0.00301907 
        8.70224        0.594384      0.00300492 
        8.71795        0.589061      0.00299087 
        8.73365        0.576826      0.00297691 
        8.74936         0.57437      0.00296303 
        8.76506        0.564703      0.00294925 
        8.78076        0.557432      0.00293556 
        8.79646        0.550836      0.00292195 
        8.81218        0.543716      0.00290842 
        8.82791        0.537868      0.00289495 
         8.8436        0.534359      0.00288161 
         8.8593        0.528427      0.00286835 
        8.87503        0.521094      0.00285514 
        8.89076        0.516061      0.00284202 
        8.90644        0.510745      0.00282902 
        8.92214        0.502704      0.00281609 
        8.93786        0.496503      0.00280322 
        8.95357        0.491513      0.00279044 
        8.96928        0.484178      0.00277774 
        8.98498        0.484171      0.00276512 
        9.00069        0.476545      0.00275258 
        9.01639        0.473427      0.00274011 
        9.03208        0.471436      0.00272775 
        9.04778        0.469239      0.00271544 
        9.06351        0.459599      0.00270319 
        9.07923        0.457736      0.00269102 
        9.09493        0.457367      0.00267895 
        9.11062        0.449948      0.00266695 
        9.12635        0.447448        0.002655 
        9.14207        0.443238      0.00264313 
        9.15777        0.440787      0.00263135 
        9.17346        0.437249      0.00261964 
        9.18917        0.435036      0.00260799 
         9.2049        0.433585       0.0025964 
        9.22061        0.431723       0.0025849 
        9.23631        0.428457      0.00257347 
        9.25201        0.424814      0.00256211 
        9.26773        0.421536       0.0025508 
        9.28343        0.421332      0.00253958 
        9.29913        0.418833      0.00252842 
        9.31484        0.420641      0.00251733 
        9.33057         0.41485      0.00250628 
        9.34627        0.415967      0.00249532 
        9.36197        0.413494      0.00248444 
        9.37768        0.410779       0.0024736 
        9.39338        0.413089      0.00246284 
        9.40909        0.408088      0.00245214 
        9.42479        0.409305       0.0024415 
         9.4405        0.409963      0.00243093 
        9.45621        0.405437      0.00242042 
        9.47193        0.408998      0.00240997 
        9.48763        0.405379      0.00239959 
        9.50334        0.408906      0.00238926 
        9.51906        0.405923      0.00237899 
        9.53476        0.408587       0.0023688 
        9.55045        0.408023      0.00235866 
        9.56616         0.40545      0.00234858 
        9.58188        0.412835      0.00233854 
        9.59759        0.408593      0.00232857 
         9.6133        0.408317      0.00231866 
        9.62901        0.411396       0.0023088 
        9.64471        0.406781      0.00229899 
        9.66041        0.415587      0.00228925 
        9.67612        0.410193      0.00227954 
        9.69184        0.417492       0.0022699 
        9.70754        0.417348      0.00226031 
        9.72324        0.414872      0.00225079 
        9.73895        0.421823      0.00224133 
        9.75467        0.416714      0.00223191 
        9.77038        0.426893      0.00222257 
        9.78607        0.424764      0.00221329 
        9.80177        0.425672      0.00220408 
        9.81749         0.43026      0.00219492 
         9.8332        0.426367      0.00218582 
         9.8489        0.438904       0.0021768 
        9.86463        0.431795      0.00216781 
        9.88035        0.441187      0.00215887 
        9.89606        0.442031      0.00214999 
        9.91175        0.440487      0.00214115 
        9.92745         0.45193      0.00213233 
        9.94317        0.444877      0.00212354 
        9.95888        0.457553      0.00211477 
        9.97458        0.456153      0.00210601 
        9.99029        0.457435      0.00209726 
         10.006         0.46464      0.00209186 
        10.0217        0.460369      0.00209186 
        10.0374        0.476225      0.00209186 
        10.0531        0.471458      0.00209186 
        10.0688        0.477934      0.00209186 
        10.0845        0.483797      0.00209186 
        10.1002        0.479375      0.00209186 
        10.1159        0.497067      0.00209186 
        10.1317        0.487367      0.00209186 
        10.1474        0.501923      0.00209186 
        10.1631        0.499724      0.00209186 
        10.1788        0.501475      0.00209186 
        10.1945        0.518168      0.00209186 
        10.2102        0.504397      0.00209186 
        10.2259        0.530603      0.00209186 
        10.2416        0.521097      0.00209186 
        10.2573        0.527915      0.00209186 
         10.273        0.537648      0.00209186 
        10.2887        0.526844      0.00209186 
        10.3044        0.553079      0.00209186 
        10.3201        0.540698      0.00209186 
        10.3359        0.558247      0.00209186 
        10.3516        0.558446      0.00209186 
        10.3673        0.555958      0.00209186 
         10.383        0.575606      0.00209186 
        10.3987        0.561164      0.00209186 
        10.4144        0.587147      0.00209186 
        10.4301        0.578238      0.00209186 
        10.4458        0.586862      0.00209186 
        10.4615        0.599329      0.00209186 
        10.4772        0.580439      0.00209186 
        10.4929        0.621275      0.00209186 
        10.5086        0.599802      0.00209186 
        10.5244        0.618941      0.00209186 
        10.5401        0.619619      0.00209186 
        10.5558        0.612771      0.00209186 
        10.5715        0.641609      0.00209186 
        10.5872         0.61958      0.00209186 
        10.6029        0.648281      0.00209186 
        10.6186         0.63923      0.00209186 
        10.6343        0.641234      0.00209186 
          10.65         0.65954      0.00209186 
        10.6657        0.639842      0.00209186 
        10.6814        0.678447      0.00209186 
        10.6971        0.658576      0.00209186 
        10.7129         0.67183      0.00209186 
        10.7286        0.681921      0.00209186 
        10.7443         0.65916      0.00209186 
          10.76        0.701215      0.00209186 
        10.7757        0.671954      0.00209186 
        10.7914        0.700233      0.00209186 
        10.8071        0.692337      0.00209186 
        10.8228        0.689867      0.00209186 
        10.8385        0.718174      0.00209186 
        10.8542        0.687956      0.00209186 
        10.8699        0.728014      0.00209186 
        10.8856        0.705282      0.00209186 
        10.9014        0.714376      0.00209186 
        10.9171        0.730025      0.00209186 
        10.9328         0.69778      0.00209186 
        10.9485        0.750682      0.00209186 
        10.9642        0.718578      0.00209186 
        10.9799        0.735846      0.00209186 
        10.9956        0.735693      0.00209186 
        11.0113        0.721185      0.00209186 
         11.027        0.754525      0.00209186 
        11.0427        0.721183      0.00209186 
        11.0584        0.758495      0.00209186 
        11.0741        0.740497      0.00209186 
        11.0898        0.739516      0.00209186 
        11.1055        0.763308      0.00209186 
        11.1212        0.726381      0.00209186 
         11.137        0.775088      0.00209186 
        11.1527        0.743804      0.00209186 
        11.1684        0.755606      0.00209186 
        11.1841        0.757115      0.00209186 
        11.1998        0.738607      0.00209186 
        11.2155        0.775173      0.00209186 
        11.2312        0.742692      0.00209186 
        11.2469        0.770675      0.00209186 
        11.2626        0.759921      0.00209186 
        11.2783        0.750094      0.00209186 
         11.294        0.769273      0.00209186 
        11.3097        0.736623      0.00209186 
        11.3254        0.776997      0.00209186 
        11.3412        0.751949      0.00209186 
        11.3569        0.757734      0.00209186 
        11.3726        0.763918      0.00209186 
        11.3883        0.739104      0.00209186 
         11.404        0.779621      0.00209186 
        11.4197        0.744237      0.00209186 
        11.4354        0.763173      0.00209186 
        11.4511        0.754197      0.00209186 
        11.4668        0.741336      0.00209186 
        11.4825        0.765487      0.00209186 
        11.4982        0.736486      0.00209186 
         11.514        0.766023      0.00209186 
        11.5297        0.744164      0.00209186 
        11.5454        0.745031      0.00209186 
        11.5611         0.75977      0.00209186 
        11.5768        0.727581      0.00209186 
        11.5925        0.766598      0.00209186 
        11.6082        0.733699      0.00209186 
        11.6239        0.745846      0.00209186 
        11.6396        0.743418      0.00209186 
        11.6553        0.726369      0.00209186 
         11.671        0.752551      0.00209186 
        11.6867        0.726226      0.00209186 
        11.7024        0.742628      0.00209186 
        11.7182        0.730549      0.00209186 
        11.7339        0.725479      0.00209186 
        11.7496        0.737185      0.00209186 
        11.7653        0.712432      0.00209186 
         11.781        0.737077      0.00209186 
        11.7967        0.721333      0.00209186 
        11.8124        0.723676      0.00209186 
        11.8281        0.723416      0.00209186 
        11.8438        0.706869      0.00209186 
        11.8595        0.728841      0.00209186 
        11.8752        0.706499      0.00209186 
         11.891         0.71923      0.00209186 
        11.9067        0.712711      0.00209186 
        11.9224        0.704778      0.00209186 
        11.9381        0.717458      0.00209186 
        11.9538        0.696333      0.00209186 
        11.9695        0.713878      0.00209186 
        11.9852        0.700213      0.00209186 
        12.0009        0.697722      0.00209186 
        12.0166        0.704112      0.00209186 
        12.0323        0.684636      0.00209186 
         12.048        0.706289      0.00209186 
        12.0637        0.686317      0.00209186 
