# k  (h/Mpc)    Pcb(k)  (Mpc/h)^3    Pcb_linear(k) (Mpc/h)^3   ShotnoiseSubtracted = true
      0.0200456          4003.2         4061.32 
      0.0350414         3131.42         3184.48 
      0.0492313         2511.32         2523.09 
      0.0637834         2078.77         2051.68 
      0.0800726         1580.95         1549.84 
       0.096163         1200.43         1219.05 
       0.111083         1002.58         1031.92 
       0.126058         867.485         857.824 
       0.142273         720.229         698.043 
       0.158546         617.491         594.651 
        0.17375         517.245         517.367 
       0.188953         468.178         444.778 
       0.204907         429.073         385.019 
       0.220756         368.975         340.295 
        0.23588         326.613         302.256 
         0.2514         285.926         267.823 
       0.267535         265.564         238.852 
       0.283568         242.031          214.63 
       0.299022          223.11         193.817 
       0.314451         201.495         175.725 
       0.330372         186.659         159.777 
       0.346141         169.251         145.858 
       0.361624         159.465         133.682 
       0.377134          150.34         122.913 
       0.392932         135.394         113.209 
       0.408854          130.19          104.46 
       0.424564         124.594         96.7099 
       0.440253         115.674         89.7732 
       0.455999         109.234         83.5012 
       0.471626         101.112         77.8602 
        0.48727         98.0398         72.7337 
       0.502856         92.9261         68.0881 
       0.518488         89.5364         63.8364 
       0.534347         85.8861         59.8923 
       0.550082         79.1791         56.3088 
       0.565732         75.2254         53.0365 
       0.581496         72.8543         50.0036 
       0.597222          70.526         47.2143 
       0.612804         66.5082         44.6614 
       0.628434         64.7746          42.291 
       0.644267         62.9206         40.0658 
       0.660051         60.5107         38.0075 
       0.675724          57.795         36.1071 
       0.691403         56.0585         34.3364 
       0.707174         54.4713         32.6756 
       0.722871         52.4796          31.132 
        0.73838         51.0731         29.7052 
       0.754018         48.7548         28.3575 
       0.769845          47.586          27.079 
        0.78569         46.2723         25.8783 
       0.801365         44.6164         24.7623 
       0.817031         43.6046         23.7131 
       0.832809         42.8383         22.7181 
       0.848511         40.4954         21.7849 
       0.864097         39.7076         20.9106 
       0.879701         39.0359         20.0836 
       0.895507         38.3866         19.2917 
       0.911279         37.1888         18.5443 
        0.92691         36.2457         17.8429 
       0.942635         35.0111          17.174 
       0.958396         34.6045         16.5381 
       0.974128         33.5646         15.9357 
       0.989692         33.1683         15.3694 
        1.00528         32.4238           14.83 
        1.02113         31.2584         14.3081 
        1.03692         30.7074         13.8134 
        1.05264         30.1192         13.3444 
        1.06832         29.4864         12.8981 
        1.08405         28.8723         12.4711 
        1.09979         28.2521         12.0632 
        1.11537         27.5842         11.6778 
        1.13105         27.3539         11.3069 
        1.14679         26.9855         10.9508 
        1.16256         26.0837         10.6094 
        1.17828         25.9113         10.2838 
        1.19395         25.1398         9.97291 
         1.2097         24.9862         9.67338 
        1.22537          24.419         9.38765 
          1.241         24.0106         9.11437 
        1.25666          23.376         8.85132 
        1.27241         23.0902         8.59746 
        1.28819         22.5633         8.35315 
        1.30392         22.3836         8.11909 
        1.31957         22.1503         7.89507 
        1.33529         21.8055          7.6787 
        1.35108         21.2903         7.46962 
        1.36674         20.9878         7.26984 
         1.3824         20.5896         7.07757 
        1.39811         20.3039         6.89164 
        1.41389          20.126          6.7117 
        1.42964          19.826          6.5385 
        1.44531         19.6367         6.37229 
        1.46101         19.1114         6.21151 
        1.47667         18.8779         6.05678 
        1.49229          18.697         5.90775 
        1.50793         18.4039         5.76357 
        1.52367         18.1926          5.6233 
        1.53953         17.9705         5.48677 
        1.55526         17.6637         5.35587 
        1.57092         17.4203         5.22979 
        1.58662         17.2079         5.10749 
        1.60235         16.9724         4.98887 
        1.61809         16.7827         4.87397 
        1.63369         16.5563         4.76371 
        1.64941         16.2458         4.65609 
        1.66519         16.1623         4.55141 
        1.68085         15.9251          4.4507 
        1.69652         15.6941         4.35302 
        1.71228         15.5058         4.25772 
        1.72806          15.411          4.1652 
        1.74368         15.1667         4.07637 
        1.75933         14.9664         3.98996 
        1.77505         14.7894         3.90565 
        1.79081         14.5918         3.82364 
         1.8065         14.4993         3.74433 
        1.82218           14.22         3.66735 
        1.83797         14.0966         3.59202 
        1.85367         13.9198         3.51921 
        1.86928         13.8763         3.44887 
        1.88497         13.6022         3.38007 
        1.90073         13.5452         3.31289 
        1.91647         13.4015         3.24761 
        1.93218         13.2703         3.18422 
        1.94787          13.088         3.12263 
        1.96363         12.9889         3.06242 
        1.97935         12.8028         3.00392 
        1.99499          12.634         2.94729 
        2.01064         12.4976         2.89204 
         2.0264          12.371         2.83785 
        2.04216         12.2519         2.78509 
        2.05781         12.0639           2.734 
        2.07353         11.9948         2.68401 
        2.08928         11.8801         2.63517 
        2.10499         11.7881         2.58767 
        2.12065         11.5941         2.54149 
        2.13633         11.5697          2.4964 
        2.15211         11.4107         2.45211 
        2.16785          11.346         2.40902 
        2.18349         11.2509         2.36724 
        2.19916         11.0927         2.32636 
        2.21489         10.9992         2.28632 
        2.23063         10.8787         2.24719 
         2.2463         10.7455         2.20915 
        2.26194          10.653         2.17209 
        2.27765         10.6112         2.13569 
        2.29341         10.4774         2.10003 
        2.30914          10.324         2.06526 
        2.32486         10.2699          2.0313 
        2.34061         10.1596         1.99805 
        2.35635         10.1149         1.96557 
        2.37203         9.98974         1.93392 
        2.38768         9.86572         1.90304 
        2.40339         9.77715         1.87272 
        2.41914          9.6595           1.843 
        2.43483         9.64109         1.81402 
         2.4505         9.57019         1.78572 
        2.46622         9.45808         1.75792 
        2.48195         9.37209         1.73071 
        2.49759         9.29397         1.70423 
        2.51328          9.1878         1.67823 
        2.52906         9.12509         1.65261 
        2.54479         9.03206         1.62762 
        2.56049         8.96803         1.60319 
        2.57618         8.92502         1.57929 
        2.59189         8.79704         1.55584 
        2.60758         8.76464          1.5329 
        2.62325         8.67968         1.51046 
        2.63898         8.54553         1.48838 
        2.65468         8.48106          1.4668 
        2.67044         8.42047         1.44555 
        2.68618         8.35672         1.42477 
        2.70184         8.28897         1.40448 
        2.71755         8.19866         1.38453 
        2.73329          8.1422         1.36495 
        2.74897         8.06995          1.3458 
        2.76462         8.03222         1.32707 
        2.78034         7.93831         1.30862 
        2.79607         7.87493         1.29049 
        2.81179         7.82162         1.27273 
        2.82749         7.75893         1.25533 
        2.84321         7.73814         1.23823 
        2.85893          7.6456         1.22146 
        2.87462         7.55588         1.20502 
        2.89033         7.49361         1.18887 
        2.90605         7.44099         1.17301 
        2.92176         7.37159         1.15744 
        2.93747         7.32181         1.14216 
        2.95318         7.29651         1.12716 
        2.96891         7.21242         1.11242 
        2.98456          7.1527         1.09801 
        3.00023         7.08373         1.08383 
        3.01596         7.05531         1.06986 
        3.03164         6.99998         1.05617 
        3.04738          6.9673         1.04268 
         3.0631         6.87532         1.02944 
        3.07883         6.82459         1.01642 
        3.09456         6.77746         1.00363 
        3.11026         6.73541        0.991082 
        3.12596         6.68122        0.978749 
        3.14163         6.61367        0.966654 
        3.15734          6.5701        0.954735 
        3.17308         6.52415        0.942988 
        3.18879         6.45429        0.931472 
        3.20447         6.42775        0.920164 
         3.2202         6.35807        0.909009 
         3.2359         6.33187        0.898059 
        3.25157         6.27387        0.887316 
        3.26729         6.25751        0.876715 
        3.28304         6.18581        0.866267 
        3.29877         6.12933        0.856003 
        3.31446         6.08968        0.845928 
        3.33014         6.06029        0.836024 
        3.34585          6.0031        0.826263 
        3.36158          5.9732        0.816643 
        3.37727         5.93293        0.807207 
        3.39294         5.88995        0.797929 
        3.40867         5.82982        0.788763 
        3.42439         5.80168        0.779746 
        3.44008         5.75564        0.770887 
        3.45578         5.70521         0.76216 
        3.47153          5.6687        0.753548 
        3.48724         5.63896        0.745085 
        3.50292         5.58903        0.736771 
        3.51859         5.55086        0.728588 
        3.53431         5.49721        0.720504 
        3.55007         5.47562        0.712523 
        3.56577         5.45155        0.704694 
        3.58146         5.41685        0.696987 
        3.59719         5.36393        0.689376 
        3.61292         5.33358        0.681882 
        3.62859         5.28234        0.674528 
        3.64429         5.25075        0.667268 
        3.66003         5.21447        0.660093 
        3.67578         5.17865        0.653025 
        3.69146         5.11776        0.646088 
        3.70712         5.10516        0.639264 
        3.72284         5.07218        0.632514 
        3.73853         5.04247        0.625873 
        3.75422         4.99664        0.619324 
        3.76993         4.97055        0.612864 
        3.78564         4.92738        0.606498 
        3.80137         4.89679        0.600213 
        3.81707          4.8658        0.594029 
        3.83279         4.83632        0.587928 
        3.84853           4.781        0.581902 
        3.86424         4.75712        0.575973 
        3.87992         4.73286        0.570135 
        3.89561         4.70598        0.564378 
        3.91134         4.65777        0.558689 
        3.92704         4.62806        0.553084 
        3.94273         4.60468        0.547562 
        3.95845          4.5817        0.542105 
        3.97418         4.53862        0.536722 
        3.98988         4.52262        0.531419 
        4.00554         4.48774        0.526201 
        4.02125         4.45631        0.521039 
        4.03698         4.40703        0.515939 
        4.05268         4.37879        0.510918 
        4.06839         4.36653         0.50596 
         4.0841         4.32041        0.501069 
        4.09983         4.29058        0.496236 
        4.11555         4.25689        0.491469 
        4.13124         4.22755        0.486778 
        4.14693          4.1976        0.482144 
        4.16266         4.18318        0.477559 
        4.17839          4.1509        0.473037 
        4.19408         4.10914        0.468583 
        4.20977         4.08603        0.464185 
        4.22551         4.06115        0.459833 
        4.24123         4.03461        0.455541 
        4.25691          4.0086        0.451316 
        4.27259          3.9938        0.447143 
        4.28831         3.95691        0.443014 
        4.30404         3.92984        0.438933 
        4.31974         3.90214        0.434913 
        4.33543         3.86333        0.430945 
        4.35116         3.83847        0.427017 
        4.36688         3.81879         0.42314 
        4.38255         3.78755        0.419325 
        4.39825         3.78282        0.415549 
        4.41398         3.75978        0.411812 
         4.4297          3.7299        0.408125 
        4.44541         3.70333        0.404483 
        4.46111         3.67824        0.400889 
        4.47683         3.64935        0.397336 
        4.49251         3.62631        0.393833 
        4.50819         3.61029        0.390373 
         4.5239         3.59343         0.38695 
        4.53962         3.56532        0.383564 
        4.55535         3.54498        0.380217 
        4.57106         3.51588        0.376914 
        4.58678         3.49228         0.37365 
         4.6025         3.47623        0.370423 
        4.61821           3.459        0.367235 
        4.63391         3.43406        0.364089 
         4.6496         3.41607        0.360981 
        4.66532         3.37662        0.357905 
        4.68103         3.36024        0.354866 
        4.69673         3.34245        0.351864 
        4.71241         3.31846        0.348901 
        4.72811         3.29807        0.345967 
        4.74384         3.28495        0.343062 
        4.75955         3.26558        0.340196 
        4.77525         3.24258        0.337364 
        4.79096         3.21337         0.33456 
        4.80669          3.1992        0.331787 
         4.8224         3.18994        0.329049 
        4.83809         3.16679        0.326344 
        4.85379         3.13992        0.323669 
         4.8695         3.12469        0.321021 
        4.88521         3.11001        0.318403 
        4.90093         3.08529        0.315815 
        4.91663         3.07471        0.313257 
        4.93234         3.05339        0.310726 
        4.94807          3.0363         0.30822 
        4.96377         3.01751        0.305747 
        4.97943         2.99657        0.303306 
        4.99514          2.9696        0.300885 
        5.01086         2.95733        0.298489 
        5.02654         2.94306        0.296126 
        5.04227         2.92848         0.29378 
          5.058         2.91409        0.291459 
        5.07371         2.89236        0.289168 
        5.08942         2.87816        0.286901 
        5.10513         2.85967        0.284658 
        5.12084         2.84558        0.282438 
        5.13656         2.82797        0.280242 
        5.15225         2.80761        0.278073 
        5.16796         2.78628        0.275924 
        5.18369         2.77892        0.273795 
         5.1994         2.76143        0.271693 
        5.21509         2.74574        0.269615 
        5.23079         2.72759        0.267555 
        5.24649         2.71502        0.265519 
        5.26217         2.70461        0.263506 
        5.27788         2.67559        0.261511 
        5.29359         2.66452        0.259536 
        5.30933         2.65535        0.257578 
        5.32504         2.63166        0.255644 
        5.34073         2.62004        0.253732 
        5.35646         2.60632        0.251835 
        5.37218         2.59143        0.249958 
        5.38789         2.57793        0.248103 
        5.40357         2.56338        0.246268 
        5.41929         2.54581        0.244449 
        5.43502         2.53362        0.242647 
         5.4507         2.52065        0.240868 
        5.46639         2.50579        0.239106 
        5.48212          2.4929        0.237358 
        5.49786         2.47916        0.235625 
        5.51353         2.46182        0.233918 
        5.52921         2.45275        0.232227 
        5.54495         2.43921        0.230547 
        5.56066         2.42234        0.228885 
        5.57637         2.41069         0.22724 
        5.59207         2.39721        0.225613 
        5.60778         2.38848        0.224001 
        5.62346         2.37251        0.222407 
        5.63916         2.35606        0.220827 
        5.65487         2.34914        0.219262 
         5.6706         2.33246        0.217709 
        5.68633         2.32224        0.216172 
        5.70203          2.3113        0.214652 
        5.71773         2.29905        0.213147 
        5.73344         2.27977        0.211656 
        5.74916         2.27298        0.210178 
        5.76486         2.26243        0.208716 
        5.78054         2.25362         0.20727 
        5.79626         2.24227        0.205833 
          5.812         2.22026        0.204409 
         5.8277         2.21532        0.203002 
        5.84339          2.2014        0.201609 
        5.85911         2.19248        0.200226 
        5.87484         2.17652        0.198856 
        5.89053         2.16872        0.197502 
        5.90623         2.15774         0.19616 
        5.92195         2.14577        0.194828 
        5.93767         2.13439        0.193509 
        5.95336         2.12401        0.192204 
        5.96905         2.11334        0.190912 
        5.98476         2.09698         0.18963 
        6.00048         2.09151        0.188359 
        6.01617         2.08078        0.187102 
        6.03185         2.06972        0.185857 
        6.04756         2.06085        0.184621 
        6.06331         2.04623        0.183394 
        6.07903         2.03881         0.18218 
        6.09473         2.03215        0.180979 
        6.11044         2.01746        0.179787 
        6.12616         2.00639        0.178606 
        6.14186         2.00104        0.177437 
        6.15755         1.99094        0.176278 
        6.17326         1.97835        0.175129 
        6.18898         1.97187        0.173989 
        6.20467         1.96207        0.172862 
        6.22036         1.95248        0.171745 
         6.2361         1.93829        0.170634 
         6.2518         1.92969        0.169536 
        6.26748         1.92329        0.168449 
        6.28319         1.91307        0.167369 
        6.29893         1.90654        0.166297 
        6.31463         1.89597        0.165237 
        6.33033           1.885        0.164186 
        6.34604         1.87858        0.163143 
        6.36177         1.87055        0.162109 
        6.37747           1.858        0.161085 
        6.39316         1.85241        0.160071 
        6.40888         1.84351        0.159064 
         6.4246         1.83115        0.158065 
        6.44031         1.82671        0.157076 
        6.45601         1.81585        0.156096 
        6.47172         1.80822        0.155123 
        6.48744         1.80043        0.154158 
        6.50313         1.79389        0.153203 
        6.51882         1.78424        0.152257 
        6.53452         1.77597        0.151317 
        6.55025         1.76845        0.150384 
        6.56597         1.75812         0.14946 
        6.58166         1.75014        0.148545 
        6.59736         1.74422        0.147637 
        6.61307         1.73546        0.146735 
         6.6288         1.72865        0.145841 
         6.6445         1.72088        0.144955 
         6.6602         1.71318        0.144077 
        6.67592         1.70648        0.143205 
        6.69164         1.69897        0.142341 
        6.70735         1.68889        0.141484 
        6.72304         1.68497        0.140635 
        6.73874         1.67526        0.139793 
        6.75446          1.6692        0.138956 
        6.77016         1.66209        0.138128 
        6.78585         1.65363        0.137306 
        6.80156         1.64726        0.136491 
        6.81729         1.63767        0.135681 
        6.83301         1.63338        0.134878 
         6.8487         1.62601        0.134083 
         6.8644         1.61818        0.133294 
        6.88012         1.61425         0.13251 
        6.89583         1.60659        0.131734 
        6.91151          1.5985        0.130964 
        6.92723         1.59105        0.130199 
        6.94296         1.58421         0.12944 
        6.95866         1.57855        0.128688 
        6.97436         1.57164        0.127943 
        6.99007          1.5654        0.127202 
        7.00578         1.55822        0.126468 
        7.02147         1.54981         0.12574 
        7.03718          1.5461        0.125017 
         7.0529         1.53695          0.1243 
        7.06863         1.53312        0.123587 
        7.08433         1.52756        0.122881 
        7.10004         1.51871        0.122181 
        7.11575         1.51361        0.121486 
        7.13145         1.50801        0.120797 
        7.14715         1.50122        0.120113 
        7.16284          1.4945        0.119435 
        7.17855         1.49175        0.118761 
        7.19428          1.4828        0.118092 
        7.20998         1.47733        0.117429 
        7.22568         1.47041        0.116771 
        7.24139         1.46724        0.116118 
        7.25711         1.46098         0.11547 
        7.27282         1.45501        0.114826 
        7.28852         1.44958        0.114189 
        7.30423         1.44238        0.113555 
        7.31995         1.43555        0.112926 
        7.33565         1.43095        0.112303 
        7.35135         1.42697        0.111684 
        7.36706         1.42167         0.11107 
        7.38277          1.4174         0.11046 
        7.39847         1.40952        0.109855 
        7.41419         1.40489        0.109254 
         7.4299         1.39737        0.108657 
        7.44561          1.3946        0.108066 
        7.46132         1.39093        0.107478 
        7.47701         1.38156        0.106896 
        7.49272         1.37672        0.106318 
        7.50842         1.37278        0.105743 
         7.5241         1.36909        0.105174 
        7.53981         1.36067        0.104609 
        7.55552         1.35727        0.104047 
        7.57125         1.35433        0.103489 
        7.58698         1.34636        0.102934 
        7.60268         1.34407        0.102385 
         7.6184          1.3392         0.10184 
        7.63411         1.33241        0.101298 
        7.64981         1.32974        0.100761 
        7.66552         1.32309        0.100227 
        7.68123         1.31839       0.0996976 
        7.69695         1.31516       0.0991714 
        7.71264         1.30974       0.0986499 
        7.72834         1.30617       0.0981319 
        7.74407         1.30247       0.0976167 
        7.75978         1.29571       0.0971055 
        7.77546         1.29457       0.0965993 
        7.79116         1.28854        0.096096 
         7.8069         1.28376       0.0955952 
         7.8226         1.27695       0.0950988 
        7.83828         1.27597       0.0946068 
        7.85399         1.27164       0.0941176 
        7.86972         1.26814       0.0936309 
        7.88543         1.26204       0.0931485 
        7.90111         1.25689       0.0926702 
        7.91681         1.25333       0.0921947 
        7.93255         1.25067       0.0917215 
        7.94828          1.2454       0.0912519 
        7.96397         1.24015       0.0907864 
        7.97967          1.2359       0.0903242 
        7.99538          1.2339       0.0898649 
         8.0111         1.22834       0.0894086 
         8.0268          1.2269       0.0889559 
        8.04248         1.22008       0.0885068 
         8.0582         1.21669       0.0880599 
        8.07393         1.21463       0.0876157 
        8.08963         1.21039       0.0871754 
        8.10533         1.20821       0.0867383 
        8.12104         1.20244       0.0863037 
        8.13675         1.20005       0.0858721 
        8.15245         1.19518       0.0854438 
        8.16815         1.19285       0.0850185 
        8.18387         1.18781       0.0845955 
        8.19959         1.18528       0.0841753 
         8.2153         1.18037       0.0837583 
        8.23101         1.17642       0.0833441 
        8.24672         1.17353       0.0829327 
        8.26241         1.17032       0.0825247 
         8.2781         1.16647       0.0821194 
        8.29381         1.16251       0.0817162 
        8.30952         1.15976       0.0813158 
        8.32524         1.15554       0.0809178 
        8.34095         1.15253       0.0805227 
        8.35666         1.14808       0.0801304 
        8.37237         1.14476       0.0797405 
        8.38808         1.14253       0.0793533 
        8.40379         1.13823       0.0789687 
         8.4195          1.1366       0.0785868 
         8.4352         1.13276       0.0782074 
        8.45091         1.12849       0.0778305 
        8.46662         1.12618       0.0774559 
        8.48232          1.1228       0.0770841 
        8.49802         1.11845       0.0767146 
        8.51374         1.11763       0.0763473 
        8.52945         1.11333       0.0759824 
        8.54515         1.11225       0.0756203 
        8.56086         1.10721       0.0752601 
        8.57658         1.10545       0.0749024 
        8.59228          1.1021       0.0745472 
        8.60799         1.09922        0.074194 
        8.62371         1.09421       0.0738432 
        8.63942         1.09379       0.0734947 
        8.65512         1.09056       0.0731486 
        8.67082         1.08722       0.0728048 
        8.68653         1.08386        0.072463 
        8.70224           1.082       0.0721233 
        8.71795         1.07933       0.0717861 
        8.73365         1.07609       0.0714509 
        8.74936         1.07441       0.0711178 
        8.76506         1.07118       0.0707871 
        8.78076         1.06815       0.0704584 
        8.79646         1.06481       0.0701318 
        8.81218         1.06388        0.069807 
        8.82791         1.06122       0.0694839 
         8.8436         1.05699       0.0691636 
         8.8593         1.05472       0.0688453 
        8.87503         1.05242       0.0685282 
        8.89076         1.05054       0.0682134 
        8.90644          1.0491       0.0679013 
        8.92214         1.04426       0.0675909 
        8.93786         1.04292        0.067282 
        8.95357         1.03974       0.0669752 
        8.96928         1.03615       0.0666705 
        8.98498         1.03521       0.0663677 
        9.00069         1.03213       0.0660666 
        9.01639         1.03116       0.0657675 
        9.03208         1.02738       0.0654706 
        9.04778         1.02591       0.0651752 
        9.06351         1.02216       0.0648812 
        9.07923         1.02141       0.0645892 
        9.09493         1.01764       0.0642993 
        9.11062         1.01614       0.0640114 
        9.12635         1.01457       0.0637246 
        9.14207         1.01081       0.0634397 
        9.15777         1.00885       0.0631568 
        9.17346         1.00525       0.0628759 
        9.18917         1.00619       0.0625963 
         9.2049         1.00253       0.0623181 
        9.22061         1.00005        0.062042 
        9.23631        0.998286       0.0617676 
        9.25201        0.997183        0.061495 
        9.26773        0.994428       0.0612237 
        9.28343         0.99225       0.0609542 
        9.29913        0.988818       0.0606864 
        9.31484        0.988046       0.0604202 
        9.33057        0.985851       0.0601551 
        9.34627        0.984174        0.059892 
        9.36197        0.982268       0.0596307 
        9.37768        0.980946       0.0593706 
        9.39338        0.978482       0.0591123 
        9.40909        0.974592       0.0588555 
        9.42479        0.974402       0.0586003 
         9.4405        0.971975       0.0583465 
        9.45621        0.970603       0.0580942 
        9.47193         0.96807       0.0578434 
        9.48763        0.965522       0.0575942 
        9.50334        0.964661       0.0573463 
        9.51906        0.961907          0.0571 
        9.53476        0.960692       0.0568552 
        9.55045        0.958959        0.056612 
        9.56616        0.957608       0.0563699 
        9.58188        0.955366       0.0561291 
        9.59759        0.954842       0.0558897 
         9.6133        0.952785       0.0556517 
        9.62901        0.949984       0.0554151 
        9.64471        0.949344       0.0551798 
        9.66041        0.948356       0.0549458 
        9.67612        0.946191        0.054713 
        9.69184        0.944884       0.0544814 
        9.70754        0.941677       0.0542514 
        9.72324        0.941091       0.0540229 
        9.73895        0.939814       0.0537957 
        9.75467        0.937764       0.0535698 
        9.77038        0.935527       0.0533455 
        9.78607        0.935146       0.0531229 
        9.80177        0.933327       0.0529017 
        9.81749        0.931319       0.0526818 
         9.8332        0.931496       0.0524636 
         9.8489        0.928617       0.0522469 
        9.86463        0.926717       0.0520312 
        9.88035        0.925702       0.0518166 
        9.89606        0.923711       0.0516034 
        9.91175        0.922131       0.0513912 
        9.92745        0.921671       0.0511797 
        9.94317         0.91956       0.0509686 
        9.95888        0.919667        0.050758 
        9.97458        0.917156       0.0505479 
        9.99029        0.916061       0.0503379 
         10.006        0.915613       0.0502082 
        10.0217        0.912962       0.0502082 
        10.0374        0.911955       0.0502082 
        10.0531        0.911415       0.0502082 
        10.0688        0.910059       0.0502082 
        10.0845        0.908658       0.0502082 
        10.1002        0.906894       0.0502082 
        10.1159        0.905931       0.0502082 
        10.1317        0.905218       0.0502082 
        10.1474        0.903892       0.0502082 
        10.1631         0.90159       0.0502082 
        10.1788        0.900885       0.0502082 
        10.1945        0.899761       0.0502082 
        10.2102        0.898561       0.0502082 
        10.2259        0.897388       0.0502082 
        10.2416        0.897483       0.0502082 
        10.2573         0.89592       0.0502082 
         10.273        0.894082       0.0502082 
        10.2887        0.893668       0.0502082 
        10.3044        0.893477       0.0502082 
        10.3201        0.890918       0.0502082 
        10.3359        0.890411       0.0502082 
        10.3516        0.889708       0.0502082 
        10.3673        0.889626       0.0502082 
         10.383         0.88828       0.0502082 
        10.3987        0.886173       0.0502082 
        10.4144        0.886033       0.0502082 
        10.4301        0.884386       0.0502082 
        10.4458        0.884101       0.0502082 
        10.4615        0.882377       0.0502082 
        10.4772        0.882639       0.0502082 
        10.4929        0.881745       0.0502082 
        10.5086        0.880456       0.0502082 
        10.5244         0.87995       0.0502082 
        10.5401        0.879747       0.0502082 
        10.5558        0.879833       0.0502082 
        10.5715        0.879127       0.0502082 
        10.5872        0.877924       0.0502082 
        10.6029        0.877102       0.0502082 
        10.6186        0.875833       0.0502082 
        10.6343        0.875006       0.0502082 
          10.65        0.875409       0.0502082 
        10.6657        0.874902       0.0502082 
        10.6814        0.873415       0.0502082 
        10.6971         0.87168       0.0502082 
        10.7129        0.872887       0.0502082 
        10.7286        0.871209       0.0502082 
        10.7443        0.871529       0.0502082 
          10.76        0.870871       0.0502082 
        10.7757          0.8704       0.0502082 
        10.7914        0.870537       0.0502082 
        10.8071        0.868123       0.0502082 
        10.8228        0.869072       0.0502082 
        10.8385        0.868314       0.0502082 
        10.8542        0.868028       0.0502082 
        10.8699        0.868343       0.0502082 
        10.8856        0.867662       0.0502082 
        10.9014        0.867032       0.0502082 
        10.9171        0.866122       0.0502082 
        10.9328        0.866779       0.0502082 
        10.9485        0.865696       0.0502082 
        10.9642        0.865391       0.0502082 
        10.9799        0.865508       0.0502082 
        10.9956        0.865059       0.0502082 
        11.0113        0.864505       0.0502082 
         11.027        0.863799       0.0502082 
        11.0427        0.864784       0.0502082 
        11.0584        0.863925       0.0502082 
        11.0741        0.863214       0.0502082 
        11.0898        0.865469       0.0502082 
        11.1055        0.863931       0.0502082 
        11.1212        0.863988       0.0502082 
         11.137          0.8639       0.0502082 
        11.1527        0.863677       0.0502082 
        11.1684        0.863997       0.0502082 
        11.1841        0.864559       0.0502082 
        11.1998        0.862891       0.0502082 
        11.2155        0.862798       0.0502082 
        11.2312        0.863217       0.0502082 
        11.2469         0.86296       0.0502082 
        11.2626        0.863029       0.0502082 
        11.2783        0.862953       0.0502082 
         11.294        0.863234       0.0502082 
        11.3097        0.863491       0.0502082 
        11.3254        0.863051       0.0502082 
        11.3412        0.863842       0.0502082 
        11.3569        0.864291       0.0502082 
        11.3726        0.864704       0.0502082 
        11.3883        0.864722       0.0502082 
         11.404        0.864838       0.0502082 
        11.4197         0.86519       0.0502082 
        11.4354        0.864981       0.0502082 
        11.4511         0.86574       0.0502082 
        11.4668        0.864997       0.0502082 
        11.4825        0.866533       0.0502082 
        11.4982        0.866348       0.0502082 
         11.514        0.866544       0.0502082 
        11.5297        0.867297       0.0502082 
        11.5454        0.867411       0.0502082 
        11.5611        0.867858       0.0502082 
        11.5768        0.868824       0.0502082 
        11.5925        0.868804       0.0502082 
        11.6082         0.87002       0.0502082 
        11.6239        0.870446       0.0502082 
        11.6396        0.870992       0.0502082 
        11.6553        0.871448       0.0502082 
         11.671        0.871842       0.0502082 
        11.6867        0.872195       0.0502082 
        11.7024        0.872753       0.0502082 
        11.7182        0.874023       0.0502082 
        11.7339        0.874783       0.0502082 
        11.7496        0.874858       0.0502082 
        11.7653        0.874582       0.0502082 
         11.781        0.876907       0.0502082 
        11.7967        0.877986       0.0502082 
        11.8124        0.878455       0.0502082 
        11.8281        0.879766       0.0502082 
        11.8438        0.879952       0.0502082 
        11.8595        0.881386       0.0502082 
        11.8752        0.882063       0.0502082 
         11.891        0.882787       0.0502082 
        11.9067        0.884311       0.0502082 
        11.9224        0.885274       0.0502082 
        11.9381        0.885984       0.0502082 
        11.9538        0.886073       0.0502082 
        11.9695        0.889052       0.0502082 
        11.9852        0.889373       0.0502082 
        12.0009        0.889533       0.0502082 
        12.0166        0.890999       0.0502082 
        12.0323        0.892165       0.0502082 
         12.048        0.893572       0.0502082 
        12.0637        0.893783       0.0502082 
