# k  (h/Mpc)    Pcb(k)  (Mpc/h)^3    Pcb_linear(k) (Mpc/h)^3   ShotnoiseSubtracted = true
      0.0200456         295.714         298.951 
      0.0350414         236.008         234.408 
      0.0492313         185.877         185.723 
      0.0637834         150.109         151.023 
      0.0800726         113.982         114.083 
       0.096163          90.443         89.7337 
       0.111083         76.5151         75.9594 
       0.126058         63.0081         63.1439 
       0.142273         51.3644         51.3825 
       0.158546         43.7833         43.7719 
        0.17375         38.3062          38.083 
       0.188953         32.8767         32.7398 
       0.204907         28.0408          28.341 
       0.220756         25.0541         25.0489 
        0.23588         22.2519         22.2489 
         0.2514         19.7761         19.7143 
       0.267535         17.7039         17.5818 
       0.283568          15.859         15.7988 
       0.299022         14.3458         14.2667 
       0.314451         13.1773          12.935 
       0.330372         11.8853         11.7611 
       0.346141         10.8512         10.7365 
       0.361624         9.91938         9.84024 
       0.377134          9.0974         9.04756 
       0.392932         8.56733         8.33327 
       0.408854         7.76637         7.68922 
       0.424564         7.30866         7.11876 
       0.440253         6.72421         6.60815 
       0.455999         6.19392         6.14648 
       0.471626         5.78136         5.73124 
        0.48727          5.4928         5.35389 
       0.502856         5.14736         5.01192 
       0.518488         4.75413         4.69896 
       0.534347         4.44228         4.40863 
       0.550082         4.23971         4.14486 
       0.565732         4.03578         3.90399 
       0.581496         3.77727         3.68074 
       0.597222         3.56157         3.47542 
       0.612804         3.36196          3.2875 
       0.628434         3.19546         3.11302 
       0.644267         3.04446         2.94922 
       0.660051         2.88812         2.79771 
       0.675724         2.72353         2.65782 
       0.691403         2.59838         2.52748 
       0.707174         2.47323         2.40523 
       0.722871         2.40304         2.29161 
        0.73838         2.24608         2.18658 
       0.754018         2.14578         2.08738 
       0.769845         2.03181         1.99327 
        0.78569         1.96938         1.90488 
       0.801365         1.88731         1.82274 
       0.817031         1.81449         1.74551 
       0.832809         1.72288         1.67227 
       0.848511         1.66163         1.60357 
       0.864097          1.6028         1.53921 
       0.879701         1.54969         1.47834 
       0.895507         1.47047         1.42005 
       0.911279         1.42585         1.36504 
        0.92691         1.38342          1.3134 
       0.942635         1.31272         1.26417 
       0.958396         1.26983         1.21736 
       0.974128         1.22725         1.17302 
       0.989692          1.1826         1.13133 
        1.00528         1.13669         1.09163 
        1.02113         1.10989         1.05321 
        1.03692         1.07462         1.01679 
        1.05264         1.02793        0.982275 
        1.06832         0.99823        0.949421 
        1.08405        0.960178        0.917989 
        1.09979          0.9355        0.887969 
        1.11537        0.900398        0.859594 
        1.13105        0.866905        0.832296 
        1.14679        0.847115        0.806083 
        1.16256        0.822186        0.780953 
        1.17828        0.800696        0.756981 
        1.19395        0.775293          0.7341 
         1.2097        0.750111        0.712052 
        1.22537        0.725238         0.69102 
          1.241        0.706627        0.670903 
        1.25666        0.691744         0.65154 
        1.27241        0.668588        0.632854 
        1.28819         0.64752        0.614871 
        1.30392        0.632427        0.597641 
        1.31957        0.614491        0.581151 
        1.33529         0.59707        0.565225 
        1.35108        0.580372        0.549834 
        1.36674        0.564398        0.535128 
         1.3824        0.553274        0.520976 
        1.39811         0.53582        0.507289 
        1.41389        0.524334        0.494044 
        1.42964        0.510182        0.481295 
        1.44531        0.496584         0.46906 
        1.46101        0.482068        0.457226 
        1.47667        0.472499        0.445836 
        1.49229        0.458668        0.434866 
        1.50793        0.449669        0.424253 
        1.52367        0.436556        0.413928 
        1.53953        0.426175        0.403878 
        1.55526        0.417103        0.394242 
        1.57092          0.4109        0.384962 
        1.58662        0.400583        0.375959 
        1.60235        0.390544        0.367228 
        1.61809        0.380037         0.35877 
        1.63369          0.3708        0.350654 
        1.64941        0.363928        0.342732 
        1.66519        0.356882        0.335027 
        1.68085        0.346676        0.327614 
        1.69652        0.339764        0.320423 
        1.71228        0.331941        0.313408 
        1.72806        0.325729        0.306598 
        1.74368        0.318491        0.300059 
        1.75933        0.312467        0.293699 
        1.77505        0.306606        0.287493 
        1.79081         0.29772        0.281456 
         1.8065        0.293709        0.275618 
        1.82218        0.285647        0.269952 
        1.83797        0.278783        0.264406 
        1.85367        0.274864        0.259047 
        1.86928        0.268448        0.253869 
        1.88497        0.262597        0.248805 
        1.90073        0.257878         0.24386 
        1.91647         0.25372        0.239055 
        1.93218          0.2495        0.234389 
        1.94787         0.24295        0.229855 
        1.96363        0.238773        0.225423 
        1.97935        0.234117        0.221117 
        1.99499        0.229313        0.216948 
        2.01064         0.22542        0.212881 
         2.0264        0.221141        0.208893 
        2.04216        0.216226        0.205009 
        2.05781        0.212686        0.201248 
        2.07353        0.209223        0.197569 
        2.08928         0.20577        0.193973 
        2.10499        0.200954        0.190477 
        2.12065        0.197755        0.187078 
        2.13633        0.194378        0.183758 
        2.15211        0.190987        0.180498 
        2.16785        0.187111        0.177327 
        2.18349         0.18436        0.174251 
        2.19916        0.180215        0.171242 
        2.21489        0.177177        0.168294 
        2.23063        0.174121        0.165414 
         2.2463        0.171632        0.162614 
        2.26194        0.169012        0.159886 
        2.27765        0.165622        0.157207 
        2.29341         0.16265        0.154582 
        2.30914        0.159623        0.152023 
        2.32486        0.157057        0.149523 
        2.34061        0.154509        0.147075 
        2.35635        0.151941        0.144684 
        2.37203        0.151021        0.142355 
        2.38768         0.14724        0.140082 
        2.40339        0.145169         0.13785 
        2.41914        0.142488        0.135662 
        2.43483        0.140549        0.133529 
         2.4505        0.137933        0.131445 
        2.46622        0.135947        0.129399 
        2.48195        0.133822        0.127397 
        2.49759        0.132163        0.125447 
        2.51328        0.128719        0.123533 
        2.52906        0.127446        0.121647 
        2.54479        0.125591        0.119808 
        2.56049        0.123249         0.11801 
        2.57618         0.12223        0.116251 
        2.59189        0.119691        0.114525 
        2.60758         0.11836        0.112836 
        2.62325         0.11602        0.111184 
        2.63898         0.11502        0.109559 
        2.65468        0.112542         0.10797 
        2.67044         0.11114        0.106406 
        2.68618        0.109426        0.104876 
        2.70184        0.108334        0.103383 
        2.71755        0.106239        0.101915 
        2.73329        0.105012        0.100473 
        2.74897        0.103433       0.0990638 
        2.76462         0.10163       0.0976848 
        2.78034        0.100313       0.0963264 
        2.79607       0.0993019       0.0949924 
        2.81179       0.0974067       0.0936852 
        2.82749       0.0963327       0.0924041 
        2.84321        0.094814       0.0911455 
        2.85893       0.0932928       0.0899107 
        2.87462       0.0924459       0.0887009 
        2.89033       0.0908405       0.0875123 
        2.90605       0.0898655       0.0863445 
        2.92176       0.0887397       0.0851985 
        2.93747       0.0872665        0.084074 
        2.95318       0.0864649       0.0829695 
        2.96891        0.085164       0.0818844 
        2.98456       0.0839606       0.0808235 
        3.00023       0.0831891       0.0797799 
        3.01596       0.0814294       0.0787514 
        3.03164       0.0805143        0.077744 
        3.04738       0.0796414       0.0767513 
         3.0631       0.0782861       0.0757763 
        3.07883       0.0775288       0.0748181 
        3.09456       0.0767156       0.0738767 
        3.11026       0.0754787        0.072953 
        3.12596        0.074857       0.0720451 
        3.14163       0.0736557       0.0711548 
        3.15734       0.0730567       0.0702775 
        3.17308       0.0718783       0.0694128 
        3.18879        0.070995       0.0685651 
        3.20447       0.0700758       0.0677327 
         3.2202       0.0693076       0.0669116 
         3.2359       0.0684899       0.0661056 
        3.25157       0.0677416       0.0653148 
        3.26729       0.0667872       0.0645345 
        3.28304       0.0662517       0.0637654 
        3.29877       0.0651629       0.0630099 
        3.31446       0.0644088       0.0622683 
        3.33014       0.0638694       0.0615392 
        3.34585       0.0629192       0.0608207 
        3.36158       0.0622656       0.0601126 
        3.37727       0.0615367        0.059418 
        3.39294       0.0610099       0.0587351 
        3.40867       0.0602706       0.0580603 
        3.42439       0.0595839       0.0573966 
        3.44008       0.0590602       0.0567445 
        3.45578       0.0584356       0.0561021 
        3.47153       0.0578709       0.0554682 
        3.48724       0.0570065       0.0548452 
        3.50292        0.056653       0.0542333 
        3.51859       0.0559006       0.0536309 
        3.53431       0.0552574       0.0530359 
        3.55007       0.0547776       0.0524484 
        3.56577       0.0541436       0.0518721 
        3.58146       0.0536711       0.0513048 
        3.59719       0.0530817       0.0507446 
        3.61292        0.052387        0.050193 
        3.62859       0.0519677       0.0496516 
        3.64429       0.0514934       0.0491172 
        3.66003       0.0510806        0.048589 
        3.67578       0.0506513       0.0480688 
        3.69146       0.0500935       0.0475582 
        3.70712        0.049608       0.0470559 
        3.72284       0.0489648        0.046559 
        3.73853       0.0488179       0.0460701 
        3.75422       0.0480166       0.0455881 
        3.76993        0.047758       0.0451125 
        3.78564       0.0473319        0.044644 
        3.80137       0.0469212       0.0441813 
        3.81707       0.0463534       0.0437261 
        3.83279       0.0458658        0.043277 
        3.84853       0.0455145       0.0428335 
        3.86424       0.0452977       0.0423971 
        3.87992       0.0448082       0.0419673 
        3.89561       0.0442671       0.0415435 
        3.91134        0.043902       0.0411247 
        3.92704       0.0434961       0.0407122 
        3.94273        0.043121       0.0403057 
        3.95845       0.0427738       0.0399041 
        3.97418       0.0422731       0.0395078 
        3.98988       0.0417677       0.0391174 
        4.00554       0.0415519       0.0387334 
        4.02125       0.0411038       0.0383534 
        4.03698       0.0405087       0.0379779 
        4.05268       0.0402952       0.0376083 
        4.06839       0.0396656       0.0372434 
         4.0841       0.0391166       0.0368834 
        4.09983       0.0386189       0.0365277 
        4.11555       0.0381807       0.0361768 
        4.13124       0.0376752       0.0358314 
        4.14693       0.0373656       0.0354903 
        4.16266       0.0367443       0.0351528 
        4.17839       0.0364198         0.03482 
        4.19408       0.0359913       0.0344921 
        4.20977       0.0356311       0.0341684 
        4.22551       0.0352567        0.033848 
        4.24123       0.0348647       0.0335321 
        4.25691       0.0345647       0.0332211 
        4.27259       0.0342126       0.0329139 
        4.28831       0.0339144         0.03261 
        4.30404       0.0335974       0.0323096 
        4.31974        0.033261       0.0320137 
        4.33543       0.0329695       0.0317216 
        4.35116       0.0327043       0.0314325 
        4.36688        0.032474       0.0311471 
        4.38255       0.0321865       0.0308663 
        4.39825       0.0320667       0.0305883 
        4.41398       0.0318476       0.0303132 
         4.4297       0.0316708       0.0300418 
        4.44541        0.031397       0.0297738 
        4.46111        0.031195       0.0295092 
        4.47683       0.0311473       0.0292477 
        4.49251       0.0309309       0.0289898 
        4.50819       0.0308044       0.0287352 
         4.5239       0.0306956       0.0284832 
        4.53962       0.0307045       0.0282339 
        4.55535       0.0305369       0.0279875 
        4.57106       0.0304396       0.0277444 
        4.58678       0.0303126       0.0275041 
         4.6025       0.0302032       0.0272666 
        4.61821       0.0302251        0.027032 
        4.63391       0.0301691       0.0268004 
         4.6496       0.0300921       0.0265716 
        4.66532       0.0300931       0.0263452 
        4.68103        0.030255       0.0261214 
        4.69673       0.0301518       0.0259005 
        4.71241       0.0302234       0.0256824 
        4.72811       0.0301596       0.0254664 
        4.74384       0.0301737       0.0252526 
        4.75955       0.0303609       0.0250416 
        4.77525       0.0303882       0.0248331 
        4.79096       0.0304461       0.0246268 
        4.80669       0.0306174       0.0244227 
         4.8224       0.0307674       0.0242211 
        4.83809       0.0307589        0.024022 
        4.85379       0.0310163        0.023825 
         4.8695       0.0311179       0.0236301 
        4.88521       0.0313149       0.0234375 
        4.90093         0.03149       0.0232469 
        4.91663        0.031693       0.0230587 
        4.93234       0.0318305       0.0228723 
        4.94807       0.0321719       0.0226879 
        4.96377       0.0322039       0.0225058 
        4.97943        0.032704       0.0223262 
        4.99514       0.0328261        0.022148 
        5.01086        0.033106       0.0219716 
        5.02654       0.0334244       0.0217976 
        5.04227       0.0336867        0.021625 
          5.058       0.0340238       0.0214542 
        5.07371       0.0342873       0.0212855 
        5.08942       0.0346345       0.0211186 
        5.10513       0.0350063       0.0209535 
        5.12084         0.03547       0.0207901 
        5.13656       0.0360638       0.0206285 
        5.15225       0.0361766       0.0204688 
        5.16796       0.0367742       0.0203106 
        5.18369       0.0371913       0.0201539 
         5.1994          0.0376       0.0199992 
        5.21509       0.0382737       0.0198462 
        5.23079       0.0385615       0.0196946 
        5.24649       0.0391635       0.0195447 
        5.26217       0.0396056       0.0193965 
        5.27788       0.0403578       0.0192496 
        5.29359       0.0408885       0.0191043 
        5.30933       0.0414321       0.0189602 
        5.32504       0.0421086       0.0188178 
        5.34073       0.0427266        0.018677 
        5.35646       0.0432626       0.0185374 
        5.37218       0.0440596       0.0183993 
        5.38789       0.0447017       0.0182627 
        5.40357       0.0456235       0.0181277 
        5.41929       0.0464669       0.0179937 
        5.43502       0.0471384       0.0178611 
         5.4507       0.0478298       0.0177301 
        5.46639       0.0486111       0.0176005 
        5.48212       0.0494769       0.0174718 
        5.49786       0.0506664       0.0173442 
        5.51353       0.0516544       0.0172186 
        5.52921       0.0521474       0.0170941 
        5.54495       0.0532274       0.0169704 
        5.56066       0.0543869       0.0168481 
        5.57637       0.0553959        0.016727 
        5.59207       0.0563309       0.0166072 
        5.60778       0.0572344       0.0164886 
        5.62346       0.0582624       0.0163712 
        5.63916       0.0597454       0.0162549 
        5.65487       0.0607727       0.0161397 
         5.6706       0.0616975       0.0160255 
        5.68633       0.0628193       0.0159123 
        5.70203       0.0642662       0.0158004 
        5.71773       0.0660014       0.0156896 
        5.73344       0.0674031       0.0155799 
        5.74916       0.0687697       0.0154711 
        5.76486       0.0703642       0.0153634 
        5.78054       0.0722311        0.015257 
        5.79626       0.0730099       0.0151513 
          5.812       0.0751224       0.0150464 
         5.8277       0.0762159       0.0149429 
        5.84339       0.0781016       0.0148403 
        5.85911       0.0796276       0.0147385 
        5.87484       0.0811664       0.0146377 
        5.89053        0.083652        0.014538 
        5.90623       0.0850774       0.0144392 
        5.92195       0.0868632       0.0143412 
        5.93767       0.0891618       0.0142441 
        5.95336       0.0904691        0.014148 
        5.96905        0.092898       0.0140529 
        5.98476       0.0944321       0.0139585 
        6.00048       0.0970224        0.013865 
        6.01617        0.099507       0.0137725 
        6.03185        0.101451       0.0136809 
        6.04756        0.103721       0.0135899 
        6.06331        0.106834       0.0134995 
        6.07903        0.108409       0.0134102 
        6.09473         0.11059       0.0133217 
        6.11044        0.113861        0.013234 
        6.12616        0.116558       0.0131471 
        6.14186        0.118941        0.013061 
        6.15755        0.122096       0.0129757 
        6.17326        0.124394       0.0128911 
        6.18898         0.12824       0.0128073 
        6.20467        0.130385       0.0127243 
        6.22036        0.134518        0.012642 
         6.2361        0.136828       0.0125603 
         6.2518        0.140232       0.0124794 
        6.26748         0.14271       0.0123994 
        6.28319        0.146735       0.0123199 
        6.29893        0.150187        0.012241 
        6.31463        0.153611        0.012163 
        6.33033        0.157107       0.0120856 
        6.34604        0.161149       0.0120089 
        6.36177        0.165344       0.0119327 
        6.37747        0.168318       0.0118574 
        6.39316        0.171999       0.0117828 
        6.40888        0.177184       0.0117086 
         6.4246        0.181864       0.0116351 
        6.44031        0.184459       0.0115622 
        6.45601        0.190023       0.0114901 
        6.47172        0.192762       0.0114185 
        6.48744        0.198577       0.0113475 
        6.50313        0.201922       0.0112772 
        6.51882        0.208474       0.0112075 
        6.53452        0.214135       0.0111384 
        6.55025        0.218706       0.0110697 
        6.56597          0.2218       0.0110016 
        6.58166        0.224855       0.0109343 
        6.59736        0.233141       0.0108674 
        6.61307        0.239316       0.0108011 
         6.6288        0.241417       0.0107353 
         6.6445         0.24905       0.0106701 
         6.6602        0.252978       0.0106054 
        6.67592        0.259826       0.0105413 
        6.69164        0.266162       0.0104776 
        6.70735        0.272261       0.0104146 
        6.72304        0.279283       0.0103521 
        6.73874        0.283186       0.0102901 
        6.75446        0.289807       0.0102285 
        6.77016        0.296533       0.0101675 
        6.78585        0.303015        0.010107 
        6.80156        0.309912        0.010047 
        6.81729        0.315705       0.0099874 
        6.83301        0.322273      0.00992827 
         6.8487        0.333045      0.00986976 
         6.8644        0.336966      0.00981167 
        6.88012        0.341844        0.009754 
        6.89583         0.35029      0.00969684 
        6.91151        0.357491      0.00964021 
        6.92723        0.364569       0.0095839 
        6.94296        0.373422      0.00952802 
        6.95866        0.378522      0.00947268 
        6.97436        0.388999      0.00941778 
        6.99007        0.393684      0.00936329 
        7.00578          0.4012      0.00930923 
        7.02147        0.409928      0.00925566 
        7.03718        0.418055      0.00920246 
         7.0529        0.427751      0.00914962 
        7.06863        0.427319      0.00909718 
        7.08433        0.438916      0.00904522 
        7.10004        0.447328      0.00899368 
        7.11575        0.453946      0.00894253 
        7.13145        0.460757      0.00889179 
        7.14715        0.467911      0.00884145 
        7.16284        0.478348      0.00879156 
        7.17855        0.484064      0.00874195 
        7.19428        0.497256      0.00869268 
        7.20998        0.502318      0.00864388 
        7.22568        0.508628      0.00859546 
        7.24139        0.515832      0.00854738 
        7.25711        0.523879      0.00849966 
        7.27282        0.529229       0.0084523 
        7.28852        0.538243      0.00840536 
        7.30423        0.546559      0.00835872 
        7.31995        0.556634      0.00831244 
        7.33565        0.562231      0.00826654 
        7.35135        0.561884      0.00822098 
        7.36706        0.572933      0.00817577 
        7.38277        0.579798      0.00813087 
        7.39847         0.58842      0.00808633 
        7.41419         0.59294       0.0080421 
         7.4299        0.598223      0.00799821 
        7.44561        0.609277      0.00795465 
        7.46132        0.609768      0.00791142 
        7.47701        0.625296      0.00786856 
        7.49272        0.619208      0.00782597 
        7.50842        0.636981      0.00778371 
         7.5241        0.630712      0.00774182 
        7.53981        0.639722      0.00770018 
        7.55552        0.648386      0.00765882 
        7.57125        0.650867      0.00761773 
        7.58698        0.656418      0.00757693 
        7.60268        0.656625      0.00753651 
         7.6184        0.662099      0.00749635 
        7.63411        0.668319      0.00745649 
        7.64981        0.666549      0.00741694 
        7.66552        0.674273      0.00737768 
        7.68123        0.678739      0.00733868 
        7.69695        0.678421      0.00729995 
        7.71264         0.68116      0.00726156 
        7.72834        0.678001      0.00722343 
        7.74407        0.685622      0.00718551 
        7.75978         0.69421      0.00714788 
        7.77546        0.691184      0.00711061 
        7.79116        0.682084      0.00707357 
         7.8069        0.687812      0.00703671 
         7.8226        0.694351      0.00700017 
        7.83828        0.695577      0.00696395 
        7.85399        0.695582      0.00692794 
        7.86972        0.693654      0.00689211 
        7.88543         0.69794       0.0068566 
        7.90111        0.701899       0.0068214 
        7.91681        0.693564       0.0067864 
        7.93255        0.690584      0.00675157 
        7.94828        0.691777        0.006717 
        7.96397        0.693696      0.00668273 
        7.97967        0.689179      0.00664871 
        7.99538        0.684341       0.0066149 
         8.0111        0.685927      0.00658132 
         8.0268        0.683654      0.00654799 
        8.04248        0.683886      0.00651493 
         8.0582        0.678796      0.00648204 
        8.07393        0.683348      0.00644934 
        8.08963        0.678013      0.00641693 
        8.10533        0.677648      0.00638475 
        8.12104        0.674319      0.00635276 
        8.13675        0.675374        0.006321 
        8.15245        0.668639      0.00628947 
        8.16815        0.669371      0.00625816 
        8.18387         0.65812      0.00622702 
        8.19959        0.661841      0.00619609 
         8.2153        0.652828       0.0061654 
        8.23101        0.656205      0.00613491 
        8.24672         0.65237      0.00610463 
        8.26241        0.651813      0.00607459 
         8.2781        0.647648      0.00604476 
        8.29381        0.639848      0.00601508 
        8.30952        0.640031      0.00598561 
        8.32524        0.639298      0.00595631 
        8.34095        0.637779      0.00592723 
        8.35666        0.634488      0.00589835 
        8.37237        0.625839      0.00586965 
        8.38808        0.629694      0.00584115 
        8.40379        0.619574      0.00581284 
         8.4195        0.616929      0.00578473 
         8.4352        0.617586       0.0057568 
        8.45091        0.613041      0.00572906 
        8.46662        0.606039      0.00570148 
        8.48232        0.608416      0.00567411 
        8.49802        0.602286      0.00564692 
        8.51374        0.600553      0.00561988 
        8.52945         0.59505      0.00559302 
        8.54515        0.596219      0.00556637 
        8.56086        0.586773      0.00553985 
        8.57658        0.590165      0.00551352 
        8.59228        0.582645      0.00548738 
        8.60799        0.583089      0.00546138 
        8.62371        0.580269      0.00543555 
        8.63942        0.576968       0.0054099 
        8.65512        0.578295      0.00538443 
        8.67082        0.568381      0.00535912 
        8.68653        0.570158      0.00533396 
        8.70224        0.565119      0.00530896 
        8.71795        0.565782      0.00528413 
        8.73365        0.560091      0.00525946 
        8.74936        0.557029      0.00523494 
        8.76506        0.555661       0.0052106 
        8.78076        0.550847       0.0051864 
        8.79646        0.551864      0.00516236 
        8.81218        0.547567      0.00513845 
        8.82791        0.546368      0.00511467 
         8.8436         0.54374      0.00509109 
         8.8593        0.543026      0.00506766 
        8.87503        0.538652      0.00504432 
        8.89076        0.538038      0.00502115 
        8.90644        0.537294      0.00499817 
        8.92214        0.530751      0.00497533 
        8.93786        0.535562      0.00495259 
        8.95357         0.52979      0.00493001 
        8.96928        0.530147      0.00490757 
        8.98498        0.526185      0.00488528 
        9.00069        0.525676      0.00486313 
        9.01639        0.526517       0.0048411 
        9.03208         0.52195      0.00481925 
        9.04778        0.524862      0.00479751 
        9.06351        0.522406      0.00477587 
        9.07923        0.520315      0.00475437 
        9.09493        0.523494      0.00473303 
        9.11062        0.519943      0.00471184 
        9.12635        0.520133      0.00469073 
        9.14207        0.517839      0.00466976 
        9.15777         0.51585      0.00464894 
        9.17346        0.516708      0.00462826 
        9.18917        0.513779      0.00460768 
         9.2049        0.517496       0.0045872 
        9.22061        0.514788      0.00456687 
        9.23631          0.5147      0.00454668 
        9.25201        0.513789      0.00452661 
        9.26773        0.512251      0.00450664 
        9.28343        0.513031       0.0044868 
        9.29913        0.512102      0.00446709 
        9.31484        0.514521      0.00444749 
        9.33057        0.511715      0.00442798 
        9.34627        0.513441      0.00440862 
        9.36197        0.514097      0.00438938 
        9.37768        0.513054      0.00437024 
        9.39338        0.518023      0.00435122 
        9.40909        0.513811      0.00433232 
        9.42479        0.516939      0.00431353 
         9.4405        0.516199      0.00429485 
        9.45621         0.51504      0.00427628 
        9.47193        0.517157      0.00425782 
        9.48763        0.516037      0.00423947 
        9.50334        0.519423      0.00422123 
        9.51906         0.51703      0.00420309 
        9.53476        0.518684      0.00418508 
        9.55045        0.522716      0.00416717 
        9.56616        0.518407      0.00414936 
        9.58188        0.525563      0.00413163 
        9.59759        0.522464      0.00411401 
         9.6133        0.524639      0.00409649 
        9.62901         0.52518      0.00407907 
        9.64471         0.52352      0.00406175 
        9.66041        0.531516      0.00404453 
        9.67612        0.527566      0.00402739 
        9.69184        0.532163      0.00401034 
        9.70754        0.531867      0.00399342 
        9.72324        0.530509      0.00397659 
        9.73895        0.537979      0.00395987 
        9.75467        0.533755      0.00394324 
        9.77038        0.542414      0.00392673 
        9.78607        0.538214      0.00391034 
        9.80177        0.539949      0.00389406 
        9.81749        0.544844      0.00387787 
         9.8332        0.537356      0.00386181 
         9.8489        0.550263      0.00384586 
        9.86463        0.543412      0.00382998 
        9.88035        0.551522      0.00381419 
        9.89606        0.549378       0.0037985 
        9.91175        0.549837      0.00378288 
        9.92745        0.556617      0.00376731 
        9.94317        0.550937      0.00375177 
        9.95888        0.559463      0.00373627 
        9.97458        0.558786       0.0037208 
        9.99029        0.560029      0.00370534 
         10.006        0.563348       0.0036958 
        10.0217        0.559903       0.0036958 
        10.0374        0.569652       0.0036958 
        10.0531         0.56631       0.0036958 
        10.0688        0.568587       0.0036958 
        10.0845        0.573882       0.0036958 
        10.1002        0.569845       0.0036958 
        10.1159        0.579873       0.0036958 
        10.1317         0.57358       0.0036958 
        10.1474        0.582204       0.0036958 
        10.1631        0.580415       0.0036958 
        10.1788        0.580491       0.0036958 
        10.1945        0.589016       0.0036958 
        10.2102        0.582157       0.0036958 
        10.2259        0.593292       0.0036958 
        10.2416        0.587688       0.0036958 
        10.2573        0.590991       0.0036958 
         10.273        0.595817       0.0036958 
        10.2887        0.589459       0.0036958 
        10.3044        0.603877       0.0036958 
        10.3201        0.594623       0.0036958 
        10.3359         0.60114       0.0036958 
        10.3516        0.603754       0.0036958 
        10.3673        0.601251       0.0036958 
         10.383        0.610082       0.0036958 
        10.3987        0.601568       0.0036958 
        10.4144         0.61425       0.0036958 
        10.4301        0.609905       0.0036958 
        10.4458         0.61207       0.0036958 
        10.4615        0.615776       0.0036958 
        10.4772        0.609212       0.0036958 
        10.4929        0.623788       0.0036958 
        10.5086        0.616247       0.0036958 
        10.5244        0.619652       0.0036958 
        10.5401        0.624813       0.0036958 
        10.5558        0.618026       0.0036958 
        10.5715        0.628204       0.0036958 
        10.5872        0.619824       0.0036958 
        10.6029        0.630032       0.0036958 
        10.6186        0.629948       0.0036958 
        10.6343        0.626354       0.0036958 
          10.65        0.632679       0.0036958 
        10.6657        0.626563       0.0036958 
        10.6814        0.639764       0.0036958 
        10.6971        0.631448       0.0036958 
        10.7129        0.638274       0.0036958 
        10.7286        0.640239       0.0036958 
        10.7443        0.631268       0.0036958 
          10.76        0.643866       0.0036958 
        10.7757        0.637244       0.0036958 
        10.7914         0.64524       0.0036958 
        10.8071        0.641761       0.0036958 
        10.8228         0.64041       0.0036958 
        10.8385        0.649336       0.0036958 
        10.8542        0.640017       0.0036958 
        10.8699         0.65037       0.0036958 
        10.8856        0.646151       0.0036958 
        10.9014        0.645233       0.0036958 
        10.9171        0.650971       0.0036958 
        10.9328        0.643991       0.0036958 
        10.9485        0.656595       0.0036958 
        10.9642        0.646728       0.0036958 
        10.9799        0.653367       0.0036958 
        10.9956        0.655823       0.0036958 
        11.0113        0.646215       0.0036958 
         11.027         0.65925       0.0036958 
        11.0427        0.650105       0.0036958 
        11.0584        0.658399       0.0036958 
        11.0741        0.654754       0.0036958 
        11.0898         0.65308       0.0036958 
        11.1055        0.660597       0.0036958 
        11.1212        0.650786       0.0036958 
         11.137        0.663396       0.0036958 
        11.1527        0.655329       0.0036958 
        11.1684        0.658671       0.0036958 
        11.1841        0.660233       0.0036958 
        11.1998        0.652676       0.0036958 
        11.2155        0.664032       0.0036958 
        11.2312        0.656672       0.0036958 
        11.2469        0.660964       0.0036958 
        11.2626        0.660029       0.0036958 
        11.2783        0.658605       0.0036958 
         11.294        0.663706       0.0036958 
        11.3097        0.656528       0.0036958 
        11.3254        0.666631       0.0036958 
        11.3412        0.659015       0.0036958 
        11.3569        0.662197       0.0036958 
        11.3726         0.66564       0.0036958 
        11.3883        0.658278       0.0036958 
         11.404        0.668237       0.0036958 
        11.4197        0.660492       0.0036958 
        11.4354        0.665309       0.0036958 
        11.4511        0.664519       0.0036958 
        11.4668        0.661504       0.0036958 
        11.4825        0.668095       0.0036958 
        11.4982        0.659584       0.0036958 
         11.514        0.667506       0.0036958 
        11.5297        0.662577       0.0036958 
        11.5454        0.662828       0.0036958 
        11.5611        0.668796       0.0036958 
        11.5768        0.659374       0.0036958 
        11.5925        0.670618       0.0036958 
        11.6082        0.664226       0.0036958 
        11.6239        0.667173       0.0036958 
        11.6396        0.669245       0.0036958 
        11.6553         0.66245       0.0036958 
         11.671         0.67226       0.0036958 
        11.6867        0.663039       0.0036958 
        11.7024        0.669448       0.0036958 
        11.7182         0.66591       0.0036958 
        11.7339        0.667496       0.0036958 
        11.7496        0.670273       0.0036958 
        11.7653        0.663555       0.0036958 
         11.781        0.672265       0.0036958 
        11.7967        0.667212       0.0036958 
        11.8124        0.666926       0.0036958 
        11.8281        0.671079       0.0036958 
        11.8438        0.666001       0.0036958 
        11.8595        0.673175       0.0036958 
        11.8752        0.667029       0.0036958 
         11.891        0.670445       0.0036958 
        11.9067        0.671721       0.0036958 
        11.9224        0.669856       0.0036958 
        11.9381        0.672827       0.0036958 
        11.9538        0.667743       0.0036958 
        11.9695        0.675312       0.0036958 
        11.9852        0.670565       0.0036958 
        12.0009        0.670896       0.0036958 
        12.0166        0.673469       0.0036958 
        12.0323        0.669003       0.0036958 
         12.048        0.678116       0.0036958 
        12.0637        0.668516       0.0036958 
