# k  (h/Mpc)    Pcb(k)  (Mpc/h)^3    Pcb_linear(k) (Mpc/h)^3   ShotnoiseSubtracted = true
      0.0200456         1168.22         1180.87 
      0.0350414         935.882          925.92 
      0.0492313         733.337         733.614 
      0.0637834         589.663         596.545 
      0.0800726         447.554         450.632 
       0.096163         358.832         354.451 
       0.111083         304.537         300.042 
       0.126058         248.504         249.421 
       0.142273         202.893         202.963 
       0.158546         173.767         172.901 
        0.17375         152.789         150.429 
       0.188953         131.505         129.323 
       0.204907         111.016         111.948 
       0.220756         100.248         98.9442 
        0.23588         89.0729         87.8839 
         0.2514         79.2821         77.8721 
       0.267535         71.8367         69.4487 
       0.283568         64.0855         62.4057 
       0.299022         58.5012         56.3541 
       0.314451         54.4372         51.0939 
       0.330372          48.703         46.4568 
       0.346141         44.5876         42.4096 
       0.361624          40.911         38.8693 
       0.377134         37.4769         35.7382 
       0.392932         35.9025         32.9167 
       0.408854         32.5164         30.3727 
       0.424564         31.0129         28.1194 
       0.440253          28.364         26.1024 
       0.455999         25.9533         24.2788 
       0.471626          24.398         22.6386 
        0.48727         23.5666          21.148 
       0.502856         22.0654         19.7973 
       0.518488         20.4169          18.561 
       0.534347          19.142         17.4143 
       0.550082         18.3807         16.3723 
       0.565732         17.6006         15.4209 
       0.581496         16.5692          14.539 
       0.597222         15.5973          13.728 
       0.612804         14.7596         12.9857 
       0.628434         14.3222         12.2965 
       0.644267         13.6031         11.6495 
       0.660051         12.8835          11.051 
       0.675724         12.2042         10.4985 
       0.691403         11.8248         9.98364 
       0.707174         11.2834         9.50074 
       0.722871          10.978         9.05193 
        0.73838         10.2858         8.63709 
       0.754018         9.82705         8.24522 
       0.769845         9.40293         7.87347 
        0.78569         9.15956         7.52436 
       0.801365         8.75815         7.19989 
       0.817031         8.47679         6.89481 
       0.832809         8.07621         6.60552 
       0.848511          7.8577         6.33416 
       0.864097         7.56909         6.07995 
       0.879701         7.38879          5.8395 
       0.895507         7.09024         5.60925 
       0.911279         6.82084         5.39194 
        0.92691         6.63165         5.18798 
       0.942635         6.38767          4.9935 
       0.958396         6.17056         4.80861 
       0.974128         6.02183         4.63346 
       0.989692         5.74919         4.46881 
        1.00528         5.65476         4.31196 
        1.02113         5.48246         4.16021 
        1.03692         5.33411         4.01637 
        1.05264         5.14065         3.88002 
        1.06832         5.01115         3.75024 
        1.08405         4.88005         3.62609 
        1.09979         4.75822         3.50751 
        1.11537          4.6235         3.39543 
        1.13105         4.48547          3.2876 
        1.14679         4.37386         3.18406 
        1.16256         4.23876         3.08479 
        1.17828         4.18344          2.9901 
        1.19395         4.03384         2.89972 
         1.2097         3.92178         2.81263 
        1.22537         3.80651         2.72955 
          1.241         3.73171         2.65009 
        1.25666         3.68538         2.57361 
        1.27241         3.60098         2.49979 
        1.28819         3.46144         2.42876 
        1.30392         3.38338          2.3607 
        1.31957         3.33783         2.29557 
        1.33529         3.22258         2.23266 
        1.35108         3.16036         2.17186 
        1.36674         3.08362         2.11378 
         1.3824         3.04716         2.05787 
        1.39811         2.96329         2.00381 
        1.41389         2.89263         1.95149 
        1.42964         2.84098         1.90113 
        1.44531         2.79065          1.8528 
        1.46101         2.72776         1.80606 
        1.47667          2.6762         1.76107 
        1.49229         2.59034         1.71773 
        1.50793          2.5339         1.67582 
        1.52367         2.49214         1.63503 
        1.53953         2.43178         1.59533 
        1.55526         2.43469         1.55727 
        1.57092         2.36853         1.52061 
        1.58662         2.34354         1.48505 
        1.60235         2.26731         1.45056 
        1.61809         2.23416         1.41715 
        1.63369         2.18911          1.3851 
        1.64941         2.15359          1.3538 
        1.66519         2.12244         1.32337 
        1.68085         2.07317         1.29408 
        1.69652         2.03861         1.26568 
        1.71228         1.99904         1.23797 
        1.72806         1.97045         1.21107 
        1.74368         1.93846         1.18525 
        1.75933          1.9093         1.16012 
        1.77505         1.87496         1.13561 
        1.79081         1.83542         1.11176 
         1.8065         1.81315          1.0887 
        1.82218          1.7739         1.06632 
        1.83797         1.74457         1.04441 
        1.85367         1.71999         1.02325 
        1.86928         1.69415         1.00279 
        1.88497         1.65895        0.982788 
        1.90073         1.64699        0.963256 
        1.91647         1.60839        0.944274 
        1.93218         1.58909        0.925844 
        1.94787         1.56487        0.907934 
        1.96363         1.54436        0.890428 
        1.97935         1.51666         0.87342 
        1.99499         1.49513        0.856953 
        2.01064         1.47498        0.840887 
         2.0264         1.44611        0.825133 
        2.04216         1.43298        0.809791 
        2.05781         1.40514        0.794937 
        2.07353         1.39509        0.780403 
        2.08928         1.37063        0.766201 
        2.10499         1.34935        0.752391 
        2.12065         1.33052        0.738963 
        2.13633         1.31358        0.725852 
        2.15211         1.29025        0.712975 
        2.16785         1.27787        0.700446 
        2.18349          1.2556        0.688298 
        2.19916         1.24484        0.676412 
        2.21489         1.22819        0.664769 
        2.23063         1.20339        0.653391 
         2.2463         1.18845        0.642332 
        2.26194         1.17809        0.631556 
        2.27765         1.15778        0.620973 
        2.29341         1.14561        0.610605 
        2.30914         1.12431        0.600495 
        2.32486         1.11724         0.59062 
        2.34061         1.10371        0.580951 
        2.35635         1.08829        0.571508 
        2.37203         1.07302        0.562307 
        2.38768         1.06199        0.553328 
        2.40339         1.05273        0.544513 
        2.41914         1.03828        0.535869 
        2.43483          1.0251        0.527444 
         2.4505         1.01045        0.519214 
        2.46622        0.997889        0.511132 
        2.48195        0.986859        0.503221 
        2.49759        0.975022         0.49552 
        2.51328         0.96211        0.487961 
        2.52906        0.954907        0.480511 
        2.54479        0.939395        0.473245 
        2.56049        0.930926        0.466144 
        2.57618        0.919793        0.459194 
        2.59189        0.910148        0.452376 
        2.60758        0.900387        0.445707 
        2.62325        0.888556         0.43918 
        2.63898        0.880462        0.432762 
        2.65468        0.866984        0.426486 
        2.67044        0.861701        0.420307 
        2.68618        0.854173        0.414265 
        2.70184        0.840265        0.408366 
        2.71755        0.834842        0.402567 
        2.73329        0.825684        0.396872 
        2.74897        0.814826        0.391306 
        2.76462         0.80502        0.385859 
        2.78034        0.799796        0.380493 
        2.79607        0.791257        0.375223 
        2.81179        0.780693         0.37006 
        2.82749         0.77359        0.364999 
        2.84321         0.76525        0.360028 
        2.85893          0.7557         0.35515 
        2.87462        0.748854        0.350372 
        2.89033        0.745001        0.345677 
        2.90605        0.737893        0.341064 
        2.92176        0.729299        0.336537 
        2.93747        0.722321        0.332095 
        2.95318        0.713953        0.327733 
        2.96891        0.710864        0.323446 
        2.98456         0.69797        0.319256 
        3.00023         0.69322        0.315133 
        3.01596        0.688024        0.311071 
        3.03164        0.681787        0.307092 
        3.04738        0.674267         0.30317 
         3.0631        0.666158        0.299319 
        3.07883        0.662467        0.295534 
        3.09456        0.656981        0.291816 
        3.11026        0.649845        0.288167 
        3.12596        0.644024        0.284581 
        3.14163         0.64221        0.281064 
        3.15734        0.634417        0.277598 
        3.17308        0.627057        0.274183 
        3.18879        0.624972        0.270834 
        3.20447        0.617027        0.267547 
         3.2202        0.609479        0.264303 
         3.2359        0.606366        0.261119 
        3.25157        0.598405        0.257996 
        3.26729        0.596739        0.254913 
        3.28304        0.591452        0.251876 
        3.29877        0.585508        0.248891 
        3.31446        0.583371        0.245962 
        3.33014        0.574991        0.243082 
        3.34585        0.571488        0.240244 
        3.36158        0.566432        0.237447 
        3.37727        0.563825        0.234703 
        3.39294        0.559803        0.232006 
        3.40867        0.553653         0.22934 
        3.42439        0.549751        0.226719 
        3.44008         0.54496        0.224143 
        3.45578        0.540441        0.221605 
        3.47153        0.537744        0.219101 
        3.48724        0.533094        0.216641 
        3.50292         0.52862        0.214223 
        3.51859         0.52586        0.211844 
        3.53431        0.521135        0.209494 
        3.55007        0.517198        0.207173 
        3.56577        0.513733        0.204897 
        3.58146        0.510278        0.202656 
        3.59719        0.505781        0.200443 
        3.61292        0.501646        0.198264 
        3.62859        0.498741        0.196126 
        3.64429        0.494463        0.194015 
        3.66003        0.491038        0.191928 
        3.67578         0.48812        0.189873 
        3.69146        0.483988        0.187856 
        3.70712        0.482424        0.185872 
        3.72284         0.47901         0.18391 
        3.73853        0.475025        0.181979 
        3.75422        0.471328        0.180075 
        3.76993        0.467595        0.178196 
        3.78564        0.463997        0.176345 
        3.80137          0.4618        0.174518 
        3.81707        0.458751         0.17272 
        3.83279        0.455537        0.170946 
        3.84853        0.451368        0.169194 
        3.86424        0.449481         0.16747 
        3.87992        0.446947        0.165772 
        3.89561        0.443455        0.164098 
        3.91134        0.439897        0.162444 
        3.92704        0.436512        0.160815 
        3.94273        0.434785        0.159209 
        3.95845        0.432894        0.157622 
        3.97418        0.430533        0.156057 
        3.98988        0.426403        0.154515 
        4.00554        0.422278        0.152998 
        4.02125        0.419903        0.151497 
        4.03698         0.41626        0.150014 
        4.05268        0.410677        0.148554 
        4.06839        0.409176        0.147113 
         4.0841        0.404721        0.145691 
        4.09983        0.401721        0.144286 
        4.11555        0.398811        0.142899 
        4.13124        0.395911        0.141535 
        4.14693        0.392845        0.140188 
        4.16266        0.387882        0.138855 
        4.17839        0.385416         0.13754 
        4.19408        0.383207        0.136245 
        4.20977        0.380314        0.134966 
        4.22551        0.377257        0.133701 
        4.24123        0.374269        0.132453 
        4.25691        0.372174        0.131224 
        4.27259        0.368849        0.130011 
        4.28831        0.367338        0.128811 
        4.30404         0.36438        0.127624 
        4.31974        0.362002        0.126455 
        4.33543        0.359393        0.125301 
        4.35116        0.357466        0.124159 
        4.36688        0.355135        0.123032 
        4.38255        0.352447        0.121923 
        4.39825        0.350838        0.120825 
        4.41398        0.348693        0.119738 
         4.4297         0.34722        0.118666 
        4.44541        0.344343        0.117607 
        4.46111         0.34336        0.116562 
        4.47683         0.34256        0.115529 
        4.49251        0.339533        0.114511 
        4.50819        0.338648        0.113505 
         4.5239        0.336912         0.11251 
        4.53962        0.334691        0.111525 
        4.55535        0.333929        0.110552 
        4.57106        0.333286        0.109591 
        4.58678        0.330358        0.108642 
         4.6025        0.329973        0.107704 
        4.61821        0.329009        0.106777 
        4.63391        0.328078        0.105863 
         4.6496        0.326354        0.104959 
        4.66532        0.325485        0.104064 
        4.68103        0.323787        0.103181 
        4.69673        0.323215        0.102308 
        4.71241        0.322133        0.101446 
        4.72811        0.322257        0.100593 
        4.74384        0.321131       0.0997487 
        4.75955        0.319985       0.0989152 
        4.77525        0.319195       0.0980918 
        4.79096        0.319047       0.0972766 
        4.80669        0.318295       0.0964704 
         4.8224        0.317405       0.0956742 
        4.83809        0.317126       0.0948878 
        4.85379        0.316153       0.0941098 
         4.8695        0.316824       0.0933398 
        4.88521        0.316228       0.0925788 
        4.90093        0.316092       0.0918262 
        4.91663        0.315467       0.0910826 
        4.93234        0.314634       0.0903465 
        4.94807        0.314787        0.089618 
        4.96377          0.3148       0.0888989 
        4.97943        0.314816       0.0881891 
        4.99514        0.313714       0.0874853 
        5.01086        0.315635       0.0867887 
        5.02654        0.314632       0.0861014 
        5.04227        0.314463       0.0854195 
          5.058        0.315767       0.0847447 
        5.07371        0.314787       0.0840785 
        5.08942        0.316678       0.0834193 
        5.10513        0.316378       0.0827672 
        5.12084        0.316049       0.0821217 
        5.13656        0.315967       0.0814832 
        5.15225        0.317476       0.0808526 
        5.16796        0.317751       0.0802276 
        5.18369        0.317622       0.0796087 
         5.1994        0.319585       0.0789974 
        5.21509        0.318947       0.0783931 
        5.23079        0.319618       0.0777944 
        5.24649         0.32019       0.0772024 
        5.26217        0.320911        0.076617 
        5.27788        0.322551       0.0760368 
        5.29359        0.323171       0.0754625 
        5.30933        0.323353       0.0748933 
        5.32504        0.324466       0.0743309 
        5.34073        0.326078        0.073775 
        5.35646        0.326793       0.0732236 
        5.37218        0.327976       0.0726777 
        5.38789        0.327557       0.0721383 
        5.40357        0.330149       0.0716049 
        5.41929        0.330774       0.0710758 
        5.43502        0.331718       0.0705519 
         5.4507        0.333115       0.0700346 
        5.46639        0.333736       0.0695224 
        5.48212        0.334867       0.0690141 
        5.49786        0.335904       0.0685103 
        5.51353        0.338337        0.068014 
        5.52921        0.338995       0.0675221 
        5.54495        0.340907       0.0670337 
        5.56066        0.341062       0.0665506 
        5.57637        0.342344       0.0660723 
        5.59207        0.344949       0.0655992 
        5.60778        0.345227       0.0651305 
        5.62346        0.348206        0.064667 
        5.63916        0.348771       0.0642076 
        5.65487        0.349469       0.0637524 
         5.6706        0.351002       0.0633011 
        5.68633        0.353596        0.062854 
        5.70203        0.356341       0.0624122 
        5.71773        0.356178       0.0619746 
        5.73344        0.358541       0.0615411 
        5.74916        0.360432       0.0611112 
        5.76486        0.362007       0.0606861 
        5.78054        0.362999       0.0602656 
        5.79626        0.364614        0.059848 
          5.812        0.367563       0.0594339 
         5.8277        0.368873       0.0590249 
        5.84339          0.3697       0.0586198 
        5.85911        0.373121       0.0582177 
        5.87484        0.373812       0.0578194 
        5.89053        0.376193       0.0574257 
        5.90623        0.377064       0.0570354 
        5.92195        0.379366       0.0566481 
        5.93767        0.381132       0.0562646 
        5.95336        0.382595       0.0558852 
        5.96905        0.384259       0.0555095 
        5.98476        0.386695       0.0551368 
        6.00048        0.387278       0.0547673 
        6.01617        0.390373       0.0544017 
        6.03185        0.391088       0.0540399 
        6.04756        0.393119       0.0536805 
        6.06331        0.395761       0.0533236 
        6.07903        0.397469       0.0529707 
        6.09473         0.39889       0.0526213 
        6.11044         0.39977       0.0522748 
        6.12616        0.402439       0.0519314 
        6.14186        0.403247       0.0515915 
        6.15755        0.406949       0.0512546 
        6.17326        0.408327       0.0509204 
        6.18898        0.409146       0.0505891 
        6.20467        0.410935       0.0502613 
        6.22036        0.413772       0.0499365 
         6.2361         0.41324       0.0496136 
         6.2518        0.417262       0.0492941 
        6.26748        0.417972       0.0489782 
        6.28319        0.421281       0.0486641 
        6.29893        0.423504       0.0483525 
        6.31463         0.42372       0.0480442 
        6.33033        0.426066       0.0477386 
        6.34604        0.428142       0.0474355 
        6.36177          0.4288       0.0471348 
        6.37747        0.430216       0.0468372 
        6.39316         0.43247       0.0465423 
        6.40888        0.432937       0.0462494 
         6.4246        0.435273        0.045959 
        6.44031        0.437208       0.0456713 
        6.45601        0.439517       0.0453864 
        6.47172        0.439623       0.0451035 
        6.48744        0.443269        0.044823 
        6.50313        0.443203       0.0445453 
        6.51882        0.444841       0.0442701 
        6.53452         0.44499       0.0439969 
        6.55025        0.447684       0.0437256 
        6.56597        0.447874       0.0434569 
        6.58166        0.450785       0.0431908 
        6.59736        0.451569       0.0429268 
        6.61307        0.454377       0.0426647 
         6.6288        0.455054       0.0424047 
         6.6445        0.457831       0.0421472 
         6.6602        0.458546       0.0418919 
        6.67592         0.45822       0.0416384 
        6.69164        0.460705       0.0413871 
        6.70735        0.462931       0.0411379 
        6.72304        0.463135        0.040891 
        6.73874        0.463714       0.0406461 
        6.75446        0.466658       0.0404029 
        6.77016        0.467343       0.0401621 
        6.78585        0.469008       0.0399231 
        6.80156        0.470952       0.0396861 
        6.81729        0.471004       0.0394506 
        6.83301        0.471697        0.039217 
         6.8487        0.473799       0.0389859 
         6.8644        0.474021       0.0387564 
        6.88012        0.476521       0.0385286 
        6.89583        0.476067       0.0383029 
        6.91151        0.477608       0.0380792 
        6.92723          0.4784       0.0378568 
        6.94296        0.480419        0.037636 
        6.95866        0.480604       0.0374174 
        6.97436        0.482853       0.0372006 
        6.99007        0.481411       0.0369853 
        7.00578        0.483945       0.0367718 
        7.02147        0.484907       0.0365602 
        7.03718        0.487032         0.03635 
         7.0529        0.488298       0.0361413 
        7.06863        0.488238       0.0359342 
        7.08433        0.488996       0.0357289 
        7.10004         0.48892       0.0355254 
        7.11575        0.492095       0.0353233 
        7.13145        0.491215       0.0351229 
        7.14715        0.492307        0.034924 
        7.16284         0.49337        0.034727 
        7.17855        0.493078        0.034531 
        7.19428        0.496879       0.0343364 
        7.20998         0.49651       0.0341436 
        7.22568        0.496713       0.0339524 
        7.24139         0.49794       0.0337625 
        7.25711        0.498621        0.033574 
        7.27282        0.498372       0.0333869 
        7.28852        0.497899       0.0332015 
        7.30423        0.501206       0.0330172 
        7.31995         0.50203       0.0328344 
        7.33565        0.501329       0.0326531 
        7.35135        0.502958       0.0324732 
        7.36706        0.503877       0.0322946 
        7.38277        0.503306       0.0321172 
        7.39847        0.504604       0.0319413 
        7.41419        0.507141       0.0317666 
         7.4299          0.5061       0.0315932 
        7.44561        0.506016       0.0314211 
        7.46132        0.507994       0.0312504 
        7.47701        0.508548       0.0310811 
        7.49272        0.508296       0.0309129 
        7.50842         0.50947       0.0307459 
         7.5241        0.510577       0.0305805 
        7.53981        0.510363        0.030416 
        7.55552        0.511686       0.0302526 
        7.57125        0.512252       0.0300903 
        7.58698        0.512504       0.0299291 
        7.60268        0.512741       0.0297695 
         7.6184        0.513258       0.0296108 
        7.63411        0.514727       0.0294534 
        7.64981        0.515252       0.0292972 
        7.66552        0.514194       0.0291421 
        7.68123         0.51597       0.0289881 
        7.69695        0.515996       0.0288351 
        7.71264        0.517016       0.0286834 
        7.72834        0.517024       0.0285328 
        7.74407        0.517955        0.028383 
        7.75978        0.518081       0.0282344 
        7.77546          0.5193       0.0280872 
        7.79116        0.517913       0.0279409 
         7.8069        0.520415       0.0277952 
         7.8226        0.519137       0.0276509 
        7.83828        0.521081       0.0275079 
        7.85399        0.520631       0.0273656 
        7.86972        0.520939       0.0272241 
        7.88543        0.521968       0.0270838 
        7.90111        0.521733       0.0269448 
        7.91681        0.522876       0.0268065 
        7.93255        0.522943       0.0266689 
        7.94828        0.524188       0.0265324 
        7.96397        0.524491        0.026397 
        7.97967        0.523532       0.0262626 
        7.99538        0.524954       0.0261291 
         8.0111        0.525153       0.0259964 
         8.0268        0.525476       0.0258648 
        8.04248        0.527006       0.0257342 
         8.0582        0.526556       0.0256043 
        8.07393        0.527415       0.0254751 
        8.08963         0.52682       0.0253471 
        8.10533        0.528966         0.02522 
        8.12104        0.528908       0.0250936 
        8.13675        0.530166       0.0249682 
        8.15245        0.529554       0.0248436 
        8.16815        0.530925         0.02472 
        8.18387        0.531637        0.024597 
        8.19959        0.532299       0.0244748 
         8.2153        0.534474       0.0243535 
        8.23101        0.534548       0.0242331 
        8.24672        0.534505       0.0241135 
        8.26241         0.53731       0.0239949 
         8.2781        0.536158        0.023877 
        8.29381        0.536495       0.0237598 
        8.30952        0.537305       0.0236434 
        8.32524        0.537997       0.0235276 
        8.34095        0.539271       0.0234128 
        8.35666        0.539652       0.0232987 
        8.37237        0.541289       0.0231853 
        8.38808        0.541011       0.0230727 
        8.40379        0.541918       0.0229609 
         8.4195         0.54195       0.0228499 
         8.4352        0.542215       0.0227396 
        8.45091        0.544176         0.02263 
        8.46662        0.543656       0.0225211 
        8.48232        0.545872       0.0224129 
        8.49802        0.545231       0.0223055 
        8.51374        0.546305       0.0221987 
        8.52945        0.547203       0.0220926 
        8.54515        0.546378       0.0219873 
        8.56086        0.547212       0.0218826 
        8.57658        0.548221       0.0217786 
        8.59228        0.550087       0.0216753 
        8.60799        0.550354       0.0215726 
        8.62371        0.550957       0.0214706 
        8.63942        0.551644       0.0213693 
        8.65512        0.551658       0.0212687 
        8.67082        0.551791       0.0211687 
        8.68653        0.552589       0.0210693 
        8.70224        0.553321       0.0209706 
        8.71795        0.553965       0.0208725 
        8.73365        0.554481        0.020775 
        8.74936        0.555853       0.0206782 
        8.76506        0.556031        0.020582 
        8.78076        0.556092       0.0204865 
        8.79646        0.557205       0.0203915 
        8.81218        0.557291       0.0202971 
        8.82791        0.557293       0.0202031 
         8.8436        0.558035         0.02011 
         8.8593        0.559365       0.0200174 
        8.87503        0.559714       0.0199253 
        8.89076        0.559886       0.0198337 
        8.90644         0.56155        0.019743 
        8.92214        0.560699       0.0196527 
        8.93786        0.563649       0.0195629 
        8.95357        0.562061       0.0194737 
        8.96928        0.564283       0.0193851 
        8.98498        0.563893        0.019297 
        9.00069        0.564868       0.0192095 
        9.01639        0.565593       0.0191225 
        9.03208        0.565966       0.0190362 
        9.04778        0.566196       0.0189503 
        9.06351        0.566713       0.0188649 
        9.07923        0.566894       0.0187799 
        9.09493        0.567497       0.0186957 
        9.11062        0.567926       0.0186119 
        9.12635        0.568979       0.0185286 
        9.14207        0.570256       0.0184457 
        9.15777        0.569826       0.0183635 
        9.17346        0.570943       0.0182818 
        9.18917        0.570738       0.0182005 
         9.2049        0.571944       0.0181196 
        9.22061        0.571618       0.0180393 
        9.23631         0.57352       0.0179595 
        9.25201        0.572793       0.0178803 
        9.26773        0.573662       0.0178014 
        9.28343        0.575098        0.017723 
        9.29913        0.574856       0.0176452 
        9.31484        0.576226       0.0175678 
        9.33057        0.576336       0.0174907 
        9.34627        0.576504       0.0174142 
        9.36197        0.577241       0.0173382 
        9.37768        0.577416       0.0172626 
        9.39338        0.579666       0.0171875 
        9.40909         0.57928       0.0171128 
        9.42479        0.578886       0.0170386 
         9.4405        0.579591       0.0169648 
        9.45621        0.580796       0.0168914 
        9.47193        0.581497       0.0168185 
        9.48763        0.581085       0.0167461 
        9.50334        0.581603        0.016674 
        9.51906        0.582748       0.0166024 
        9.53476        0.583618       0.0165312 
        9.55045        0.584175       0.0164605 
        9.56616        0.584297       0.0163901 
        9.58188        0.585227       0.0163201 
        9.59759         0.58572       0.0162505 
         9.6133        0.586893       0.0161813 
        9.62901        0.586651       0.0161125 
        9.64471        0.586033       0.0160441 
        9.66041        0.588344        0.015976 
        9.67612        0.587418       0.0159083 
        9.69184        0.588605        0.015841 
        9.70754        0.588567       0.0157741 
        9.72324        0.590178       0.0157077 
        9.73895        0.590066       0.0156416 
        9.75467        0.589944       0.0155759 
        9.77038        0.592866       0.0155107 
        9.78607        0.591495        0.015446 
        9.80177        0.592871       0.0153817 
        9.81749        0.592324       0.0153177 
         9.8332         0.59375       0.0152543 
         9.8489        0.595388       0.0151913 
        9.86463        0.594661       0.0151286 
        9.88035        0.594632       0.0150662 
        9.89606        0.596031       0.0150042 
        9.91175        0.595551       0.0149425 
        9.92745        0.597345        0.014881 
        9.94317        0.596841       0.0148196 
        9.95888        0.598422       0.0147584 
        9.97458        0.598904       0.0146973 
        9.99029        0.598574       0.0146362 
         10.006        0.598626       0.0145985 
        10.0217        0.599999       0.0145985 
        10.0374        0.601421       0.0145985 
        10.0531        0.601417       0.0145985 
        10.0688        0.602542       0.0145985 
        10.0845        0.602558       0.0145985 
        10.1002        0.602323       0.0145985 
        10.1159        0.604486       0.0145985 
        10.1317        0.604339       0.0145985 
        10.1474        0.604927       0.0145985 
        10.1631        0.605444       0.0145985 
        10.1788        0.605353       0.0145985 
        10.1945        0.607036       0.0145985 
        10.2102        0.606692       0.0145985 
        10.2259        0.607778       0.0145985 
        10.2416        0.608245       0.0145985 
        10.2573        0.608528       0.0145985 
         10.273        0.610004       0.0145985 
        10.2887        0.610323       0.0145985 
        10.3044        0.610856       0.0145985 
        10.3201        0.610489       0.0145985 
        10.3359        0.612169       0.0145985 
        10.3516        0.611812       0.0145985 
        10.3673        0.612342       0.0145985 
         10.383        0.614136       0.0145985 
        10.3987        0.614309       0.0145985 
        10.4144        0.614502       0.0145985 
        10.4301         0.61489       0.0145985 
        10.4458        0.616202       0.0145985 
        10.4615        0.616611       0.0145985 
        10.4772        0.616636       0.0145985 
        10.4929        0.618571       0.0145985 
        10.5086        0.618797       0.0145985 
        10.5244        0.619006       0.0145985 
        10.5401         0.61976       0.0145985 
        10.5558        0.620438       0.0145985 
        10.5715        0.621652       0.0145985 
        10.5872        0.622446       0.0145985 
        10.6029        0.622738       0.0145985 
        10.6186        0.623928       0.0145985 
        10.6343        0.623408       0.0145985 
          10.65        0.625154       0.0145985 
        10.6657        0.624479       0.0145985 
        10.6814        0.625888       0.0145985 
        10.6971        0.626662       0.0145985 
        10.7129        0.626975       0.0145985 
        10.7286        0.628271       0.0145985 
        10.7443        0.627447       0.0145985 
          10.76        0.629383       0.0145985 
        10.7757        0.629061       0.0145985 
        10.7914         0.63119       0.0145985 
        10.8071        0.631388       0.0145985 
        10.8228        0.632392       0.0145985 
        10.8385        0.632534       0.0145985 
        10.8542        0.633604       0.0145985 
        10.8699        0.634716       0.0145985 
        10.8856        0.634657       0.0145985 
        10.9014        0.635498       0.0145985 
        10.9171        0.637158       0.0145985 
        10.9328        0.637282       0.0145985 
        10.9485        0.638274       0.0145985 
        10.9642        0.638101       0.0145985 
        10.9799        0.639657       0.0145985 
        10.9956        0.641529       0.0145985 
        11.0113        0.640653       0.0145985 
         11.027        0.642765       0.0145985 
        11.0427        0.642542       0.0145985 
        11.0584        0.643483       0.0145985 
        11.0741        0.644436       0.0145985 
        11.0898        0.645104       0.0145985 
        11.1055        0.645553       0.0145985 
        11.1212        0.647014       0.0145985 
         11.137        0.647959       0.0145985 
        11.1527        0.647868       0.0145985 
        11.1684        0.649011       0.0145985 
        11.1841        0.649859       0.0145985 
        11.1998        0.650043       0.0145985 
        11.2155        0.651915       0.0145985 
        11.2312         0.65235       0.0145985 
        11.2469        0.653536       0.0145985 
        11.2626        0.655042       0.0145985 
        11.2783        0.656073       0.0145985 
         11.294        0.656144       0.0145985 
        11.3097        0.657576       0.0145985 
        11.3254        0.658627       0.0145985 
        11.3412        0.659138       0.0145985 
        11.3569        0.660038       0.0145985 
        11.3726        0.660596       0.0145985 
        11.3883        0.661451       0.0145985 
         11.404         0.66333       0.0145985 
        11.4197        0.664137       0.0145985 
        11.4354        0.664852       0.0145985 
        11.4511        0.665534       0.0145985 
        11.4668          0.6673       0.0145985 
        11.4825        0.668649       0.0145985 
        11.4982        0.667945       0.0145985 
         11.514         0.67041       0.0145985 
        11.5297        0.671077       0.0145985 
        11.5454        0.672629       0.0145985 
        11.5611        0.672962       0.0145985 
        11.5768        0.674938       0.0145985 
        11.5925        0.675676       0.0145985 
        11.6082        0.676447       0.0145985 
        11.6239        0.678191       0.0145985 
        11.6396        0.678938       0.0145985 
        11.6553        0.679805       0.0145985 
         11.671        0.681069       0.0145985 
        11.6867        0.681893       0.0145985 
        11.7024        0.683888       0.0145985 
        11.7182        0.684529       0.0145985 
        11.7339        0.686022       0.0145985 
        11.7496        0.687019       0.0145985 
        11.7653        0.688283       0.0145985 
         11.781        0.689613       0.0145985 
        11.7967        0.690935       0.0145985 
        11.8124        0.692889       0.0145985 
        11.8281        0.693528       0.0145985 
        11.8438        0.694604       0.0145985 
        11.8595        0.696143       0.0145985 
        11.8752        0.697886       0.0145985 
         11.891        0.698732       0.0145985 
        11.9067        0.701108       0.0145985 
        11.9224        0.702511       0.0145985 
        11.9381        0.703933       0.0145985 
        11.9538        0.705107       0.0145985 
        11.9695        0.706191       0.0145985 
        11.9852        0.707608       0.0145985 
        12.0009        0.709605       0.0145985 
        12.0166        0.710742       0.0145985 
        12.0323        0.711949       0.0145985 
         12.048        0.714137       0.0145985 
        12.0637        0.714007       0.0145985 
