# k  (h/Mpc)    Pcb(k)  (Mpc/h)^3    Pcb_linear(k) (Mpc/h)^3   ShotnoiseSubtracted = true
      0.0200456         27046.8         27513.4 
      0.0350414           22180         21573.3 
      0.0492313         16442.8         17092.7 
      0.0637834         12976.6         13899.1 
      0.0800726         9799.89         10499.4 
       0.096163         8413.04         8258.46 
       0.111083         7150.74         6990.77 
       0.126058         5714.12         5811.32 
       0.142273          4959.3         4728.89 
       0.158546         4194.76         4028.46 
        0.17375         3846.93          3504.9 
       0.188953         3658.05         3013.14 
       0.204907         3155.59         2608.31 
       0.220756         2882.19         2305.33 
        0.23588         2596.13         2047.63 
         0.2514         2374.65         1814.37 
       0.267535         2271.21          1618.1 
       0.283568         2059.48         1454.01 
       0.299022         1966.01         1313.01 
       0.314451         2040.76         1190.45 
       0.330372         1864.08         1082.41 
       0.346141         1723.16         988.115 
       0.361624          1644.8         905.626 
       0.377134         1593.21         832.674 
       0.392932         1507.67         766.935 
       0.408854         1456.26         707.662 
       0.424564         1429.72         655.161 
       0.440253          1354.7         608.168 
       0.455999         1294.26         565.679 
       0.471626         1288.58         527.464 
        0.48727         1236.79         492.734 
       0.502856         1212.56         461.262 
       0.518488         1158.81         432.459 
       0.534347         1123.15          405.74 
       0.550082         1086.94         381.464 
       0.565732         1059.44         359.296 
       0.581496         1030.17         338.749 
       0.597222         1024.27         319.853 
       0.612804         992.527         302.558 
       0.628434         956.999           286.5 
       0.644267         936.405         271.426 
       0.660051         918.696         257.482 
       0.675724         907.715         244.607 
       0.691403         867.709         232.612 
       0.707174         850.855          221.36 
       0.722871          844.62         210.904 
        0.73838         815.242         201.238 
       0.754018         810.246         192.108 
       0.769845         788.917         183.446 
        0.78569         768.713         175.312 
       0.801365         750.842         167.752 
       0.817031         738.188         160.644 
       0.832809         722.344         153.904 
       0.848511         701.012         147.581 
       0.864097          694.37         141.659 
       0.879701         695.097         136.056 
       0.895507          674.14         130.691 
       0.911279         667.442         125.628 
        0.92691         651.582         120.876 
       0.942635         637.791         116.345 
       0.958396         632.403         112.037 
       0.974128         615.412         107.956 
       0.989692         604.959          104.12 
        1.00528         593.972         100.466 
        1.02113         581.587           96.93 
        1.03692         570.307         93.5785 
        1.05264          564.57         90.4017 
        1.06832         554.371          87.378 
        1.08405         545.313         84.4853 
        1.09979         534.228         81.7224 
        1.11537         521.389          79.111 
        1.13105         515.995         76.5987 
        1.14679          507.33         74.1862 
        1.16256         500.618         71.8734 
        1.17828         493.363         69.6672 
        1.19395         482.099         67.5614 
         1.2097         470.675         65.5323 
        1.22537         466.481         63.5966 
          1.241         455.642         61.7452 
        1.25666         447.656         59.9632 
        1.27241         445.469         58.2434 
        1.28819         436.027         56.5884 
        1.30392         430.213         55.0027 
        1.31957         421.087         53.4851 
        1.33529          416.44         52.0193 
        1.35108         415.331         50.6029 
        1.36674          406.51         49.2495 
         1.3824         395.962          47.947 
        1.39811         393.605         46.6874 
        1.41389         388.374         45.4684 
        1.42964         380.028         44.2951 
        1.44531         375.891          43.169 
        1.46101          365.47         42.0798 
        1.47667         363.423         41.0316 
        1.49229         360.177          40.022 
        1.50793         350.778         39.0453 
        1.52367         346.152          38.095 
        1.53953         340.296         37.1701 
        1.55526         332.804         36.2833 
        1.57092         328.968         35.4292 
        1.58662         325.822         34.6007 
        1.60235         319.827         33.7971 
        1.61809         314.338         33.0187 
        1.63369         310.837         32.2717 
        1.64941         305.603         31.5426 
        1.66519         302.724         30.8335 
        1.68085         294.733         30.1513 
        1.69652         291.671         29.4895 
        1.71228         287.437         28.8439 
        1.72806         283.724         28.2172 
        1.74368         280.659         27.6154 
        1.75933         277.159           27.03 
        1.77505         272.288         26.4588 
        1.79081          268.83         25.9032 
         1.8065           265.9          25.366 
        1.82218         259.583         24.8445 
        1.83797         257.344         24.3341 
        1.85367          252.78         23.8409 
        1.86928         249.177         23.3644 
        1.88497         246.024         22.8983 
        1.90073         243.187         22.4432 
        1.91647         239.433         22.0009 
        1.93218         235.998         21.5715 
        1.94787         232.192         21.1542 
        1.96363         230.477         20.7463 
        1.97935         224.622         20.3501 
        1.99499         223.731         19.9664 
        2.01064         218.287         19.5921 
         2.0264         216.282          19.225 
        2.04216         213.477         18.8676 
        2.05781         209.881         18.5215 
        2.07353          208.04         18.1828 
        2.08928         204.697         17.8519 
        2.10499         203.088         17.5302 
        2.12065          199.84         17.2173 
        2.13633         196.956         16.9118 
        2.15211         193.675         16.6118 
        2.16785         192.125         16.3199 
        2.18349         188.442         16.0369 
        2.19916         187.802         15.7599 
        2.21489         184.516         15.4886 
        2.23063         182.684         15.2236 
         2.2463         179.293         14.9659 
        2.26194          176.82         14.7148 
        2.27765         175.715         14.4682 
        2.29341         173.184         14.2267 
        2.30914         170.643         13.9911 
        2.32486         169.456          13.761 
        2.34061         166.053         13.5358 
        2.35635         164.159         13.3157 
        2.37203         162.957         13.1014 
        2.38768         160.495         12.8921 
        2.40339         157.734         12.6868 
        2.41914         156.684         12.4854 
        2.43483         154.745         12.2891 
         2.4505         152.563         12.0973 
        2.46622         150.797          11.909 
        2.48195         148.897         11.7247 
        2.49759         147.543         11.5453 
        2.51328         144.609         11.3691 
        2.52906         143.063         11.1956 
        2.54479         141.474         11.0263 
        2.56049         140.147         10.8608 
        2.57618         138.149         10.6989 
        2.59189         136.991           10.54 
        2.60758         136.273         10.3847 
        2.62325         133.625         10.2326 
        2.63898          131.81         10.0831 
        2.65468         130.576         9.93681 
        2.67044         129.653         9.79285 
        2.68618         127.361         9.65208 
        2.70184         126.487         9.51463 
        2.71755         124.675         9.37952 
        2.73329         123.209         9.24683 
        2.74897         121.399         9.11714 
        2.76462         120.232         8.99023 
        2.78034         118.942         8.86521 
        2.79607          117.78         8.74244 
        2.81179         116.069         8.62213 
        2.82749          115.06         8.50422 
        2.84321         113.888         8.38839 
        2.85893         112.678         8.27475 
        2.87462         110.839         8.16341 
        2.89033         110.199         8.05402 
        2.90605         108.476         7.94654 
        2.92176         107.134         7.84108 
        2.93747         106.021         7.73758 
        2.95318         105.291         7.63594 
        2.96891         103.872         7.53607 
        2.98456         102.978         7.43843 
        3.00023         101.681         7.34238 
        3.01596         100.733         7.24773 
        3.03164         99.5158         7.15502 
        3.04738         98.5488         7.06365 
         3.0631         97.5117         6.97392 
        3.07883         96.4447         6.88574 
        3.09456         95.4203          6.7991 
        3.11026         94.2593         6.71408 
        3.12596         93.1418         6.63053 
        3.14163         91.8384         6.54859 
        3.15734         91.1466         6.46785 
        3.17308         90.0865         6.38827 
        3.18879         89.1329         6.31025 
        3.20447         88.2582         6.23365 
         3.2202         87.3645         6.15808 
         3.2359         86.5645          6.0839 
        3.25157         85.7158         6.01111 
        3.26729         84.5793          5.9393 
        3.28304         83.9866         5.86852 
        3.29877         82.8993         5.79899 
        3.31446         82.0665         5.73073 
        3.33014         81.4549         5.66364 
        3.34585         80.5371         5.59751 
        3.36158         79.5442         5.53235 
        3.37727         78.7749         5.46842 
        3.39294         78.1545         5.40556 
        3.40867         77.1929         5.34347 
        3.42439         76.3008         5.28238 
        3.44008         75.4601         5.22237 
        3.45578         74.9091         5.16325 
        3.47153         74.0837         5.10491 
        3.48724         73.2597         5.04757 
        3.50292         72.7967         4.99125 
        3.51859         72.0072         4.93582 
        3.53431         71.2786         4.88105 
        3.55007         70.5308         4.82699 
        3.56577         69.7917         4.77395 
        3.58146         69.1391         4.72173 
        3.59719         68.4875         4.67018 
        3.61292         67.9334         4.61941 
        3.62859         67.1202         4.56959 
        3.64429         66.7114          4.5204 
        3.66003         66.0444         4.47179 
        3.67578         65.2307         4.42392 
        3.69146         64.7456         4.37692 
        3.70712         63.9144         4.33069 
        3.72284         63.3845         4.28496 
        3.73853           62.83         4.23997 
        3.75422         62.3433         4.19561 
        3.76993         61.6453         4.15184 
        3.78564         60.9785         4.10872 
        3.80137         60.5529         4.06614 
        3.81707         60.0239         4.02425 
        3.83279         59.3373         3.98291 
        3.84853         59.0009          3.9421 
        3.86424         58.2934         3.90193 
        3.87992         57.5673         3.86238 
        3.89561         57.3314         3.82338 
        3.91134         56.6979         3.78483 
        3.92704         56.2112         3.74687 
        3.94273         55.5342         3.70946 
        3.95845         55.0386         3.67249 
        3.97418         54.5491         3.63602 
        3.98988         54.1904         3.60009 
        4.00554         53.5341         3.56475 
        4.02125         53.1088         3.52978 
        4.03698         52.6411         3.49522 
        4.05268          52.226         3.46121 
        4.06839         51.7207         3.42762 
         4.0841         51.3198         3.39449 
        4.09983         50.8557         3.36175 
        4.11555         50.4242         3.32946 
        4.13124         49.9741         3.29767 
        4.14693         49.3942         3.26628 
        4.16266         49.0828         3.23522 
        4.17839         48.6066         3.20459 
        4.19408         48.1553         3.17442 
        4.20977         47.7412         3.14462 
        4.22551         47.3238         3.11514 
        4.24123         46.9793         3.08606 
        4.25691         46.4632         3.05744 
        4.27259         46.1761         3.02917 
        4.28831         45.7574         3.00119 
        4.30404         45.4126         2.97355 
        4.31974         45.0223         2.94631 
        4.33543          44.526         2.91943 
        4.35116         44.2463         2.89283 
        4.36688         43.7548         2.86656 
        4.38255          43.449         2.84072 
        4.39825          43.067         2.81513 
        4.41398         42.5956         2.78982 
         4.4297         42.4286         2.76484 
        4.44541         41.8689         2.74017 
        4.46111          41.453         2.71582 
        4.47683         41.2582         2.69175 
        4.49251         40.9034         2.66802 
        4.50819         40.5832         2.64458 
         4.5239         40.2501         2.62139 
        4.53962         39.8527         2.59845 
        4.55535         39.5469         2.57578 
        4.57106         39.3101          2.5534 
        4.58678         38.9264         2.53129 
         4.6025         38.4883         2.50943 
        4.61821         38.2529         2.48783 
        4.63391         37.9387         2.46652 
         4.6496         37.6823         2.44547 
        4.66532         37.3132         2.42462 
        4.68103         36.9884         2.40403 
        4.69673         36.7543          2.3837 
        4.71241         36.4056         2.36363 
        4.72811          36.107         2.34375 
        4.74384         35.8261         2.32407 
        4.75955         35.5614         2.30466 
        4.77525         35.2346         2.28547 
        4.79096         34.9593         2.26648 
        4.80669         34.6737         2.24769 
         4.8224          34.415         2.22914 
        4.83809         34.0931         2.21082 
        4.85379          33.881         2.19269 
         4.8695         33.6093         2.17475 
        4.88521         33.2535         2.15702 
        4.90093         33.0577         2.13949 
        4.91663          32.778         2.12216 
        4.93234         32.5007         2.10501 
        4.94807          32.244         2.08803 
        4.96377         31.9556         2.07128 
        4.97943         31.7174         2.05474 
        4.99514         31.4732         2.03835 
        5.01086         31.2625         2.02211 
        5.02654         31.0049          2.0061 
        5.04227         30.7707         1.99021 
          5.058         30.5468         1.97449 
        5.07371         30.2856         1.95897 
        5.08942          30.009         1.94361 
        5.10513         29.8252         1.92842 
        5.12084         29.6368         1.91338 
        5.13656         29.3728          1.8985 
        5.15225         29.1747         1.88381 
        5.16796         28.9246         1.86925 
        5.18369         28.6823         1.85483 
         5.1994         28.5063         1.84058 
        5.21509          28.248          1.8265 
        5.23079         27.9731         1.81255 
        5.24649         27.8005         1.79876 
        5.26217         27.6082         1.78512 
        5.27788          27.374          1.7716 
        5.29359         27.2046         1.75822 
        5.30933         26.9533         1.74496 
        5.32504          26.765         1.73186 
        5.34073         26.5907          1.7189 
        5.35646           26.38         1.70606 
        5.37218         26.1646         1.69334 
        5.38789         26.0037         1.68077 
        5.40357         25.7924         1.66834 
        5.41929         25.6283         1.65602 
        5.43502         25.3726         1.64381 
         5.4507         25.2299         1.63176 
        5.46639         24.9983         1.61982 
        5.48212          24.829         1.60798 
        5.49786         24.6515         1.59624 
        5.51353         24.4425         1.58468 
        5.52921         24.3126         1.57322 
        5.54495         24.1045         1.56184 
        5.56066         23.9588         1.55058 
        5.57637         23.7161         1.53944 
        5.59207         23.5744         1.52841 
        5.60778         23.3696         1.51749 
        5.62346         23.2448          1.5067 
        5.63916          23.046         1.49599 
        5.65487         22.8752         1.48539 
         5.6706         22.7766         1.47487 
        5.68633         22.5698         1.46445 
        5.70203         22.3884         1.45416 
        5.71773         22.2675         1.44397 
        5.73344         22.0782         1.43386 
        5.74916         21.9115         1.42385 
        5.76486          21.775         1.41394 
        5.78054         21.5857         1.40415 
        5.79626         21.4889         1.39442 
          5.812         21.2938         1.38477 
         5.8277         21.1754         1.37524 
        5.84339         20.9958          1.3658 
        5.85911         20.8499         1.35643 
        5.87484         20.7516         1.34715 
        5.89053          20.577         1.33798 
        5.90623         20.4321         1.32888 
        5.92195         20.2438         1.31986 
        5.93767         20.0925         1.31092 
        5.95336         19.9581         1.30209 
        5.96905         19.8195         1.29333 
        5.98476         19.6436         1.28465 
        6.00048         19.5636         1.27604 
        6.01617         19.4196         1.26752 
        6.03185         19.2836         1.25909 
        6.04756         19.1752         1.25072 
        6.06331         19.0208          1.2424 
        6.07903         18.8765         1.23418 
        6.09473         18.7458         1.22604 
        6.11044         18.6027         1.21797 
        6.12616         18.5114         1.20996 
        6.14186         18.3999         1.20204 
        6.15755         18.2221          1.1942 
        6.17326         18.1073         1.18641 
        6.18898         17.9925         1.17869 
        6.20467         17.8902         1.17105 
        6.22036         17.7201         1.16348 
         6.2361         17.5984         1.15596 
         6.2518         17.4872         1.14852 
        6.26748         17.3589         1.14116 
        6.28319         17.2522         1.13384 
        6.29893         17.1487         1.12658 
        6.31463         17.0485          1.1194 
        6.33033         16.9063         1.11228 
        6.34604         16.8223         1.10521 
        6.36177         16.7022         1.09821 
        6.37747         16.5856         1.09127 
        6.39316         16.4581          1.0844 
        6.40888         16.3566         1.07758 
         6.4246         16.2538         1.07081 
        6.44031         16.1482         1.06411 
        6.45601         16.0362         1.05747 
        6.47172         15.9337         1.05088 
        6.48744         15.8012         1.04434 
        6.50313         15.7141         1.03787 
        6.51882         15.6006         1.03146 
        6.53452         15.5141          1.0251 
        6.55025         15.3987         1.01878 
        6.56597         15.2846         1.01251 
        6.58166         15.2053         1.00631 
        6.59736         15.1176         1.00016 
        6.61307         15.0251        0.994058 
         6.6288         14.9097           0.988 
         6.6445         14.7968           0.982 
         6.6602         14.6949        0.976051 
        6.67592         14.6135        0.970145 
        6.69164         14.4998        0.964289 
        6.70735         14.4152        0.958483 
        6.72304          14.332        0.952732 
        6.73874         14.2525        0.947026 
        6.75446         14.1401         0.94136 
        6.77016          14.042        0.935748 
        6.78585         13.9558        0.930181 
        6.80156         13.8676        0.924658 
        6.81729         13.7645        0.919171 
        6.83301         13.6922        0.913729 
         6.8487         13.5997        0.908343 
         6.8644         13.5028        0.902998 
        6.88012         13.4091         0.89769 
        6.89583         13.3391        0.892429 
        6.91151         13.2425        0.887218 
        6.92723         13.1781        0.882035 
        6.94296         13.0975        0.876892 
        6.95866         13.0065        0.871799 
        6.97436         12.9218        0.866747 
        6.99007         12.8471        0.861732 
        7.00578         12.7727        0.856757 
        7.02147         12.6753        0.851826 
        7.03718         12.6029         0.84693 
         7.0529         12.5331        0.842067 
        7.06863         12.4504        0.837241 
        7.08433         12.3536        0.832459 
        7.10004         12.2662        0.827716 
        7.11575         12.2041        0.823008 
        7.13145         12.1412        0.818338 
        7.14715         12.0507        0.813706 
        7.16284         11.9989        0.809114 
        7.17855         11.9112        0.804548 
        7.19428         11.8338        0.800013 
        7.20998         11.7603        0.795522 
        7.22568         11.6861        0.791066 
        7.24139         11.6052        0.786641 
        7.25711         11.5448        0.782249 
        7.27282         11.4666        0.777891 
        7.28852         11.3967        0.773571 
        7.30423         11.3371        0.769278 
        7.31995         11.2557        0.765019 
        7.33565         11.1845        0.760794 
        7.35135         11.1277        0.756601 
        7.36706         11.0461        0.752441 
        7.38277         10.9891        0.748308 
        7.39847         10.9154        0.744209 
        7.41419         10.8368        0.740139 
         7.4299         10.7671        0.736099 
        7.44561         10.7207         0.73209 
        7.46132         10.6467        0.728112 
        7.47701         10.5992        0.724167 
        7.49272         10.5426        0.720248 
        7.50842           10.45        0.716358 
         7.5241          10.412        0.712503 
        7.53981         10.3342         0.70867 
        7.55552         10.2748        0.704865 
        7.57125         10.2091        0.701082 
        7.58698         10.1578        0.697328 
        7.60268         10.0995        0.693608 
         7.6184         10.0194        0.689912 
        7.63411         9.97937        0.686243 
        7.64981         9.91737        0.682603 
        7.66552         9.85257         0.67899 
        7.68123         9.79475        0.675401 
        7.69695         9.72308        0.671836 
        7.71264         9.68531        0.668303 
        7.72834         9.61814        0.664794 
        7.74407         9.58393        0.661304 
        7.75978         9.49343        0.657841 
        7.77546         9.44672        0.654411 
        7.79116         9.40129        0.651002 
         7.8069         9.33566        0.647609 
         7.8226         9.28216        0.644247 
        7.83828         9.22183        0.640914 
        7.85399         9.17253          0.6376 
        7.86972         9.11447        0.634302 
        7.88543         9.06894        0.631034 
        7.90111         9.01326        0.627794 
        7.91681         8.96804        0.624572 
        7.93255         8.90253        0.621367 
        7.94828         8.85398        0.618185 
        7.96397         8.81744        0.615032 
        7.97967         8.76465        0.611901 
        7.99538         8.70407        0.608789 
         8.0111         8.65124        0.605698 
         8.0268         8.60992        0.602631 
        8.04248         8.55558        0.599589 
         8.0582         8.50559        0.596562 
        8.07393         8.46044        0.593552 
        8.08963         8.40703        0.590569 
        8.10533         8.35684        0.587608 
        8.12104         8.31535        0.584664 
        8.13675         8.27406         0.58174 
        8.15245          8.2212        0.578839 
        8.16815         8.18135        0.575958 
        8.18387         8.12642        0.573092 
        8.19959         8.08676        0.570245 
         8.2153         8.04087         0.56742 
        8.23101         7.98539        0.564614 
        8.24672         7.94047        0.561827 
        8.26241         7.90794        0.559063 
         8.2781         7.85695        0.556317 
        8.29381         7.80723        0.553586 
        8.30952          7.7635        0.550874 
        8.32524         7.72615        0.548177 
        8.34095         7.67921        0.545501 
        8.35666         7.63166        0.542843 
        8.37237         7.59015        0.540202 
        8.38808         7.54596        0.537579 
        8.40379         7.50876        0.534973 
         8.4195         7.47612        0.532386 
         8.4352         7.43423        0.529815 
        8.45091         7.39065        0.527262 
        8.46662         7.34968        0.524725 
        8.48232         7.31498        0.522206 
        8.49802         7.25718        0.519703 
        8.51374         7.22117        0.517214 
        8.52945         7.19322        0.514743 
        8.54515         7.14645        0.512289 
        8.56086         7.10895        0.509849 
        8.57658         7.07494        0.507426 
        8.59228         7.02924         0.50502 
        8.60799         6.99364        0.502627 
        8.62371         6.95536         0.50025 
        8.63942         6.92368        0.497889 
        8.65512         6.87649        0.495545 
        8.67082         6.84571        0.493216 
        8.68653         6.81146          0.4909 
        8.70224         6.76778        0.488599 
        8.71795         6.73394        0.486314 
        8.73365         6.69734        0.484044 
        8.74936         6.66961        0.481787 
        8.76506         6.62467        0.479547 
        8.78076         6.60206         0.47732 
        8.79646         6.56026        0.475108 
        8.81218         6.52583        0.472907 
        8.82791         6.48725        0.470718 
         8.8436          6.4571        0.468548 
         8.8593         6.41847        0.466392 
        8.87503         6.38673        0.464244 
        8.89076         6.35741        0.462111 
        8.90644           6.322        0.459997 
        8.92214         6.28399        0.457894 
        8.93786         6.25495        0.455802 
        8.95357         6.21257        0.453723 
        8.96928         6.19552        0.451659 
        8.98498         6.16048        0.449607 
        9.00069         6.12185        0.447568 
        9.01639         6.08819        0.445541 
        9.03208         6.06323         0.44353 
        9.04778         6.03219        0.441529 
        9.06351         5.99978        0.439538 
        9.07923          5.9652        0.437559 
        9.09493         5.93837        0.435595 
        9.11062         5.91057        0.433645 
        9.12635         5.88016        0.431702 
        9.14207         5.85196        0.429772 
        9.15777         5.82217        0.427856 
        9.17346         5.79541        0.425953 
        9.18917         5.75843        0.424058 
         9.2049         5.73469        0.422174 
        9.22061         5.70275        0.420303 
        9.23631         5.68327        0.418444 
        9.25201         5.64883        0.416597 
        9.26773         5.61186         0.41476 
        9.28343         5.59278        0.412934 
        9.29913         5.56395         0.41112 
        9.31484         5.53684        0.409316 
        9.33057         5.50591        0.407521 
        9.34627         5.47322        0.405738 
        9.36197         5.45375        0.403968 
        9.37768         5.42036        0.402206 
        9.39338         5.39672        0.400456 
        9.40909         5.36727        0.398717 
        9.42479         5.33737        0.396988 
         9.4405         5.32506        0.395268 
        9.45621         5.29643        0.393559 
        9.47193         5.26614         0.39186 
        9.48763         5.24536        0.390172 
        9.50334         5.22145        0.388493 
        9.51906         5.19452        0.386823 
        9.53476         5.15989        0.385165 
        9.55045         5.13919        0.383517 
        9.56616         5.11481        0.381878 
        9.58188         5.09651        0.380246 
        9.59759         5.07202        0.378625 
         9.6133         5.04741        0.377013 
        9.62901         5.02047        0.375409 
        9.64471         5.00171        0.373815 
        9.66041         4.98171         0.37223 
        9.67612         4.94983        0.370653 
        9.69184         4.93486        0.369084 
        9.70754         4.90639        0.367526 
        9.72324          4.8846        0.365978 
        9.73895         4.85832        0.364439 
        9.75467         4.83975        0.362908 
        9.77038         4.81521        0.361389 
        9.78607         4.79427        0.359881 
        9.80177            4.77        0.358382 
        9.81749         4.74651        0.356892 
         9.8332         4.72715        0.355414 
         9.8489         4.70364        0.353946 
        9.86463         4.67819        0.352485 
        9.88035         4.65809        0.351031 
        9.89606         4.63929        0.349587 
        9.91175           4.618        0.348149 
        9.92745         4.60076        0.346717 
        9.94317          4.5841        0.345286 
        9.95888         4.55991         0.34386 
        9.97458         4.53769        0.342437 
        9.99029         4.51954        0.341014 
         10.006         4.49764        0.340135 
        10.0217         4.47308        0.340135 
        10.0374         4.46052        0.340135 
        10.0531         4.44018        0.340135 
        10.0688         4.42129        0.340135 
        10.0845         4.40032        0.340135 
        10.1002         4.38081        0.340135 
        10.1159          4.3649        0.340135 
        10.1317         4.34621        0.340135 
        10.1474         4.32571        0.340135 
        10.1631          4.3076        0.340135 
        10.1788         4.29069        0.340135 
        10.1945         4.27553        0.340135 
        10.2102         4.25382        0.340135 
        10.2259         4.23694        0.340135 
        10.2416         4.20948        0.340135 
        10.2573         4.19895        0.340135 
         10.273         4.18113        0.340135 
        10.2887         4.16623        0.340135 
        10.3044         4.14773        0.340135 
        10.3201         4.12716        0.340135 
        10.3359          4.1164        0.340135 
        10.3516         4.09518        0.340135 
        10.3673         4.07536        0.340135 
         10.383         4.06205        0.340135 
        10.3987         4.04549        0.340135 
        10.4144         4.02942        0.340135 
        10.4301          4.0113        0.340135 
        10.4458         3.99424        0.340135 
        10.4615         3.97847        0.340135 
        10.4772         3.96927        0.340135 
        10.4929         3.95012        0.340135 
        10.5086         3.93216        0.340135 
        10.5244         3.92107        0.340135 
        10.5401         3.90476        0.340135 
        10.5558         3.89096        0.340135 
        10.5715         3.87649        0.340135 
        10.5872           3.859        0.340135 
        10.6029         3.84361        0.340135 
        10.6186         3.83095        0.340135 
        10.6343         3.81839        0.340135 
          10.65         3.80235        0.340135 
        10.6657         3.78637        0.340135 
        10.6814         3.77567        0.340135 
        10.6971          3.7634        0.340135 
        10.7129         3.74579        0.340135 
        10.7286         3.73166        0.340135 
        10.7443         3.71822        0.340135 
          10.76         3.70279        0.340135 
        10.7757         3.69411        0.340135 
        10.7914         3.67897        0.340135 
        10.8071         3.66407        0.340135 
        10.8228         3.65173        0.340135 
        10.8385          3.6408        0.340135 
        10.8542          3.6264        0.340135 
        10.8699         3.61498        0.340135 
        10.8856         3.60369        0.340135 
        10.9014         3.58741        0.340135 
        10.9171         3.57416        0.340135 
        10.9328         3.57007        0.340135 
        10.9485          3.5509        0.340135 
        10.9642         3.54498        0.340135 
        10.9799          3.5301        0.340135 
        10.9956         3.51581        0.340135 
        11.0113         3.50844        0.340135 
         11.027         3.50031        0.340135 
        11.0427         3.48458        0.340135 
        11.0584         3.47548        0.340135 
        11.0741         3.46199        0.340135 
        11.0898         3.45187        0.340135 
        11.1055         3.43996        0.340135 
        11.1212         3.43147        0.340135 
         11.137         3.42348        0.340135 
        11.1527         3.40926        0.340135 
        11.1684         3.39934        0.340135 
        11.1841         3.38949        0.340135 
        11.1998            3.38        0.340135 
        11.2155         3.37147        0.340135 
        11.2312         3.36141        0.340135 
        11.2469         3.35075        0.340135 
        11.2626         3.33934        0.340135 
        11.2783         3.33113        0.340135 
         11.294         3.32177        0.340135 
        11.3097         3.32016        0.340135 
        11.3254         3.30962        0.340135 
        11.3412         3.29781        0.340135 
        11.3569          3.2858        0.340135 
        11.3726         3.27752        0.340135 
        11.3883         3.26909        0.340135 
         11.404         3.26339        0.340135 
        11.4197         3.25407        0.340135 
        11.4354          3.2445        0.340135 
        11.4511         3.23817        0.340135 
        11.4668           3.229        0.340135 
        11.4825         3.22106        0.340135 
        11.4982         3.21307        0.340135 
         11.514          3.2087        0.340135 
        11.5297          3.1982        0.340135 
        11.5454         3.19501        0.340135 
        11.5611         3.18695        0.340135 
        11.5768         3.18042        0.340135 
        11.5925          3.1759        0.340135 
        11.6082         3.16718        0.340135 
        11.6239         3.16023        0.340135 
        11.6396         3.14935        0.340135 
        11.6553         3.14494        0.340135 
         11.671         3.13994        0.340135 
        11.6867         3.13059        0.340135 
        11.7024         3.12412        0.340135 
        11.7182         3.12656        0.340135 
        11.7339         3.11945        0.340135 
        11.7496         3.11111        0.340135 
        11.7653         3.10641        0.340135 
         11.781         3.10177        0.340135 
        11.7967         3.09698        0.340135 
        11.8124         3.08803        0.340135 
        11.8281         3.08599        0.340135 
        11.8438         3.08032        0.340135 
        11.8595         3.07724        0.340135 
        11.8752         3.07257        0.340135 
         11.891         3.07044        0.340135 
        11.9067         3.06616        0.340135 
        11.9224          3.0631        0.340135 
        11.9381         3.05574        0.340135 
        11.9538         3.05075        0.340135 
        11.9695         3.04793        0.340135 
        11.9852         3.04557        0.340135 
        12.0009         3.04298        0.340135 
        12.0166         3.03911        0.340135 
        12.0323         3.03341        0.340135 
         12.048         3.03363        0.340135 
        12.0637         3.02916        0.340135 
