# k  (h/Mpc)    Pcb(k)  (Mpc/h)^3    Pcb_linear(k) (Mpc/h)^3   ShotnoiseSubtracted = true
      0.0200456         14127.4         14411.7 
      0.0350414         10871.9         11300.3 
      0.0492313         8772.04          8953.3 
      0.0637834         7389.13         7280.46 
      0.0800726         5614.97         5499.68 
       0.096163         4165.01         4325.85 
       0.111083         3475.69         3661.83 
       0.126058         3073.39         3044.02 
       0.142273         2585.75         2477.03 
       0.158546         2311.08         2110.14 
        0.17375         1882.86          1835.9 
       0.188953         1789.08         1578.31 
       0.204907          1672.1         1366.25 
       0.220756         1458.29         1207.55 
        0.23588         1295.83         1072.57 
         0.2514         1125.47          950.38 
       0.267535         1110.16         847.578 
       0.283568         1010.47         761.622 
       0.299022         950.397         687.766 
       0.314451         902.301         623.569 
       0.330372         831.755         566.976 
       0.346141         774.459         517.583 
       0.361624         741.413         474.375 
       0.377134         689.608         436.162 
       0.392932         664.491         401.728 
       0.408854         641.244          370.68 
       0.424564         603.436         343.179 
       0.440253         590.267         318.564 
       0.455999         559.655         296.307 
       0.471626         528.184          276.29 
        0.48727          512.03         258.099 
       0.502856         497.508         241.613 
       0.518488          491.26         226.526 
       0.534347          459.34          212.53 
       0.550082          440.05         199.814 
       0.565732         439.693         188.202 
       0.581496         413.253          177.44 
       0.597222          407.65         167.542 
       0.612804          395.16         158.483 
       0.628434         380.446         150.071 
       0.644267          369.52         142.175 
       0.660051         359.643         134.871 
       0.675724         356.209         128.127 
       0.691403         344.852         121.844 
       0.707174           332.2         115.951 
       0.722871         328.425         110.473 
        0.73838         323.297          105.41 
       0.754018         313.519         100.628 
       0.769845         303.646         96.0908 
        0.78569         302.872         91.8301 
       0.801365          292.53         87.8701 
       0.817031         284.135         84.1469 
       0.832809           280.8         80.6162 
       0.848511          273.39         77.3044 
       0.864097         268.928          74.202 
       0.879701         264.763         71.2674 
       0.895507         258.916         68.4573 
       0.911279         250.713         65.8052 
        0.92691          249.26         63.3161 
       0.942635         243.845         60.9425 
       0.958396         240.585         58.6861 
       0.974128         235.601         56.5485 
       0.989692         230.309          54.539 
        1.00528         227.171         52.6247 
        1.02113         225.249         50.7728 
        1.03692          219.34         49.0172 
        1.05264         215.198         47.3532 
        1.06832         211.534         45.7694 
        1.08405         207.106         44.2541 
        1.09979         205.621         42.8069 
        1.11537         200.515         41.4391 
        1.13105         196.595         40.1231 
        1.14679         196.712         38.8594 
        1.16256         192.434         37.6479 
        1.17828         188.582         36.4923 
        1.19395         186.093         35.3893 
         1.2097         184.972         34.3264 
        1.22537         180.228         33.3125 
          1.241         179.063         32.3427 
        1.25666         174.611         31.4093 
        1.27241         172.409         30.5084 
        1.28819         169.896         29.6415 
        1.30392         167.622         28.8109 
        1.31957         166.149          28.016 
        1.33529         161.883         27.2482 
        1.35108         160.226         26.5062 
        1.36674         158.985         25.7973 
         1.3824         155.689          25.115 
        1.39811         155.719         24.4553 
        1.41389         151.962         23.8167 
        1.42964         148.932         23.2021 
        1.44531         146.647         22.6123 
        1.46101         145.294         22.0418 
        1.47667         142.337         21.4927 
        1.49229         140.632         20.9639 
        1.50793         139.574         20.4523 
        1.52367         137.766         19.9545 
        1.53953         134.788           19.47 
        1.55526         133.114         19.0055 
        1.57092          131.58         18.5581 
        1.58662          129.27         18.1241 
        1.60235         128.182         17.7032 
        1.61809         126.186         17.2955 
        1.63369         124.613         16.9042 
        1.64941         122.945         16.5223 
        1.66519         120.897         16.1509 
        1.68085         120.176         15.7935 
        1.69652         117.084         15.4469 
        1.71228          116.94         15.1087 
        1.72806         115.082         14.7804 
        1.74368         113.866         14.4652 
        1.75933         112.239         14.1585 
        1.77505         110.381         13.8594 
        1.79081         109.427         13.5683 
         1.8065         107.724         13.2869 
        1.82218         105.858         13.0138 
        1.83797         104.627         12.7464 
        1.85367         103.262         12.4881 
        1.86928         102.381         12.2385 
        1.88497         99.9816         11.9943 
        1.90073         99.7126         11.7559 
        1.91647         97.8906         11.5243 
        1.93218         96.8592         11.2993 
        1.94787         95.8223         11.0808 
        1.96363         94.4853         10.8671 
        1.97935         92.7562         10.6595 
        1.99499         92.0702         10.4586 
        2.01064         90.8779         10.2625 
         2.0264         89.5876         10.0702 
        2.04216         88.7347           9.883 
        2.05781         87.4191         9.70171 
        2.07353         86.0562         9.52433 
        2.08928         85.2087           9.351 
        2.10499         83.8343         9.18246 
        2.12065         83.3983         9.01858 
        2.13633         82.2793         8.85857 
        2.15211         81.1852         8.70141 
        2.16785         79.7426         8.54851 
        2.18349         78.7814         8.40024 
        2.19916         78.1713         8.25519 
        2.21489         77.1367         8.11308 
        2.23063         75.8388         7.97423 
         2.2463         75.4006         7.83926 
        2.26194         74.7448         7.70775 
        2.27765         73.3401         7.57859 
        2.29341         72.4669         7.45205 
        2.30914         71.3684         7.32867 
        2.32486         70.7475         7.20815 
        2.34061         69.9252         7.09015 
        2.35635         69.0491         6.97489 
        2.37203         67.8154          6.8626 
        2.38768         67.3231         6.75302 
        2.40339         66.5958         6.64543 
        2.41914         65.5941         6.53994 
        2.43483         65.4434         6.43712 
         2.4505         64.1419         6.33668 
        2.46622         63.5248         6.23804 
        2.48195         62.6513          6.1415 
        2.49759         61.8673         6.04752 
        2.51328         61.3053         5.95526 
        2.52906         60.6635         5.86434 
        2.54479         59.9397         5.77566 
        2.56049         59.0514         5.68899 
        2.57618         58.4582         5.60418 
        2.59189         57.6431         5.52096 
        2.60758           57.06         5.43957 
        2.62325         56.4983         5.35992 
        2.63898         55.8198         5.28159 
        2.65468         55.2747         5.20499 
        2.67044         54.5164         5.12958 
        2.68618         54.2233         5.05584 
        2.70184         53.4847         4.98385 
        2.71755         53.0461         4.91308 
        2.73329         52.1287         4.84357 
        2.74897         51.4313         4.77564 
        2.76462         51.0888         4.70916 
        2.78034         50.4969         4.64367 
        2.79607         49.8688         4.57936 
        2.81179         49.2391         4.51635 
        2.82749         48.7818         4.45459 
        2.84321         48.2167         4.39391 
        2.85893         47.6656         4.33439 
        2.87462          47.019         4.27607 
        2.89033         46.6968         4.21877 
        2.90605         45.9962         4.16247 
        2.92176         45.6401         4.10723 
        2.93747         44.9915         4.05301 
        2.95318         44.4354         3.99977 
        2.96891         43.8214         3.94746 
        2.98456         43.6743         3.89632 
        3.00023          42.992           3.846 
        3.01596         42.6915         3.79642 
        3.03164           42.04         3.74786 
        3.04738         41.7913             3.7 
         3.0631         41.3128           3.653 
        3.07883         40.8958         3.60681 
        3.09456          40.539         3.56143 
        3.11026         39.9863          3.5169 
        3.12596         39.6407         3.47313 
        3.14163         39.1265         3.43021 
        3.15734         38.5009         3.38792 
        3.17308          38.433         3.34623 
        3.18879         38.0079         3.30536 
        3.20447         37.5175         3.26524 
         3.2202         37.1112         3.22566 
         3.2359         36.7381          3.1868 
        3.25157         36.3451         3.14867 
        3.26729         35.9837         3.11106 
        3.28304         35.4997         3.07398 
        3.29877         35.2262         3.03756 
        3.31446         34.8945         3.00181 
        3.33014         34.5727         2.96666 
        3.34585         34.1681         2.93203 
        3.36158          33.803         2.89789 
        3.37727          33.392         2.86441 
        3.39294         33.1302         2.83148 
        3.40867         32.7008         2.79896 
        3.42439         32.4786         2.76696 
        3.44008         32.2637         2.73552 
        3.45578         31.7236         2.70455 
        3.47153         31.4381           2.674 
        3.48724         31.2099         2.64396 
        3.50292         30.9347         2.61446 
        3.51859         30.5149         2.58542 
        3.53431         30.2507         2.55674 
        3.55007         29.9608         2.52842 
        3.56577         29.6837         2.50064 
        3.58146         29.3013         2.47328 
        3.59719         29.0853         2.44628 
        3.61292           28.83         2.41969 
        3.62859         28.5118         2.39359 
        3.64429         28.2065         2.36783 
        3.66003         27.9256         2.34236 
        3.67578         27.6634         2.31729 
        3.69146         27.4908         2.29267 
        3.70712         27.1571         2.26846 
        3.72284         26.9735          2.2445 
        3.73853         26.7093         2.22093 
        3.75422         26.3928          2.1977 
        3.76993         26.2406         2.17477 
        3.78564         25.9828         2.15218 
        3.80137         25.7017         2.12988 
        3.81707          25.448         2.10794 
        3.83279         25.2687         2.08629 
        3.84853         25.0094          2.0649 
        3.86424         24.7681         2.04386 
        3.87992         24.4871         2.02315 
        3.89561         24.2695         2.00272 
        3.91134         24.0523         1.98253 
        3.92704         23.8335         1.96264 
        3.94273         23.6038         1.94305 
        3.95845         23.3218         1.92368 
        3.97418          23.252         1.90458 
        3.98988         22.8914         1.88576 
        4.00554         22.7332         1.86725 
        4.02125         22.5671         1.84893 
        4.03698         22.2761         1.83083 
        4.05268         22.1239         1.81301 
        4.06839         21.8874         1.79542 
         4.0841         21.7401         1.77806 
        4.09983         21.6013         1.76091 
        4.11555         21.3733           1.744 
        4.13124         21.1401         1.72735 
        4.14693         20.9408         1.71091 
        4.16266          20.751         1.69464 
        4.17839         20.6158         1.67859 
        4.19408         20.3597         1.66279 
        4.20977         20.1967         1.64718 
        4.22551         19.9997         1.63174 
        4.24123         19.8154         1.61651 
        4.25691         19.6583         1.60151 
        4.27259            19.5          1.5867 
        4.28831         19.3291         1.57205 
        4.30404         19.1413         1.55757 
        4.31974          19.031         1.54331 
        4.33543         18.8204         1.52923 
        4.35116         18.7237         1.51529 
        4.36688         18.5045         1.50153 
        4.38255         18.3589         1.48799 
        4.39825         18.2467         1.47459 
        4.41398          18.039         1.46133 
         4.4297         17.9018         1.44825 
        4.44541         17.7497         1.43533 
        4.46111         17.5781         1.42257 
        4.47683         17.4491         1.40996 
        4.49251         17.2885         1.39753 
        4.50819         17.1302         1.38526 
         4.5239          17.033         1.37311 
        4.53962         16.8717         1.36109 
        4.55535         16.7268         1.34921 
        4.57106         16.5455         1.33749 
        4.58678         16.4309         1.32591 
         4.6025          16.302         1.31446 
        4.61821         16.1458         1.30315 
        4.63391         16.0385         1.29199 
         4.6496          15.895         1.28096 
        4.66532         15.7495         1.27004 
        4.68103         15.6064         1.25925 
        4.69673         15.5041          1.2486 
        4.71241         15.4096         1.23809 
        4.72811          15.238         1.22768 
        4.74384         15.1583         1.21737 
        4.75955         14.9775          1.2072 
        4.77525         14.8718         1.19715 
        4.79096         14.7555          1.1872 
        4.80669         14.7113         1.17736 
         4.8224          14.516         1.16764 
        4.83809         14.3682         1.15805 
        4.85379         14.2921         1.14855 
         4.8695         14.2349         1.13915 
        4.88521         14.0705         1.12987 
        4.90093         13.9728         1.12068 
        4.91663         13.8384         1.11161 
        4.93234         13.7381         1.10262 
        4.94807           13.63         1.09373 
        4.96377         13.5088         1.08495 
        4.97943         13.4283         1.07629 
        4.99514          13.318          1.0677 
        5.01086         13.1957          1.0592 
        5.02654         13.0984         1.05081 
        5.04227         13.0036         1.04249 
          5.058         12.8918         1.03426 
        5.07371         12.7943         1.02613 
        5.08942         12.7137         1.01808 
        5.10513         12.6134         1.01012 
        5.12084         12.5023         1.00224 
        5.13656         12.3921        0.994451 
        5.15225         12.3121        0.986755 
        5.16796         12.1961        0.979128 
        5.18369         12.1341        0.971574 
         5.1994         12.0468        0.964114 
        5.21509         11.9279        0.956738 
        5.23079         11.8327        0.949431 
        5.24649         11.7556        0.942207 
        5.26217         11.6905        0.935062 
        5.27788         11.5624        0.927981 
        5.29359         11.4894        0.920972 
        5.30933         11.3816        0.914026 
        5.32504         11.3332        0.907163 
        5.34073         11.2374        0.900377 
        5.35646         11.1624        0.893648 
        5.37218         11.0596        0.886986 
        5.38789         10.9888        0.880402 
        5.40357         10.9096        0.873893 
        5.41929         10.8264        0.867435 
        5.43502         10.7447        0.861042 
         5.4507         10.6706        0.854729 
        5.46639         10.5795        0.848477 
        5.48212         10.5205        0.842274 
        5.49786         10.4398        0.836125 
        5.51353         10.3579        0.830068 
        5.52921         10.2972        0.824065 
        5.54495         10.2207        0.818104 
        5.56066         10.1436        0.812208 
        5.57637         10.0562        0.806371 
        5.59207         9.97782        0.800597 
        5.60778         9.91324        0.794877 
        5.62346         9.85227         0.78922 
        5.63916         9.77106        0.783614 
        5.65487         9.69405        0.778058 
         5.6706         9.64735        0.772551 
        5.68633          9.5678        0.767094 
        5.70203         9.50383        0.761701 
        5.71773         9.41527        0.756362 
        5.73344         9.37105         0.75107 
        5.74916         9.29044        0.745824 
        5.76486         9.22748        0.740636 
        5.78054         9.15836        0.735504 
        5.79626         9.07243        0.730407 
          5.812         9.03107        0.725353 
         5.8277         8.95442        0.720362 
        5.84339         8.89784        0.715418 
        5.85911         8.85194         0.71051 
        5.87484         8.77606         0.70565 
        5.89053         8.71581        0.700844 
        5.90623          8.6387        0.696081 
        5.92195         8.59304        0.691354 
        5.93767         8.52027        0.686674 
        5.95336         8.47435        0.682044 
        5.96905         8.41651        0.677459 
        5.98476         8.35475        0.672909 
        6.00048         8.28411          0.6684 
        6.01617         8.24038        0.663938 
        6.03185         8.17985        0.659523 
        6.04756         8.13245        0.655137 
        6.06331         8.07539        0.650781 
        6.07903         8.02175        0.646474 
        6.09473         7.97904         0.64221 
        6.11044         7.91388        0.637981 
        6.12616         7.85933         0.63379 
        6.14186         7.80068        0.629641 
        6.15755         7.75447         0.62553 
        6.17326         7.70805        0.621452 
        6.18898         7.65032        0.617408 
        6.20467         7.59569        0.613408 
        6.22036         7.54264        0.609443 
         6.2361         7.48176        0.605503 
         6.2518         7.44705        0.601604 
        6.26748          7.3973        0.597748 
        6.28319          7.3557        0.593915 
        6.29893         7.30382        0.590112 
        6.31463         7.24662        0.586349 
        6.33033         7.20719         0.58262 
        6.34604         7.16476        0.578921 
        6.36177         7.10845         0.57525 
        6.37747         7.06122        0.571618 
        6.39316          7.0242         0.56802 
        6.40888          6.9695        0.564445 
         6.4246         6.92015        0.560901 
        6.44031         6.87229        0.557389 
        6.45601         6.83452        0.553912 
        6.47172          6.8031         0.55046 
        6.48744         6.74221        0.547036 
        6.50313         6.69822        0.543648 
        6.51882         6.65915        0.540289 
        6.53452         6.60775        0.536955 
        6.55025         6.56926        0.533643 
        6.56597         6.53894        0.530364 
        6.58166         6.47946        0.527117 
        6.59736         6.45899        0.523895 
        6.61307         6.40378        0.520696 
         6.6288         6.36919        0.517523 
         6.6445         6.32776         0.51438 
         6.6602         6.28343        0.511264 
        6.67592         6.25541         0.50817 
        6.69164         6.21654        0.505103 
        6.70735         6.17289        0.502062 
        6.72304         6.12901        0.499049 
        6.73874         6.09967         0.49606 
        6.75446         6.05744        0.493092 
        6.77016         6.01063        0.490153 
        6.78585         5.97946        0.487237 
        6.80156          5.9406        0.484344 
        6.81729         5.90423         0.48147 
        6.83301         5.86922        0.478619 
         6.8487         5.84286        0.475798 
         6.8644         5.79637        0.472998 
        6.88012         5.76424        0.470218 
        6.89583         5.72517        0.467462 
        6.91151          5.6922        0.464733 
        6.92723         5.66321        0.462018 
        6.94296         5.63109        0.459324 
        6.95866         5.58352        0.456656 
        6.97436         5.55236         0.45401 
        6.99007         5.51999        0.451383 
        7.00578         5.49745        0.448777 
        7.02147         5.45559        0.446194 
        7.03718         5.41679        0.443629 
         7.0529         5.38423        0.441082 
        7.06863         5.36132        0.438554 
        7.08433         5.32919        0.436049 
        7.10004         5.29232        0.433565 
        7.11575         5.25675        0.431099 
        7.13145         5.23054        0.428653 
        7.14715         5.19791        0.426226 
        7.16284         5.16456        0.423821 
        7.17855         5.14055        0.421429 
        7.19428         5.10854        0.419054 
        7.20998         5.07759        0.416702 
        7.22568         5.04783        0.414367 
        7.24139         5.02244         0.41205 
        7.25711         4.98839        0.409749 
        7.27282         4.96333        0.407466 
        7.28852         4.92263        0.405203 
        7.30423         4.91303        0.402954 
        7.31995         4.87242        0.400724 
        7.33565         4.84333        0.398511 
        7.35135           4.821        0.396314 
        7.36706         4.79686        0.394135 
        7.38277         4.76137         0.39197 
        7.39847            4.73        0.389823 
        7.41419         4.70994        0.387691 
         7.4299         4.68739        0.385575 
        7.44561         4.65763        0.383475 
        7.46132         4.63847        0.381391 
        7.47701         4.59765        0.379325 
        7.49272         4.58039        0.377272 
        7.50842         4.55515        0.375235 
         7.5241          4.5256        0.373215 
        7.53981         4.49523        0.371208 
        7.55552         4.47128        0.369214 
        7.57125         4.45041        0.367233 
        7.58698         4.42728        0.365266 
        7.60268         4.39871        0.363318 
         7.6184          4.3799        0.361382 
        7.63411         4.34908         0.35946 
        7.64981         4.32098        0.357554 
        7.66552         4.30702        0.355661 
        7.68123         4.27777        0.353781 
        7.69695         4.25713        0.351914 
        7.71264          4.2335        0.350063 
        7.72834         4.21217        0.348225 
        7.74407         4.19023        0.346397 
        7.75978          4.1673        0.344583 
        7.77546         4.13896        0.342786 
        7.79116         4.12008        0.341001 
         7.8069         4.09469        0.339224 
         7.8226         4.07482        0.337462 
        7.83828         4.05462        0.335716 
        7.85399         4.03657         0.33398 
        7.86972         4.01146        0.332253 
        7.88543         3.98625        0.330541 
        7.90111         3.96097        0.328844 
        7.91681         3.94624        0.327157 
        7.93255         3.91464        0.325478 
        7.94828         3.89853        0.323811 
        7.96397         3.88169        0.322159 
        7.97967         3.86023        0.320519 
        7.99538         3.84334        0.318889 
         8.0111         3.81817         0.31727 
         8.0268         3.80163        0.315663 
        8.04248         3.77876         0.31407 
         8.0582          3.7612        0.312484 
        8.07393         3.74358        0.310908 
        8.08963         3.71757        0.309345 
        8.10533         3.70373        0.307794 
        8.12104         3.67886        0.306252 
        8.13675         3.66327        0.304721 
        8.15245         3.64902        0.303201 
        8.16815         3.63051        0.301692 
        8.18387          3.6057        0.300191 
        8.19959         3.59051        0.298699 
         8.2153          3.5739         0.29722 
        8.23101         3.54938         0.29575 
        8.24672         3.52932         0.29429 
        8.26241         3.51997        0.292842 
         8.2781         3.50271        0.291404 
        8.29381         3.47893        0.289973 
        8.30952         3.46519        0.288553 
        8.32524         3.44738         0.28714 
        8.34095         3.42656        0.285738 
        8.35666         3.41465        0.284346 
        8.37237         3.39452        0.282963 
        8.38808         3.38122        0.281588 
        8.40379         3.36312        0.280224 
         8.4195         3.34493        0.278868 
         8.4352         3.32782        0.277522 
        8.45091         3.31204        0.276185 
        8.46662         3.29636        0.274855 
        8.48232          3.2795        0.273536 
        8.49802         3.26392        0.272225 
        8.51374         3.24054        0.270921 
        8.52945          3.2305        0.269627 
        8.54515         3.21499        0.268342 
        8.56086         3.19403        0.267064 
        8.57658         3.18574        0.265794 
        8.59228         3.17201        0.264534 
        8.60799         3.15196         0.26328 
        8.62371         3.13629        0.262035 
        8.63942         3.12676        0.260799 
        8.65512         3.10758        0.259571 
        8.67082         3.09085        0.258351 
        8.68653         3.07783        0.257138 
        8.70224          3.0658        0.255933 
        8.71795         3.04504        0.254736 
        8.73365         3.03194        0.253546 
        8.74936         3.02327        0.252364 
        8.76506         3.00321        0.251191 
        8.78076         2.99471        0.250024 
        8.79646         2.97588        0.248866 
        8.81218         2.96249        0.247713 
        8.82791         2.95268        0.246566 
         8.8436         2.93625         0.24543 
         8.8593         2.92548          0.2443 
        8.87503         2.90911        0.243175 
        8.89076         2.89475        0.242058 
        8.90644         2.88588         0.24095 
        8.92214         2.86802        0.239849 
        8.93786         2.85522        0.238753 
        8.95357         2.84147        0.237664 
        8.96928         2.83368        0.236583 
        8.98498         2.82058        0.235508 
        9.00069         2.80474         0.23444 
        9.01639         2.79199        0.233379 
        9.03208         2.78147        0.232325 
        9.04778         2.76288        0.231277 
        9.06351         2.75485        0.230234 
        9.07923         2.73784        0.229197 
        9.09493         2.72732        0.228169 
        9.11062         2.71881        0.227147 
        9.12635          2.7069        0.226129 
        9.14207         2.69214        0.225118 
        9.15777         2.68116        0.224115 
        9.17346         2.67343        0.223118 
        9.18917         2.66306        0.222125 
         9.2049         2.64651        0.221138 
        9.22061         2.63264        0.220158 
        9.23631          2.6253        0.219185 
        9.25201          2.6111        0.218217 
        9.26773          2.5999        0.217255 
        9.28343         2.58921        0.216298 
        9.29913         2.58036        0.215348 
        9.31484          2.5666        0.214403 
        9.33057         2.55359        0.213463 
        9.34627         2.54826        0.212529 
        9.36197         2.53448        0.211602 
        9.37768         2.52575        0.210679 
        9.39338         2.51442        0.209762 
        9.40909         2.50219        0.208851 
        9.42479         2.49325        0.207946 
         9.4405         2.48278        0.207045 
        9.45621         2.47195         0.20615 
        9.47193         2.46233        0.205259 
        9.48763         2.45084        0.204375 
        9.50334          2.4427        0.203496 
        9.51906          2.4307        0.202622 
        9.53476         2.42095        0.201753 
        9.55045         2.41198         0.20089 
        9.56616         2.40351        0.200031 
        9.58188         2.39083        0.199176 
        9.59759         2.38005        0.198327 
         9.6133         2.37336        0.197482 
        9.62901         2.36352        0.196643 
        9.64471         2.35485        0.195808 
        9.66041         2.34759        0.194978 
        9.67612         2.33693        0.194151 
        9.69184          2.3254        0.193329 
        9.70754         2.32018        0.192513 
        9.72324         2.31075        0.191702 
        9.73895         2.29852        0.190896 
        9.75467         2.29416        0.190094 
        9.77038         2.28353        0.189298 
        9.78607         2.27746        0.188509 
        9.80177          2.2658        0.187724 
        9.81749         2.25679        0.186943 
         9.8332         2.24652        0.186169 
         9.8489         2.24089          0.1854 
        9.86463         2.22986        0.184635 
        9.88035         2.22146        0.183873 
        9.89606         2.21458        0.183117 
        9.91175         2.20651        0.182364 
        9.92745         2.19744        0.181613 
        9.94317         2.19152        0.180864 
        9.95888         2.18155        0.180117 
        9.97458         2.17294        0.179371 
        9.99029         2.16551        0.178626 
         10.006         2.15758        0.178166 
        10.0217         2.15243        0.178166 
        10.0374         2.14005        0.178166 
        10.0531         2.13349        0.178166 
        10.0688         2.12499        0.178166 
        10.0845         2.12042        0.178166 
        10.1002         2.11457        0.178166 
        10.1159         2.10607        0.178166 
        10.1317          2.0971        0.178166 
        10.1474          2.0894        0.178166 
        10.1631         2.08374        0.178166 
        10.1788         2.07594        0.178166 
        10.1945         2.07063        0.178166 
        10.2102         2.06283        0.178166 
        10.2259         2.05737        0.178166 
        10.2416         2.04856        0.178166 
        10.2573         2.04073        0.178166 
         10.273         2.03566        0.178166 
        10.2887         2.02784        0.178166 
        10.3044         2.02174        0.178166 
        10.3201         2.01478        0.178166 
        10.3359         2.00774        0.178166 
        10.3516         2.00339        0.178166 
        10.3673         1.99654        0.178166 
         10.383         1.99033        0.178166 
        10.3987         1.98179        0.178166 
        10.4144           1.977        0.178166 
        10.4301         1.97109        0.178166 
        10.4458         1.96572        0.178166 
        10.4615         1.95714        0.178166 
        10.4772         1.95335        0.178166 
        10.4929         1.94781        0.178166 
        10.5086         1.94112        0.178166 
        10.5244         1.93573        0.178166 
        10.5401         1.93145        0.178166 
        10.5558         1.92336        0.178166 
        10.5715         1.91891        0.178166 
        10.5872         1.91312        0.178166 
        10.6029         1.90732        0.178166 
        10.6186          1.9009        0.178166 
        10.6343         1.89744        0.178166 
          10.65         1.89101        0.178166 
        10.6657         1.88353        0.178166 
        10.6814         1.88224        0.178166 
        10.6971         1.87627        0.178166 
        10.7129          1.8703        0.178166 
        10.7286         1.86224        0.178166 
        10.7443         1.85739        0.178166 
          10.76         1.85477        0.178166 
        10.7757         1.85072        0.178166 
        10.7914         1.84552        0.178166 
        10.8071         1.83901        0.178166 
        10.8228         1.83553        0.178166 
        10.8385         1.83063        0.178166 
        10.8542         1.82725        0.178166 
        10.8699         1.82067        0.178166 
        10.8856         1.81781        0.178166 
        10.9014         1.81227        0.178166 
        10.9171         1.80705        0.178166 
        10.9328         1.80537        0.178166 
        10.9485         1.80137        0.178166 
        10.9642         1.79688        0.178166 
        10.9799         1.79261        0.178166 
        10.9956         1.78938        0.178166 
        11.0113         1.78538        0.178166 
         11.027         1.77839        0.178166 
        11.0427         1.77539        0.178166 
        11.0584         1.77214        0.178166 
        11.0741         1.76811        0.178166 
        11.0898         1.76427        0.178166 
        11.1055         1.76023        0.178166 
        11.1212         1.75764        0.178166 
         11.137         1.75329        0.178166 
        11.1527         1.74991        0.178166 
        11.1684         1.74503        0.178166 
        11.1841         1.74099        0.178166 
        11.1998         1.73802        0.178166 
        11.2155         1.73341        0.178166 
        11.2312         1.73433        0.178166 
        11.2469         1.72871        0.178166 
        11.2626         1.72624        0.178166 
        11.2783         1.72282        0.178166 
         11.294         1.72045        0.178166 
        11.3097         1.71837        0.178166 
        11.3254         1.71265        0.178166 
        11.3412         1.71056        0.178166 
        11.3569         1.70751        0.178166 
        11.3726         1.70438        0.178166 
        11.3883         1.70096        0.178166 
         11.404         1.69972        0.178166 
        11.4197         1.69642        0.178166 
        11.4354         1.69433        0.178166 
        11.4511          1.6929        0.178166 
        11.4668         1.68923        0.178166 
        11.4825         1.68523        0.178166 
        11.4982         1.68536        0.178166 
         11.514         1.68082        0.178166 
        11.5297         1.68029        0.178166 
        11.5454         1.67802        0.178166 
        11.5611         1.67455        0.178166 
        11.5768          1.6729        0.178166 
        11.5925         1.67272        0.178166 
        11.6082         1.66852        0.178166 
        11.6239         1.66649        0.178166 
        11.6396         1.66406        0.178166 
        11.6553         1.66359        0.178166 
         11.671         1.66328        0.178166 
        11.6867         1.65916        0.178166 
        11.7024         1.65888        0.178166 
        11.7182         1.65632        0.178166 
        11.7339         1.65495        0.178166 
        11.7496         1.65522        0.178166 
        11.7653         1.65363        0.178166 
         11.781         1.65264        0.178166 
        11.7967         1.64957        0.178166 
        11.8124         1.64952        0.178166 
        11.8281         1.64812        0.178166 
        11.8438         1.64682        0.178166 
        11.8595         1.64711        0.178166 
        11.8752         1.64599        0.178166 
         11.891         1.64622        0.178166 
        11.9067         1.64615        0.178166 
        11.9224          1.6428        0.178166 
        11.9381         1.64414        0.178166 
        11.9538         1.64039        0.178166 
        11.9695         1.64078        0.178166 
        11.9852         1.64107        0.178166 
        12.0009         1.64191        0.178166 
        12.0166         1.64159        0.178166 
        12.0323          1.6398        0.178166 
         12.048         1.63945        0.178166 
        12.0637         1.63977        0.178166 
