# k  (h/Mpc)    Pcb(k)  (Mpc/h)^3    Pcb_linear(k) (Mpc/h)^3   ShotnoiseSubtracted = true
      0.0200456         27485.2         28217.4 
      0.0350414         20848.6         22125.3 
      0.0492313           16852         17530.1 
      0.0637834         14402.8         14254.7 
      0.0800726         10937.3         10768.1 
       0.096163         7999.46         8469.78 
       0.111083         6745.36         7169.65 
       0.126058          5986.6         5960.03 
       0.142273         5085.14         4849.89 
       0.158546          4736.3         4131.54 
        0.17375         3863.65         3594.58 
       0.188953         3747.67         3090.25 
       0.204907         3511.03         2675.05 
       0.220756         3097.62         2364.32 
        0.23588         2808.28         2100.03 
         0.2514         2476.14         1860.79 
       0.267535         2487.89         1659.51 
       0.283568         2257.16         1491.21 
       0.299022         2159.27         1346.61 
       0.314451         2053.56         1220.91 
       0.330372         1872.34         1110.11 
       0.346141         1866.27          1013.4 
       0.361624         1790.75           928.8 
       0.377134         1681.72         853.981 
       0.392932         1610.03          786.56 
       0.408854         1578.98          725.77 
       0.424564         1456.08         671.926 
       0.440253         1426.02          623.73 
       0.455999         1415.12         580.154 
       0.471626          1353.2         540.961 
        0.48727         1308.66         505.343 
       0.502856         1248.19         473.065 
       0.518488         1263.18         443.525 
       0.534347         1177.17         416.122 
       0.550082         1169.91         391.225 
       0.565732          1147.4          368.49 
       0.581496          1099.7         347.417 
       0.597222         1067.91         328.038 
       0.612804         1054.19           310.3 
       0.628434         1024.95         293.832 
       0.644267         999.661         278.371 
       0.660051         981.229          264.07 
       0.675724         970.997         250.866 
       0.691403          945.08         238.564 
       0.707174         911.488         227.025 
       0.722871         886.644           216.3 
        0.73838         875.486         206.387 
       0.754018         859.298         197.024 
       0.769845          844.85          188.14 
        0.78569         833.231         179.798 
       0.801365         808.661         172.045 
       0.817031         796.909         164.755 
       0.832809         782.173         157.842 
       0.848511          766.24         151.358 
       0.864097         743.036         145.283 
       0.879701         729.801         139.538 
       0.895507         725.496         134.036 
       0.911279         716.168         128.843 
        0.92691         697.326         123.969 
       0.942635         677.875         119.322 
       0.958396         670.446         114.904 
       0.974128         659.939         110.719 
       0.989692         649.584         106.784 
        1.00528         628.153         103.036 
        1.02113         628.543         99.4103 
        1.03692         613.356          95.973 
        1.05264         602.914         92.7149 
        1.06832         590.942         89.6139 
        1.08405         579.604         86.6472 
        1.09979         570.611         83.8136 
        1.11537         561.962         81.1354 
        1.13105         554.434         78.5587 
        1.14679         542.123         76.0846 
        1.16256         532.854         73.7126 
        1.17828         527.207         71.4499 
        1.19395         517.341         69.2902 
         1.2097         503.297         67.2092 
        1.22537         497.039          65.224 
          1.241         487.651         63.3252 
        1.25666         485.341         61.4976 
        1.27241         473.862         59.7338 
        1.28819         460.914         58.0364 
        1.30392          458.16         56.4102 
        1.31957         446.535         54.8537 
        1.33529         441.949         53.3504 
        1.35108         432.911         51.8977 
        1.36674         425.621         50.5097 
         1.3824         420.961         49.1738 
        1.39811         410.861          47.882 
        1.41389          406.87         46.6318 
        1.42964         402.701         45.4285 
        1.44531         397.313         44.2736 
        1.46101         389.122         43.1566 
        1.47667         380.066         42.0815 
        1.49229         377.578         41.0461 
        1.50793         366.137         40.0444 
        1.52367         365.015         39.0698 
        1.53953         354.376         38.1212 
        1.55526         354.467         37.2117 
        1.57092         350.688         36.3358 
        1.58662         343.129          35.486 
        1.60235         338.275         34.6619 
        1.61809         334.156         33.8636 
        1.63369         326.895         33.0975 
        1.64941         320.747         32.3498 
        1.66519         317.389         31.6225 
        1.68085         314.403         30.9228 
        1.69652         310.603         30.2441 
        1.71228         302.744          29.582 
        1.72806         300.037         28.9392 
        1.74368         293.686          28.322 
        1.75933         290.517         27.7216 
        1.77505         285.061         27.1359 
        1.79081         282.268         26.5661 
         1.8065         277.109         26.0151 
        1.82218         274.576         25.4802 
        1.83797         270.301         24.9568 
        1.85367         265.545         24.4509 
        1.86928         260.972         23.9622 
        1.88497         258.682         23.4842 
        1.90073         254.252         23.0175 
        1.91647         250.435         22.5639 
        1.93218          247.05         22.1235 
        1.94787          243.89         21.6955 
        1.96363         240.683         21.2772 
        1.97935         236.247         20.8708 
        1.99499         233.216         20.4773 
        2.01064         229.926         20.0934 
         2.0264         226.939          19.717 
        2.04216         225.115         19.3504 
        2.05781         221.957         18.9954 
        2.07353         217.966         18.6481 
        2.08928         214.762         18.3087 
        2.10499         211.761         17.9787 
        2.12065         208.897         17.6579 
        2.13633         207.017         17.3446 
        2.15211         204.081         17.0369 
        2.16785         202.181         16.7375 
        2.18349         199.315         16.4472 
        2.19916         195.506         16.1632 
        2.21489         194.848          15.885 
        2.23063         191.398         15.6131 
         2.2463         188.181         15.3488 
        2.26194         185.911         15.0913 
        2.27765         182.702         14.8385 
        2.29341         180.924         14.5907 
        2.30914         178.334         14.3491 
        2.32486         177.209         14.1132 
        2.34061         173.067         13.8821 
        2.35635         172.886         13.6565 
        2.37203         169.332         13.4366 
        2.38768         166.716          13.222 
        2.40339         165.853         13.0114 
        2.41914         163.533         12.8048 
        2.43483         161.482         12.6035 
         2.4505         159.153         12.4069 
        2.46622         157.809         12.2137 
        2.48195         155.494         12.0247 
        2.49759         153.908         11.8407 
        2.51328         151.542         11.6601 
        2.52906         150.094         11.4821 
        2.54479         148.667         11.3084 
        2.56049          146.57         11.1387 
        2.57618         144.984         10.9727 
        2.59189          143.06         10.8097 
        2.60758         140.864         10.6504 
        2.62325         139.614         10.4944 
        2.63898         137.489         10.3411 
        2.65468           136.6         10.1911 
        2.67044         135.375         10.0434 
        2.68618         133.341         9.89906 
        2.70184         131.592          9.7581 
        2.71755         130.155         9.61953 
        2.73329         127.917         9.48345 
        2.74897         127.319         9.35044 
        2.76462         125.681         9.22028 
        2.78034         124.404         9.09206 
        2.79607         122.927         8.96614 
        2.81179         121.676         8.84276 
        2.82749         120.248         8.72183 
        2.84321         118.214         8.60304 
        2.85893         116.992         8.48649 
        2.87462         115.854          8.3723 
        2.89033         114.288         8.26011 
        2.90605         113.812         8.14988 
        2.92176         111.812         8.04172 
        2.93747         110.821         7.93558 
        2.95318         109.709         7.83133 
        2.96891         108.519         7.72891 
        2.98456         107.235         7.62877 
        3.00023         106.403         7.53026 
        3.01596         104.952         7.43319 
        3.03164         103.971          7.3381 
        3.04738         102.583          7.2444 
         3.0631         101.556         7.15237 
        3.07883         100.383         7.06193 
        3.09456         99.3055         6.97308 
        3.11026         98.6953         6.88589 
        3.12596         97.1354         6.80019 
        3.14163         96.1678         6.71616 
        3.15734         95.5471         6.63335 
        3.17308         94.2512         6.55174 
        3.18879         93.1706         6.47172 
        3.20447         92.3398         6.39316 
         3.2202         91.3653         6.31566 
         3.2359         90.4882         6.23958 
        3.25157         89.4734         6.16493 
        3.26729         88.3221         6.09128 
        3.28304         87.6441         6.01869 
        3.29877          86.794         5.94738 
        3.31446         85.6255         5.87738 
        3.33014         85.3467         5.80856 
        3.34585         84.0009         5.74075 
        3.36158         83.2659         5.67391 
        3.37727         82.1172         5.60835 
        3.39294         81.3509         5.54388 
        3.40867          80.616          5.4802 
        3.42439         79.7464         5.41755 
        3.44008         78.9536           5.356 
        3.45578         78.1259         5.29537 
        3.47153         77.5663         5.23554 
        3.48724         76.5109         5.17673 
        3.50292         75.9495         5.11897 
        3.51859          75.108         5.06212 
        3.53431         74.3976         5.00595 
        3.55007         73.6779          4.9505 
        3.56577         73.0416         4.89611 
        3.58146         72.5807         4.84255 
        3.59719         71.5613         4.78968 
        3.61292         70.8207         4.73761 
        3.62859         70.1134         4.68652 
        3.64429         69.4212         4.63607 
        3.66003          68.845         4.58622 
        3.67578         68.0472         4.53712 
        3.69146         67.5656         4.48892 
        3.70712           66.98         4.44151 
        3.72284         66.2939         4.39461 
        3.73853         65.6614         4.34847 
        3.75422          65.055         4.30297 
        3.76993         64.4717         4.25808 
        3.78564         63.6175         4.21385 
        3.80137         63.2699         4.17018 
        3.81707         62.6877         4.12722 
        3.83279         61.9345         4.08483 
        3.84853         61.4123         4.04297 
        3.86424         60.8827         4.00177 
        3.87992         60.4879         3.96121 
        3.89561         59.7374         3.92121 
        3.91134         59.0998         3.88168 
        3.92704         58.7469         3.84274 
        3.94273         58.0983         3.80438 
        3.95845         57.6582         3.76646 
        3.97418         56.9028         3.72906 
        3.98988          56.535         3.69221 
        4.00554         56.0453         3.65597 
        4.02125          55.597          3.6201 
        4.03698         55.1235         3.58466 
        4.05268         54.5788         3.54978 
        4.06839         54.1367         3.51533 
         4.0841         53.5723         3.48135 
        4.09983         53.1835         3.44777 
        4.11555         52.5992         3.41465 
        4.13124         52.1542         3.38206 
        4.14693         51.7698         3.34986 
        4.16266         51.2246         3.31801 
        4.17839           50.84         3.28659 
        4.19408          50.352         3.25564 
        4.20977         49.9582         3.22509 
        4.22551         49.4617         3.19485 
        4.24123         49.0104         3.16503 
        4.25691         48.6328         3.13567 
        4.27259         48.1575         3.10668 
        4.28831         47.9469         3.07799 
        4.30404         47.3298         3.04964 
        4.31974         47.0536         3.02171 
        4.33543         46.5505         2.99414 
        4.35116         46.0837         2.96685 
        4.36688         45.8023         2.93991 
        4.38255         45.3174         2.91341 
        4.39825         44.9167         2.88717 
        4.41398         44.5441          2.8612 
         4.4297          44.229         2.83559 
        4.44541         43.7703         2.81029 
        4.46111         43.4533         2.78532 
        4.47683         43.0081         2.76063 
        4.49251         42.8703         2.73629 
        4.50819         42.3635         2.71225 
         4.5239         42.0019         2.68847 
        4.53962         41.6704         2.66494 
        4.55535         41.3804         2.64169 
        4.57106         41.1506         2.61874 
        4.58678         40.7196         2.59606 
         4.6025         40.2999         2.57364 
        4.61821         39.9595         2.55149 
        4.63391         39.7253         2.52964 
         4.6496         39.2127         2.50804 
        4.66532         38.9934         2.48667 
        4.68103         38.7608         2.46555 
        4.69673         38.4025          2.4447 
        4.71241         38.1028         2.42411 
        4.72811         37.7794         2.40372 
        4.74384         37.4697         2.38354 
        4.75955         37.2152         2.36363 
        4.77525         36.8871         2.34395 
        4.79096         36.6151         2.32447 
        4.80669         36.2673         2.30521 
         4.8224         36.0245         2.28618 
        4.83809          35.679         2.26739 
        4.85379          35.404          2.2488 
         4.8695           35.13          2.2304 
        4.88521         34.8028         2.21222 
        4.90093          34.474         2.19423 
        4.91663         34.3479         2.17646 
        4.93234         34.0189         2.15887 
        4.94807         33.7291         2.14146 
        4.96377          33.448         2.12428 
        4.97943         33.2262         2.10732 
        4.99514         32.9073          2.0905 
        5.01086         32.6594         2.07386 
        5.02654         32.4487         2.05743 
        5.04227         32.1973         2.04114 
          5.058         31.9154         2.02502 
        5.07371          31.689          2.0091 
        5.08942         31.4446         1.99335 
        5.10513         31.2385         1.97776 
        5.12084         30.9226         1.96234 
        5.13656         30.7762         1.94708 
        5.15225         30.5031         1.93201 
        5.16796         30.2695         1.91708 
        5.18369         30.0022         1.90229 
         5.1994         29.8053         1.88768 
        5.21509         29.5628         1.87324 
        5.23079         29.3095         1.85893 
        5.24649         29.0473         1.84479 
        5.26217         28.8338          1.8308 
        5.27788         28.6769         1.81694 
        5.29359         28.4306         1.80321 
        5.30933         28.2533         1.78961 
        5.32504         28.0314         1.77617 
        5.34073         27.8292         1.76289 
        5.35646         27.5962         1.74971 
        5.37218          27.372         1.73667 
        5.38789         27.1687         1.72378 
        5.40357         26.9219         1.71103 
        5.41929         26.7592         1.69839 
        5.43502         26.5762         1.68587 
         5.4507         26.3769         1.67351 
        5.46639         26.1831         1.66127 
        5.48212         25.9703         1.64913 
        5.49786         25.7913         1.63709 
        5.51353         25.5996         1.62523 
        5.52921          25.377         1.61347 
        5.54495         25.2885          1.6018 
        5.56066         25.0552         1.59026 
        5.57637         24.8647         1.57883 
        5.59207         24.7075         1.56752 
        5.60778         24.4982         1.55632 
        5.62346         24.3077         1.54525 
        5.63916         24.1901         1.53427 
        5.65487          23.988          1.5234 
         5.6706         23.7347         1.51261 
        5.68633         23.5777         1.50193 
        5.70203         23.4284         1.49137 
        5.71773         23.2997         1.48091 
        5.73344         23.1301         1.47055 
        5.74916         22.9485         1.46028 
        5.76486         22.7827         1.45012 
        5.78054         22.6021         1.44008 
        5.79626           22.46          1.4301 
          5.812         22.2842          1.4202 
         5.8277         22.0403         1.41043 
        5.84339         22.0018         1.40075 
        5.85911         21.8187         1.39114 
        5.87484          21.662         1.38162 
        5.89053         21.4845         1.37221 
        5.90623         21.3527         1.36289 
        5.92195         21.2055         1.35363 
        5.93767         21.0615         1.34447 
        5.95336         20.9268          1.3354 
        5.96905         20.7715         1.32643 
        5.98476         20.6338         1.31752 
        6.00048         20.4693         1.30869 
        6.01617         20.3302         1.29995 
        6.03185         20.1978         1.29131 
        6.04756         20.0635         1.28272 
        6.06331          19.914         1.27419 
        6.07903         19.7608         1.26576 
        6.09473           19.66         1.25741 
        6.11044          19.485         1.24913 
        6.12616          19.378         1.24093 
        6.14186         19.2454          1.2328 
        6.15755         19.0855         1.22475 
        6.17326         18.9622         1.21677 
        6.18898         18.8482         1.20885 
        6.20467         18.7214         1.20102 
        6.22036         18.5732         1.19326 
         6.2361         18.4319         1.18554 
         6.2518         18.3021         1.17791 
        6.26748         18.1934         1.17036 
        6.28319           18.03         1.16285 
        6.29893         17.9621         1.15541 
        6.31463         17.8337         1.14804 
        6.33033         17.7044         1.14074 
        6.34604         17.5766          1.1335 
        6.36177          17.442         1.12631 
        6.37747         17.3768          1.1192 
        6.39316         17.2102         1.11215 
        6.40888         17.0886         1.10515 
         6.4246         16.9842         1.09821 
        6.44031         16.8844         1.09134 
        6.45601         16.7778         1.08453 
        6.47172         16.6294         1.07777 
        6.48744         16.5512         1.07107 
        6.50313         16.4563         1.06443 
        6.51882         16.3048         1.05786 
        6.53452         16.2041         1.05133 
        6.55025         16.0874         1.04484 
        6.56597          15.983         1.03842 
        6.58166         15.8757         1.03206 
        6.59736         15.7548         1.02576 
        6.61307         15.6767         1.01949 
         6.6288         15.5936         1.01328 
         6.6445         15.4846         1.00713 
         6.6602         15.3784         1.00103 
        6.67592         15.2916        0.994969 
        6.69164         15.1497        0.988964 
        6.70735         15.0746        0.983009 
        6.72304         14.9664        0.977111 
        6.73874         14.8839        0.971259 
        6.75446         14.7684        0.965448 
        6.77016         14.6763        0.959692 
        6.78585         14.5811        0.953983 
        6.80156         14.4971        0.948319 
        6.81729         14.4001        0.942691 
        6.83301         14.3002         0.93711 
         6.8487         14.2072        0.931587 
         6.8644         14.1188        0.926104 
        6.88012         14.0342        0.920661 
        6.89583         13.9333        0.915265 
        6.91151         13.8578        0.909921 
        6.92723         13.7506        0.904605 
        6.94296          13.693        0.899331 
        6.95866         13.5787        0.894107 
        6.97436         13.5132        0.888926 
        6.99007         13.4317        0.883782 
        7.00578         13.3343         0.87868 
        7.02147         13.2335        0.873623 
        7.03718           13.15        0.868601 
         7.0529         13.0791        0.863615 
        7.06863         12.9873        0.858664 
        7.08433         12.9055         0.85376 
        7.10004         12.8464        0.848896 
        7.11575         12.7402        0.844068 
        7.13145         12.6734        0.839278 
        7.14715         12.5809        0.834527 
        7.16284         12.4979        0.829818 
        7.17855         12.4323        0.825135 
        7.19428         12.3611        0.820484 
        7.20998         12.2611        0.815879 
        7.22568          12.208        0.811308 
        7.24139         12.1281         0.80677 
        7.25711         12.0691        0.802266 
        7.27282         11.9691        0.797796 
        7.28852         11.9043        0.793365 
        7.30423         11.8112        0.788963 
        7.31995         11.7522        0.784595 
        7.33565         11.6768        0.780262 
        7.35135          11.597        0.775962 
        7.36706         11.5352        0.771695 
        7.38277         11.4611        0.767456 
        7.39847         11.3877        0.763253 
        7.41419         11.3439        0.759078 
         7.4299         11.2352        0.754935 
        7.44561         11.1849        0.750824 
        7.46132         11.1175        0.746743 
        7.47701         11.0691        0.742698 
        7.49272         10.9665        0.738678 
        7.50842         10.9191        0.734689 
         7.5241         10.8539        0.730735 
        7.53981         10.7786        0.726804 
        7.55552         10.7244        0.722901 
        7.57125         10.6581        0.719022 
        7.58698         10.5957        0.715171 
        7.60268         10.5297        0.711357 
         7.6184         10.4693        0.707566 
        7.63411         10.4075        0.703803 
        7.64981         10.3415         0.70007 
        7.66552          10.287        0.696364 
        7.68123         10.2103        0.692684 
        7.69695         10.1377        0.689028 
        7.71264         10.0876        0.685404 
        7.72834         10.0345        0.681805 
        7.74407         9.96568        0.678226 
        7.75978         9.90375        0.674674 
        7.77546         9.85728        0.671157 
        7.79116         9.80575         0.66766 
         7.8069         9.74937        0.664181 
         7.8226         9.68955        0.660732 
        7.83828         9.63321        0.657314 
        7.85399         9.57443        0.653915 
        7.86972         9.52745        0.650533 
        7.88543         9.46903        0.647181 
        7.90111          9.3964        0.643858 
        7.91681         9.34061        0.640554 
        7.93255          9.3001        0.637267 
        7.94828         9.22966        0.634004 
        7.96397         9.19437         0.63077 
        7.97967         9.11873        0.627558 
        7.99538         9.08305        0.624367 
         8.0111         9.03732        0.621197 
         8.0268         8.97271        0.618052 
        8.04248         8.92294        0.614932 
         8.0582         8.87714        0.611827 
        8.07393         8.81203         0.60874 
        8.08963         8.75504        0.605681 
        8.10533         8.72277        0.602644 
        8.12104         8.67768        0.599625 
        8.13675         8.62449        0.596626 
        8.15245          8.5661         0.59365 
        8.16815          8.5172        0.590695 
        8.18387         8.47421        0.587756 
        8.19959         8.42134        0.584837 
         8.2153         8.37507        0.581939 
        8.23101         8.32748        0.579062 
        8.24672         8.27552        0.576204 
        8.26241         8.22953        0.573369 
         8.2781         8.18873        0.570553 
        8.29381         8.14283        0.567752 
        8.30952         8.09821         0.56497 
        8.32524         8.05469        0.562204 
        8.34095         8.00145        0.559459 
        8.35666         7.96382        0.556733 
        8.37237         7.91509        0.554025 
        8.38808         7.87053        0.551334 
        8.40379         7.83444        0.548663 
         8.4195         7.79078        0.546009 
         8.4352         7.74871        0.543373 
        8.45091         7.69325        0.540754 
        8.46662         7.66127        0.538152 
        8.48232         7.61064        0.535568 
        8.49802         7.57773        0.533001 
        8.51374         7.53456        0.530449 
        8.52945         7.48714        0.527914 
        8.54515         7.44849        0.525398 
        8.56086         7.40653        0.522896 
        8.57658         7.37266         0.52041 
        8.59228         7.32126        0.517942 
        8.60799         7.28779        0.515488 
        8.62371         7.24886        0.513051 
        8.63942         7.21138         0.51063 
        8.65512         7.17275        0.508225 
        8.67082         7.13908        0.505837 
        8.68653         7.08998        0.503462 
        8.70224         7.05805        0.501102 
        8.71795         7.01662        0.498758 
        8.73365         6.98794         0.49643 
        8.74936         6.95281        0.494116 
        8.76506          6.9032        0.491818 
        8.78076         6.87011        0.489534 
        8.79646          6.8395        0.487265 
        8.81218         6.78576        0.485008 
        8.82791         6.76519        0.482763 
         8.8436         6.72354        0.480538 
         8.8593         6.69738        0.478326 
        8.87503         6.64734        0.476124 
        8.89076         6.61916        0.473936 
        8.90644         6.58918        0.471768 
        8.92214         6.54727        0.469611 
        8.93786         6.51194        0.467465 
        8.95357         6.48487        0.465334 
        8.96928         6.44168        0.463216 
        8.98498         6.40974        0.461112 
        9.00069         6.38292        0.459021 
        9.01639         6.35447        0.456942 
        9.03208         6.30957        0.454879 
        9.04778         6.27696        0.452827 
        9.06351         6.24853        0.450785 
        9.07923         6.22162        0.448756 
        9.09493         6.18352        0.446742 
        9.11062          6.1488        0.444741 
        9.12635          6.1242        0.442749 
        9.14207         6.08943        0.440769 
        9.15777         6.05476        0.438804 
        9.17346         6.02171        0.436852 
        9.18917         6.00554        0.434909 
         9.2049         5.96945        0.432977 
        9.22061         5.93678        0.431058 
        9.23631         5.90656        0.429152 
        9.25201         5.87746        0.427257 
        9.26773         5.84465        0.425373 
        9.28343          5.8216          0.4235 
        9.29913         5.78401         0.42164 
        9.31484         5.75953         0.41979 
        9.33057         5.72909        0.417948 
        9.34627         5.70816         0.41612 
        9.36197         5.67214        0.414305 
        9.37768         5.64957        0.412498 
        9.39338         5.61716        0.410703 
        9.40909         5.58564        0.408919 
        9.42479         5.56377        0.407146 
         9.4405         5.53496        0.405383 
        9.45621          5.5129        0.403629 
        9.47193         5.48076        0.401887 
        9.48763         5.45275        0.400155 
        9.50334         5.42347        0.398434 
        9.51906         5.40577        0.396722 
        9.53476         5.36915        0.395021 
        9.55045         5.34562        0.393331 
        9.56616         5.32696         0.39165 
        9.58188         5.29749        0.389976 
        9.59759         5.27074        0.388313 
         9.6133         5.25101         0.38666 
        9.62901         5.22483        0.385015 
        9.64471         5.19786        0.383381 
        9.66041         5.17427        0.381755 
        9.67612         5.15176        0.380137 
        9.69184         5.12923        0.378528 
        9.70754         5.09671        0.376931 
        9.72324         5.07873        0.375343 
        9.73895          5.0513        0.373764 
        9.75467         5.02786        0.372194 
        9.77038         5.00942        0.370636 
        9.78607         4.97961        0.369089 
        9.80177         4.95712        0.367553 
        9.81749         4.93525        0.366025 
         9.8332         4.91611        0.364509 
         9.8489         4.89472        0.363003 
        9.86463         4.86575        0.361504 
        9.88035         4.84457        0.360014 
        9.89606         4.82603        0.358532 
        9.91175          4.8065        0.357058 
        9.92745         4.77107        0.355588 
        9.94317         4.75858        0.354122 
        9.95888         4.73495        0.352659 
        9.97458         4.72053        0.351199 
        9.99029         4.69356         0.34974 
         10.006         4.67906        0.348839 
        10.0217         4.64752        0.348839 
        10.0374         4.63076        0.348839 
        10.0531         4.60998        0.348839 
        10.0688         4.59092        0.348839 
        10.0845         4.56738        0.348839 
        10.1002         4.54883        0.348839 
        10.1159         4.53373        0.348839 
        10.1317         4.50846        0.348839 
        10.1474         4.49099        0.348839 
        10.1631         4.47123        0.348839 
        10.1788         4.45454        0.348839 
        10.1945         4.43693        0.348839 
        10.2102         4.41727        0.348839 
        10.2259         4.39864        0.348839 
        10.2416         4.37875        0.348839 
        10.2573         4.35874        0.348839 
         10.273         4.34265        0.348839 
        10.2887         4.31971        0.348839 
        10.3044         4.30543        0.348839 
        10.3201         4.28608        0.348839 
        10.3359         4.26384        0.348839 
        10.3516          4.2528        0.348839 
        10.3673         4.23248        0.348839 
         10.383         4.21493        0.348839 
        10.3987         4.19752        0.348839 
        10.4144         4.18035        0.348839 
        10.4301         4.16531        0.348839 
        10.4458         4.14471        0.348839 
        10.4615         4.13127        0.348839 
        10.4772         4.11936        0.348839 
        10.4929         4.09746        0.348839 
        10.5086         4.08131        0.348839 
        10.5244         4.06455        0.348839 
        10.5401         4.04893        0.348839 
        10.5558         4.03761        0.348839 
        10.5715         4.01679        0.348839 
        10.5872         4.00285        0.348839 
        10.6029         3.98944        0.348839 
        10.6186         3.97247        0.348839 
        10.6343         3.95731        0.348839 
          10.65         3.94088        0.348839 
        10.6657         3.92793        0.348839 
        10.6814         3.91207        0.348839 
        10.6971         3.90152        0.348839 
        10.7129         3.88084        0.348839 
        10.7286         3.86999        0.348839 
        10.7443         3.85287        0.348839 
          10.76         3.84573        0.348839 
        10.7757         3.82397        0.348839 
        10.7914         3.81162        0.348839 
        10.8071         3.79646        0.348839 
        10.8228         3.78571        0.348839 
        10.8385         3.77391        0.348839 
        10.8542          3.7576        0.348839 
        10.8699         3.74949        0.348839 
        10.8856         3.73765        0.348839 
        10.9014         3.71934        0.348839 
        10.9171         3.70833        0.348839 
        10.9328         3.69454        0.348839 
        10.9485         3.68093        0.348839 
        10.9642         3.67043        0.348839 
        10.9799         3.65804        0.348839 
        10.9956           3.642        0.348839 
        11.0113         3.63312        0.348839 
         11.027         3.61982        0.348839 
        11.0427          3.6092        0.348839 
        11.0584         3.59468        0.348839 
        11.0741         3.58534        0.348839 
        11.0898         3.57365        0.348839 
        11.1055         3.56067        0.348839 
        11.1212         3.55201        0.348839 
         11.137         3.54333        0.348839 
        11.1527         3.53111        0.348839 
        11.1684          3.5183        0.348839 
        11.1841         3.51132        0.348839 
        11.1998         3.49972        0.348839 
        11.2155         3.48857        0.348839 
        11.2312         3.47832        0.348839 
        11.2469         3.46924        0.348839 
        11.2626         3.45816        0.348839 
        11.2783         3.45009        0.348839 
         11.294         3.44306        0.348839 
        11.3097         3.42904        0.348839 
        11.3254         3.41558        0.348839 
        11.3412         3.40759        0.348839 
        11.3569         3.39831        0.348839 
        11.3726         3.39436        0.348839 
        11.3883         3.38354        0.348839 
         11.404         3.37362        0.348839 
        11.4197          3.3668        0.348839 
        11.4354         3.35664        0.348839 
        11.4511         3.34922        0.348839 
        11.4668          3.3411        0.348839 
        11.4825         3.33269        0.348839 
        11.4982         3.32202        0.348839 
         11.514         3.31748        0.348839 
        11.5297         3.30751        0.348839 
        11.5454         3.29842        0.348839 
        11.5611         3.29519        0.348839 
        11.5768         3.28763        0.348839 
        11.5925         3.27805        0.348839 
        11.6082         3.27193        0.348839 
        11.6239         3.26101        0.348839 
        11.6396         3.25746        0.348839 
        11.6553         3.25125        0.348839 
         11.671         3.24596        0.348839 
        11.6867         3.23921        0.348839 
        11.7024         3.23384        0.348839 
        11.7182         3.22543        0.348839 
        11.7339         3.21942        0.348839 
        11.7496         3.21384        0.348839 
        11.7653         3.20776        0.348839 
         11.781         3.20086        0.348839 
        11.7967         3.19572        0.348839 
        11.8124         3.19153        0.348839 
        11.8281         3.18611        0.348839 
        11.8438         3.18378        0.348839 
        11.8595         3.17697        0.348839 
        11.8752         3.17411        0.348839 
         11.891         3.16537        0.348839 
        11.9067          3.1638        0.348839 
        11.9224         3.15811        0.348839 
        11.9381          3.1544        0.348839 
        11.9538         3.14792        0.348839 
        11.9695          3.1471        0.348839 
        11.9852         3.14585        0.348839 
        12.0009         3.13894        0.348839 
        12.0166         3.13675        0.348839 
        12.0323         3.13338        0.348839 
         12.048         3.12903        0.348839 
        12.0637         3.12587        0.348839 
