# k  (h/Mpc)    Pcb(k)  (Mpc/h)^3    Pcb_linear(k) (Mpc/h)^3   ShotnoiseSubtracted = true
      0.0200456         1811.97         1835.71 
      0.0350414         1425.26         1439.38 
      0.0492313         1138.86         1140.44 
      0.0637834         936.394         927.356 
      0.0800726         712.001         700.528 
       0.096163         546.196          551.01 
       0.111083         457.343         466.429 
       0.126058         390.858         387.736 
       0.142273         322.359         315.515 
       0.158546         274.121         268.782 
        0.17375         232.685         233.849 
       0.188953         206.234         201.039 
       0.204907         186.018         174.028 
       0.220756          160.39         153.813 
        0.23588         142.158          136.62 
         0.2514          124.95         121.056 
       0.267535         113.604         107.961 
       0.283568         102.955         97.0124 
       0.299022         94.1754         87.6049 
       0.314451         83.9618         79.4278 
       0.330372         77.6401         72.2192 
       0.346141         70.7456         65.9277 
       0.361624         65.7919         60.4241 
       0.377134         61.7128         55.5566 
       0.392932         54.7543         51.1705 
       0.408854         52.6655         47.2157 
       0.424564          49.494         43.7128 
       0.440253         45.5993         40.5774 
       0.455999         43.0498         37.7425 
       0.471626         40.3407         35.1927 
        0.48727         38.2764         32.8756 
       0.502856         35.8303         30.7758 
       0.518488         34.2575          28.854 
       0.534347          32.787         27.0713 
       0.550082         30.0141         25.4515 
       0.565732         27.9426         23.9725 
       0.581496         27.3864         22.6016 
       0.597222         26.3983         21.3408 
       0.612804         24.6081         20.1869 
       0.628434         23.7315         19.1155 
       0.644267         23.0092         18.1097 
       0.660051         21.7602         17.1794 
       0.675724         20.6583         16.3204 
       0.691403         19.9775           15.52 
       0.707174         19.2008         14.7693 
       0.722871         18.4203         14.0716 
        0.73838         17.7655         13.4267 
       0.754018         17.1062         12.8176 
       0.769845          16.428         12.2397 
        0.78569         15.9274          11.697 
       0.801365         15.2864         11.1926 
       0.817031          14.856         10.7183 
       0.832809         14.5041         10.2686 
       0.848511         13.6289         9.84674 
       0.864097         13.3071         9.45156 
       0.879701         12.9151         9.07776 
       0.895507         12.4201         8.71983 
       0.911279         12.1864         8.38201 
        0.92691         11.7935         8.06496 
       0.942635         11.2983         7.76262 
       0.958396         10.9946          7.4752 
       0.974128         10.7016         7.20293 
       0.989692          10.589         6.94697 
        1.00528         10.2046         6.70313 
        1.02113          9.8029         6.46724 
        1.03692         9.60398         6.24363 
        1.05264         9.34688         6.03167 
        1.06832         9.14072         5.82993 
        1.08405         8.81873         5.63692 
        1.09979         8.62096         5.45258 
        1.11537         8.47574         5.27835 
        1.13105         8.24099         5.11072 
        1.14679         8.07865         4.94976 
        1.16256         7.83463         4.79545 
        1.17828         7.73629         4.64825 
        1.19395         7.48449         4.50775 
         1.2097         7.28447         4.37236 
        1.22537         7.11167         4.24321 
          1.241         7.00295         4.11969 
        1.25666         6.91431         4.00079 
        1.27241         6.69664         3.88604 
        1.28819         6.54041         3.77562 
        1.30392         6.45023         3.66982 
        1.31957         6.30991         3.56856 
        1.33529         6.18835         3.47077 
        1.35108         6.02618         3.37626 
        1.36674         5.98498         3.28596 
         1.3824         5.76079         3.19906 
        1.39811         5.69298         3.11502 
        1.41389         5.60037         3.03368 
        1.42964         5.50124          2.9554 
        1.44531         5.39925         2.88027 
        1.46101         5.29568          2.8076 
        1.47667          5.1763         2.73766 
        1.49229         5.13036          2.6703 
        1.50793         4.98522         2.60513 
        1.52367         4.95454         2.54173 
        1.53953         4.83337         2.48001 
        1.55526         4.74271         2.42085 
        1.57092         4.70288         2.36386 
        1.58662          4.5829         2.30858 
        1.60235         4.52755         2.25496 
        1.61809         4.44641         2.20303 
        1.63369         4.36948         2.15319 
        1.64941         4.30962         2.10455 
        1.66519         4.25039         2.05723 
        1.68085         4.16034         2.01171 
        1.69652         4.09384         1.96756 
        1.71228         4.04146         1.92449 
        1.72806         3.97288         1.88267 
        1.74368         3.90601         1.84252 
        1.75933         3.86369         1.80346 
        1.77505         3.81044         1.76535 
        1.79081         3.73084         1.72828 
         1.8065          3.6935         1.69244 
        1.82218         3.64816         1.65764 
        1.83797         3.61107         1.62359 
        1.85367         3.54684         1.59068 
        1.86928         3.50131         1.55889 
        1.88497         3.44256         1.52779 
        1.90073         3.38813         1.49743 
        1.91647         3.34025         1.46792 
        1.93218         3.32081         1.43927 
        1.94787         3.27767         1.41142 
        1.96363         3.22216         1.38421 
        1.97935         3.17642         1.35777 
        1.99499           3.116         1.33217 
        2.01064         3.09577          1.3072 
         2.0264         3.06066         1.28271 
        2.04216         3.02238         1.25886 
        2.05781         2.97891         1.23577 
        2.07353         2.94497         1.21317 
        2.08928         2.91512         1.19109 
        2.10499         2.87206         1.16963 
        2.12065         2.85332         1.14875 
        2.13633         2.80704         1.12837 
        2.15211         2.77072         1.10835 
        2.16785         2.74418         1.08888 
        2.18349         2.71663         1.06999 
        2.19916         2.66116         1.05151 
        2.21489         2.64527         1.03341 
        2.23063         2.60613         1.01573 
         2.2463         2.58535        0.998534 
        2.26194         2.55012        0.981783 
        2.27765          2.5305        0.965331 
        2.29341         2.49843        0.949213 
        2.30914         2.47194        0.933497 
        2.32486         2.45369        0.918146 
        2.34061         2.42021        0.903115 
        2.35635         2.37921        0.888435 
        2.37203         2.37571        0.874132 
        2.38768          2.3481        0.860173 
        2.40339         2.32575         0.84647 
        2.41914         2.29492        0.833033 
        2.43483         2.27585        0.819935 
         2.4505         2.24142        0.807142 
        2.46622         2.23389        0.794578 
        2.48195         2.20122         0.78228 
        2.49759         2.17994        0.770309 
        2.51328         2.15749        0.758557 
        2.52906         2.14652        0.746977 
        2.54479         2.11678        0.735681 
        2.56049          2.0972        0.724642 
        2.57618         2.07982        0.713838 
        2.59189         2.07022        0.703239 
        2.60758         2.03604        0.692872 
        2.62325         2.02058        0.682726 
        2.63898         1.99667        0.672748 
        2.65468         1.98028        0.662991 
        2.67044         1.96861        0.653386 
        2.68618         1.94127        0.643993 
        2.70184          1.9254        0.634823 
        2.71755         1.91046        0.625809 
        2.73329         1.89041        0.616955 
        2.74897         1.87757        0.608302 
        2.76462         1.85647        0.599835 
        2.78034         1.84922        0.591493 
        2.79607         1.82337        0.583302 
        2.81179         1.80921        0.575275 
        2.82749         1.79534        0.567408 
        2.84321         1.78069        0.559679 
        2.85893         1.76419        0.552097 
        2.87462         1.75008        0.544669 
        2.89033         1.72539         0.53737 
        2.90605         1.71448        0.530199 
        2.92176         1.70501        0.523162 
        2.93747         1.69069        0.516257 
        2.95318         1.67704        0.509475 
        2.96891         1.66211        0.502812 
        2.98456         1.65046        0.496298 
        3.00023         1.63444        0.489889 
        3.01596         1.62681        0.483574 
        3.03164         1.61339        0.477388 
        3.04738         1.59105        0.471292 
         3.0631         1.58045        0.465305 
        3.07883         1.57203        0.459421 
        3.09456         1.56458        0.453641 
        3.11026         1.54558        0.447968 
        3.12596         1.53588        0.442394 
        3.14163         1.52299        0.436927 
        3.15734         1.51474        0.431539 
        3.17308         1.49995         0.42623 
        3.18879         1.49444        0.421025 
        3.20447         1.47732        0.415913 
         3.2202         1.46674        0.410872 
         3.2359         1.45692        0.405922 
        3.25157         1.44627        0.401066 
        3.26729         1.43352        0.396275 
        3.28304         1.42723        0.391552 
        3.29877         1.41245        0.386913 
        3.31446         1.40218        0.382359 
        3.33014         1.39843        0.377882 
        3.34585         1.38626         0.37347 
        3.36158         1.37176        0.369122 
        3.37727         1.36871        0.364857 
        3.39294         1.35261        0.360663 
        3.40867         1.34497         0.35652 
        3.42439         1.33592        0.352444 
        3.44008         1.32923         0.34844 
        3.45578          1.3222        0.344496 
        3.47153         1.30809        0.340603 
        3.48724         1.30005        0.336778 
        3.50292         1.29543         0.33302 
        3.51859         1.28838        0.329321 
        3.53431         1.27601        0.325667 
        3.55007         1.27017         0.32206 
        3.56577          1.2614        0.318521 
        3.58146         1.25249        0.315037 
        3.59719         1.24396        0.311598 
        3.61292         1.24066         0.30821 
        3.62859         1.22705        0.304886 
        3.64429         1.22074        0.301605 
        3.66003         1.21056        0.298361 
        3.67578         1.20487        0.295167 
        3.69146         1.19949        0.292031 
        3.70712         1.18555        0.288947 
        3.72284          1.1857        0.285896 
        3.73853         1.17397        0.282894 
        3.75422         1.16869        0.279934 
        3.76993         1.16333        0.277014 
        3.78564          1.1551        0.274137 
        3.80137         1.14333        0.271296 
        3.81707         1.14274        0.268501 
        3.83279          1.1315        0.265743 
        3.84853          1.1255        0.263019 
        3.86424          1.1198         0.26034 
        3.87992         1.11618        0.257701 
        3.89561         1.10782        0.255099 
        3.91134         1.10137        0.252527 
        3.92704         1.09378        0.249994 
        3.94273         1.08971        0.247498 
        3.95845         1.08156        0.245031 
        3.97418         1.07494        0.242598 
        3.98988          1.0668        0.240201 
        4.00554         1.06298        0.237843 
        4.02125         1.05504        0.235509 
        4.03698         1.04477        0.233204 
        4.05268         1.03732        0.230934 
        4.06839         1.02714        0.228693 
         4.0841         1.02386        0.226483 
        4.09983         1.01753        0.224298 
        4.11555         1.01014        0.222144 
        4.13124         1.00285        0.220023 
        4.14693        0.993656        0.217929 
        4.16266        0.988343        0.215856 
        4.17839        0.983614        0.213812 
        4.19408        0.977668        0.211799 
        4.20977        0.969801        0.209811 
        4.22551        0.964981        0.207844 
        4.24123        0.959248        0.205904 
        4.25691        0.952618        0.203994 
        4.27259        0.945978        0.202108 
        4.28831        0.941022        0.200242 
        4.30404        0.937599        0.198397 
        4.31974        0.926512         0.19658 
        4.33543        0.924322        0.194787 
        4.35116        0.919779        0.193011 
        4.36688        0.912984        0.191259 
        4.38255        0.908606        0.189535 
        4.39825        0.905354        0.187828 
        4.41398        0.898253        0.186139 
         4.4297        0.893484        0.184472 
        4.44541         0.88966        0.182826 
        4.46111        0.886594        0.181202 
        4.47683        0.882629        0.179596 
        4.49251        0.876815        0.178012 
        4.50819        0.872903        0.176449 
         4.5239        0.867939        0.174901 
        4.53962        0.865441        0.173371 
        4.55535        0.860134        0.171858 
        4.57106        0.858073        0.170365 
        4.58678        0.852753        0.168889 
         4.6025        0.849631        0.167431 
        4.61821        0.846925         0.16599 
        4.63391        0.840056        0.164568 
         4.6496        0.835844        0.163163 
        4.66532        0.834855        0.161773 
        4.68103        0.830032        0.160399 
        4.69673        0.828428        0.159042 
        4.71241        0.823151        0.157703 
        4.72811        0.821985        0.156377 
        4.74384        0.816449        0.155064 
        4.75955        0.813128        0.153768 
        4.77525        0.810237        0.152488 
        4.79096        0.808085        0.151221 
        4.80669        0.806449        0.149968 
         4.8224        0.802824         0.14873 
        4.83809        0.799381        0.147507 
        4.85379        0.797986        0.146298 
         4.8695        0.795764        0.145101 
        4.88521        0.790234        0.143918 
        4.90093        0.789699        0.142748 
        4.91663        0.788328        0.141592 
        4.93234        0.783037        0.140448 
        4.94807        0.782188        0.139315 
        4.96377        0.779298        0.138197 
        4.97943        0.776698        0.137094 
        4.99514        0.774788           0.136 
        5.01086         0.77294        0.134917 
        5.02654        0.771356        0.133849 
        5.04227        0.767744        0.132789 
          5.058          0.7653        0.131739 
        5.07371        0.763712        0.130704 
        5.08942        0.762869        0.129679 
        5.10513        0.760648        0.128665 
        5.12084        0.758999        0.127662 
        5.13656        0.757332        0.126669 
        5.15225        0.756763        0.125689 
        5.16796        0.752241        0.124717 
        5.18369        0.751071        0.123755 
         5.1994         0.75028        0.122805 
        5.21509        0.748464        0.121866 
        5.23079        0.748184        0.120935 
        5.24649        0.746528        0.120015 
        5.26217        0.742449        0.119105 
        5.27788        0.742683        0.118203 
        5.29359         0.74143         0.11731 
        5.30933        0.739753        0.116425 
        5.32504        0.738387        0.115551 
        5.34073        0.737468        0.114687 
        5.35646        0.735829        0.113829 
        5.37218         0.73485        0.112981 
        5.38789        0.734261        0.112142 
        5.40357        0.731396        0.111313 
        5.41929        0.732301        0.110491 
        5.43502        0.730678        0.109676 
         5.4507        0.730503        0.108872 
        5.46639        0.728268        0.108076 
        5.48212        0.725678        0.107286 
        5.49786        0.725473        0.106502 
        5.51353        0.723424        0.105731 
        5.52921        0.724285        0.104966 
        5.54495        0.723277        0.104207 
        5.56066        0.721721        0.103456 
        5.57637        0.722326        0.102712 
        5.59207        0.720564        0.101977 
        5.60778        0.718728        0.101248 
        5.62346        0.719698        0.100528 
        5.63916        0.717113       0.0998137 
        5.65487        0.716567       0.0991061 
         5.6706        0.719224       0.0984045 
        5.68633        0.715778       0.0977095 
        5.70203        0.715233       0.0970226 
        5.71773         0.71463       0.0963424 
        5.73344        0.711457       0.0956684 
        5.74916        0.714248       0.0950002 
        5.76486        0.712077       0.0943393 
        5.78054        0.711464       0.0936857 
        5.79626         0.71083       0.0930364 
          5.812        0.710936       0.0923927 
         5.8277        0.709417       0.0917569 
        5.84339        0.708995       0.0911271 
        5.85911        0.707659        0.090502 
        5.87484        0.707948       0.0898829 
        5.89053        0.707093       0.0892708 
        5.90623        0.706491       0.0886641 
        5.92195        0.705355        0.088062 
        5.93767        0.704734       0.0874658 
        5.95336        0.704626       0.0868761 
        5.96905        0.703861       0.0862921 
        5.98476        0.702413       0.0857126 
        6.00048         0.70407       0.0851382 
        6.01617        0.702073       0.0845699 
        6.03185         0.70066       0.0840074 
        6.04756        0.701622       0.0834488 
        6.06331        0.700952        0.082894 
        6.07903        0.699978       0.0823454 
        6.09473        0.699951       0.0818022 
        6.11044        0.700047       0.0812635 
        6.12616        0.698522       0.0807297 
        6.14186        0.697751       0.0802013 
        6.15755         0.69764       0.0796776 
        6.17326        0.698238       0.0791581 
        6.18898        0.696896       0.0786431 
        6.20467        0.698064       0.0781335 
        6.22036        0.694398       0.0776285 
         6.2361         0.69505       0.0771266 
         6.2518        0.695191         0.07663 
        6.26748         0.69446       0.0761388 
        6.28319        0.694677       0.0756506 
        6.29893        0.692675       0.0751662 
        6.31463        0.693559       0.0746869 
        6.33033        0.692286       0.0742119 
        6.34604         0.69238       0.0737407 
        6.36177        0.691219       0.0732731 
        6.37747        0.692326       0.0728105 
        6.39316         0.69115       0.0723521 
        6.40888        0.691656       0.0718968 
         6.4246        0.689859       0.0714454 
        6.44031        0.690154       0.0709981 
        6.45601        0.689762       0.0705552 
        6.47172         0.68839       0.0701155 
        6.48744        0.689115       0.0696794 
        6.50313        0.690006       0.0692477 
        6.51882        0.689392       0.0688199 
        6.53452        0.687488       0.0683952 
        6.55025        0.688405       0.0679734 
        6.56597        0.686679       0.0675557 
        6.58166        0.685808       0.0671421 
        6.59736        0.686504       0.0667317 
        6.61307        0.686382       0.0663243 
         6.6288        0.685172       0.0659201 
         6.6445        0.684878       0.0655197 
         6.6602         0.68443       0.0651228 
        6.67592        0.683102       0.0647288 
        6.69164        0.683365       0.0643381 
        6.70735         0.68212       0.0639507 
        6.72304        0.682298       0.0635669 
        6.73874        0.682174       0.0631862 
        6.75446        0.681231       0.0628082 
        6.77016         0.68289       0.0624338 
        6.78585        0.681968       0.0620624 
        6.80156        0.680792       0.0616939 
        6.81729        0.680452       0.0613277 
        6.83301        0.679857       0.0609646 
         6.8487        0.680152       0.0606053 
         6.8644        0.679682       0.0602487 
        6.88012        0.680915       0.0598945 
        6.89583        0.679327       0.0595435 
        6.91151        0.678326       0.0591958 
        6.92723        0.676632         0.05885 
        6.94296        0.677991       0.0585069 
        6.95866        0.678271       0.0581671 
        6.97436        0.676288         0.05783 
        6.99007        0.676669       0.0574954 
        7.00578        0.675418       0.0571634 
        7.02147        0.676984       0.0568345 
        7.03718         0.67698       0.0565078 
         7.0529        0.675569       0.0561833 
        7.06863        0.673579       0.0558613 
        7.08433        0.674689       0.0555423 
        7.10004        0.675204       0.0552258 
        7.11575        0.675204       0.0549117 
        7.13145        0.674039       0.0546001 
        7.14715        0.673137        0.054291 
        7.16284        0.671642       0.0539847 
        7.17855        0.672053         0.05368 
        7.19428        0.671896       0.0533775 
        7.20998        0.671354       0.0530778 
        7.22568        0.671308       0.0527805 
        7.24139         0.67097       0.0524853 
        7.25711        0.669551       0.0521922 
        7.27282        0.669599       0.0519014 
        7.28852         0.66952       0.0516132 
        7.30423        0.670071       0.0513268 
        7.31995         0.66928       0.0510426 
        7.33565        0.668444       0.0507607 
        7.35135        0.668854        0.050481 
        7.36706        0.668626       0.0502034 
        7.38277        0.669139       0.0499277 
        7.39847        0.668137       0.0496542 
        7.41419        0.667116       0.0493826 
         7.4299        0.667584       0.0491131 
        7.44561        0.666957       0.0488456 
        7.46132        0.666121       0.0485802 
        7.47701         0.66541        0.048317 
        7.49272        0.665287       0.0480554 
        7.50842        0.665669       0.0477959 
         7.5241        0.664139       0.0475387 
        7.53981        0.663882        0.047283 
        7.55552        0.664733       0.0470291 
        7.57125        0.663869       0.0467767 
        7.58698        0.663539       0.0465262 
        7.60268         0.66342        0.046278 
         7.6184        0.661565       0.0460314 
        7.63411        0.661769       0.0457866 
        7.64981        0.663348       0.0455438 
        7.66552        0.661656       0.0453027 
        7.68123        0.661394       0.0450632 
        7.69695        0.660383       0.0448254 
        7.71264        0.660381       0.0445897 
        7.72834        0.660315       0.0443555 
        7.74407        0.659334       0.0441227 
        7.75978        0.659784       0.0438916 
        7.77546        0.658975       0.0436628 
        7.79116        0.658942       0.0434353 
         7.8069        0.658122        0.043209 
         7.8226        0.657958       0.0429846 
        7.83828        0.658265       0.0427622 
        7.85399        0.658173       0.0425411 
        7.86972        0.658618       0.0423211 
        7.88543        0.658173        0.042103 
        7.90111        0.657723       0.0418869 
        7.91681        0.657582       0.0416719 
        7.93255        0.656363       0.0414581 
        7.94828        0.656164       0.0412458 
        7.96397        0.656174       0.0410354 
        7.97967        0.655975       0.0408265 
        7.99538        0.655605       0.0406189 
         8.0111        0.655994       0.0404126 
         8.0268          0.6556        0.040208 
        8.04248        0.655487        0.040005 
         8.0582        0.654941        0.039803 
        8.07393        0.655641       0.0396022 
        8.08963        0.654987       0.0394032 
        8.10533        0.654449       0.0392056 
        8.12104        0.654018       0.0390092 
        8.13675        0.654006       0.0388141 
        8.15245        0.654233       0.0386205 
        8.16815        0.655193       0.0384283 
        8.18387        0.655805       0.0382371 
        8.19959        0.653805       0.0380472 
         8.2153        0.655421       0.0378587 
        8.23101        0.654598       0.0376715 
        8.24672         0.65472       0.0374855 
        8.26241        0.653991       0.0373011 
         8.2781         0.65351       0.0371179 
        8.29381        0.654775       0.0369357 
        8.30952         0.65453       0.0367547 
        8.32524        0.654265       0.0365748 
        8.34095        0.655675       0.0363962 
        8.35666        0.652943       0.0362189 
        8.37237        0.653787       0.0360427 
        8.38808        0.653347       0.0358676 
        8.40379        0.653721       0.0356938 
         8.4195        0.653846       0.0355212 
         8.4352         0.65455       0.0353497 
        8.45091        0.654559       0.0351793 
        8.46662        0.653479         0.03501 
        8.48232        0.653971       0.0348419 
        8.49802        0.654891        0.034675 
        8.51374        0.654119       0.0345089 
        8.52945        0.653696        0.034344 
        8.54515        0.652961       0.0341803 
        8.56086        0.653866       0.0340175 
        8.57658         0.65306       0.0338558 
        8.59228        0.652779       0.0336953 
        8.60799        0.653048       0.0335356 
        8.62371        0.653931       0.0333771 
        8.63942        0.654261       0.0332195 
        8.65512        0.653614       0.0330631 
        8.67082        0.653619       0.0329077 
        8.68653        0.653729       0.0327532 
        8.70224        0.653486       0.0325997 
        8.71795        0.653665       0.0324472 
        8.73365        0.653006       0.0322957 
        8.74936        0.653771       0.0321452 
        8.76506        0.654017       0.0319957 
        8.78076        0.654322       0.0318471 
        8.79646        0.654006       0.0316995 
        8.81218        0.653247       0.0315527 
        8.82791         0.65345       0.0314067 
         8.8436        0.653142       0.0312619 
         8.8593        0.653479        0.031118 
        8.87503        0.653514       0.0309747 
        8.89076        0.653528       0.0308324 
        8.90644        0.653422       0.0306913 
        8.92214        0.653956        0.030551 
        8.93786        0.653951       0.0304114 
        8.95357        0.653426       0.0302728 
        8.96928         0.65455        0.030135 
        8.98498        0.653056       0.0299981 
        9.00069        0.653669       0.0298621 
        9.01639        0.654314       0.0297268 
        9.03208        0.653829       0.0295927 
        9.04778        0.655107       0.0294591 
        9.06351        0.653647       0.0293263 
        9.07923        0.653297       0.0291943 
        9.09493         0.65297       0.0290632 
        9.11062        0.655049       0.0289331 
        9.12635        0.654324       0.0288035 
        9.14207        0.654918       0.0286747 
        9.15777        0.654479       0.0285468 
        9.17346        0.655041       0.0284199 
        9.18917        0.654855       0.0282935 
         9.2049        0.655001       0.0281678 
        9.22061        0.654205       0.0280429 
        9.23631        0.655311       0.0279189 
        9.25201        0.654967       0.0277957 
        9.26773        0.654878       0.0276731 
        9.28343         0.65529       0.0275513 
        9.29913        0.654801       0.0274302 
        9.31484        0.654935       0.0273099 
        9.33057        0.654982       0.0271901 
        9.34627        0.655401       0.0270711 
        9.36197        0.654819        0.026953 
        9.37768        0.655962       0.0268355 
        9.39338        0.655985       0.0267187 
        9.40909        0.655653       0.0266027 
        9.42479         0.65626       0.0264873 
         9.4405        0.655653       0.0263726 
        9.45621        0.656288       0.0262585 
        9.47193        0.656823       0.0261452 
        9.48763        0.656514       0.0260325 
        9.50334        0.656591       0.0259205 
        9.51906        0.656451       0.0258091 
        9.53476        0.656872       0.0256985 
        9.55045        0.657057       0.0255886 
        9.56616        0.656873       0.0254792 
        9.58188        0.657169       0.0253703 
        9.59759        0.657458       0.0252621 
         9.6133        0.656707       0.0251545 
        9.62901        0.657656       0.0250476 
        9.64471        0.657531       0.0249412 
        9.66041        0.657306       0.0248355 
        9.67612        0.658065       0.0247302 
        9.69184         0.65819       0.0246256 
        9.70754        0.658984       0.0245216 
        9.72324        0.657929       0.0244183 
        9.73895        0.658933       0.0243156 
        9.75467        0.658936       0.0242135 
        9.77038        0.658339       0.0241121 
        9.78607        0.658588       0.0240115 
        9.80177        0.659261       0.0239115 
        9.81749        0.660061       0.0238121 
         9.8332        0.659276       0.0237135 
         9.8489        0.660155       0.0236155 
        9.86463        0.660072        0.023518 
        9.88035        0.660089       0.0234211 
        9.89606        0.660427       0.0233247 
        9.91175        0.660473       0.0232288 
        9.92745         0.66086       0.0231332 
        9.94317        0.661134       0.0230378 
        9.95888         0.66162       0.0229426 
        9.97458        0.661293       0.0228476 
        9.99029         0.66177       0.0227527 
         10.006        0.662218       0.0226941 
        10.0217        0.662266       0.0226941 
        10.0374        0.662772       0.0226941 
        10.0531        0.662542       0.0226941 
        10.0688        0.663257       0.0226941 
        10.0845        0.663467       0.0226941 
        10.1002        0.663191       0.0226941 
        10.1159        0.663726       0.0226941 
        10.1317        0.664733       0.0226941 
        10.1474        0.664355       0.0226941 
        10.1631         0.66365       0.0226941 
        10.1788         0.66505       0.0226941 
        10.1945        0.665206       0.0226941 
        10.2102        0.665412       0.0226941 
        10.2259        0.665905       0.0226941 
        10.2416        0.666017       0.0226941 
        10.2573        0.665837       0.0226941 
         10.273        0.666646       0.0226941 
        10.2887         0.66718       0.0226941 
        10.3044        0.666717       0.0226941 
        10.3201        0.666875       0.0226941 
        10.3359        0.667938       0.0226941 
        10.3516        0.668035       0.0226941 
        10.3673        0.669389       0.0226941 
         10.383        0.668316       0.0226941 
        10.3987        0.668392       0.0226941 
        10.4144        0.669398       0.0226941 
        10.4301         0.66983       0.0226941 
        10.4458        0.670385       0.0226941 
        10.4615        0.671083       0.0226941 
        10.4772        0.671059       0.0226941 
        10.4929        0.671745       0.0226941 
        10.5086        0.671663       0.0226941 
        10.5244        0.672037       0.0226941 
        10.5401        0.672387       0.0226941 
        10.5558        0.671962       0.0226941 
        10.5715        0.673771       0.0226941 
        10.5872        0.673224       0.0226941 
        10.6029        0.674286       0.0226941 
        10.6186        0.675483       0.0226941 
        10.6343        0.674679       0.0226941 
          10.65         0.67565       0.0226941 
        10.6657        0.675371       0.0226941 
        10.6814        0.675546       0.0226941 
        10.6971        0.676902       0.0226941 
        10.7129        0.678006       0.0226941 
        10.7286        0.677371       0.0226941 
        10.7443        0.678471       0.0226941 
          10.76        0.678518       0.0226941 
        10.7757        0.679046       0.0226941 
        10.7914         0.67941       0.0226941 
        10.8071        0.680454       0.0226941 
        10.8228        0.681036       0.0226941 
        10.8385        0.681248       0.0226941 
        10.8542        0.680877       0.0226941 
        10.8699        0.682507       0.0226941 
        10.8856        0.682636       0.0226941 
        10.9014        0.683181       0.0226941 
        10.9171        0.684011       0.0226941 
        10.9328        0.684272       0.0226941 
        10.9485        0.685655       0.0226941 
        10.9642        0.684373       0.0226941 
        10.9799        0.686014       0.0226941 
        10.9956        0.686163       0.0226941 
        11.0113         0.68727       0.0226941 
         11.027          0.6878       0.0226941 
        11.0427        0.689229       0.0226941 
        11.0584        0.690041       0.0226941 
        11.0741        0.690072       0.0226941 
        11.0898        0.691227       0.0226941 
        11.1055        0.690833       0.0226941 
        11.1212        0.691644       0.0226941 
         11.137        0.693364       0.0226941 
        11.1527         0.69318       0.0226941 
        11.1684        0.694235       0.0226941 
        11.1841        0.694787       0.0226941 
        11.1998        0.695295       0.0226941 
        11.2155        0.696666       0.0226941 
        11.2312        0.697051       0.0226941 
        11.2469        0.698157       0.0226941 
        11.2626        0.698054       0.0226941 
        11.2783        0.699353       0.0226941 
         11.294        0.700118       0.0226941 
        11.3097        0.701228       0.0226941 
        11.3254         0.70118       0.0226941 
        11.3412        0.702219       0.0226941 
        11.3569        0.702724       0.0226941 
        11.3726         0.70402       0.0226941 
        11.3883        0.705241       0.0226941 
         11.404        0.705579       0.0226941 
        11.4197        0.706531       0.0226941 
        11.4354        0.706847       0.0226941 
        11.4511        0.708992       0.0226941 
        11.4668        0.709661       0.0226941 
        11.4825        0.709506       0.0226941 
        11.4982        0.711923       0.0226941 
         11.514        0.712431       0.0226941 
        11.5297        0.713415       0.0226941 
        11.5454        0.714898       0.0226941 
        11.5611        0.715482       0.0226941 
        11.5768        0.716345       0.0226941 
        11.5925        0.717308       0.0226941 
        11.6082        0.718137       0.0226941 
        11.6239        0.719504       0.0226941 
        11.6396        0.720635       0.0226941 
        11.6553        0.721828       0.0226941 
         11.671        0.722533       0.0226941 
        11.6867         0.72381       0.0226941 
        11.7024        0.724547       0.0226941 
        11.7182         0.72585       0.0226941 
        11.7339        0.726832       0.0226941 
        11.7496        0.727952       0.0226941 
        11.7653        0.730871       0.0226941 
         11.781        0.730816       0.0226941 
        11.7967        0.732093       0.0226941 
        11.8124        0.733204       0.0226941 
        11.8281         0.73422       0.0226941 
        11.8438        0.736047       0.0226941 
        11.8595        0.737062       0.0226941 
        11.8752        0.739367       0.0226941 
         11.891         0.73973       0.0226941 
        11.9067        0.742363       0.0226941 
        11.9224        0.742248       0.0226941 
        11.9381        0.744282       0.0226941 
        11.9538        0.745509       0.0226941 
        11.9695        0.746764       0.0226941 
        11.9852        0.748022       0.0226941 
        12.0009        0.749651       0.0226941 
        12.0166        0.751687       0.0226941 
        12.0323        0.752536       0.0226941 
         12.048        0.754062       0.0226941 
        12.0637        0.755893       0.0226941 
