# k  (h/Mpc)    Pcb(k)  (Mpc/h)^3    Pcb_linear(k) (Mpc/h)^3   ShotnoiseSubtracted = true
      0.0200456         8281.55          8382.1 
      0.0350414         6710.09         6572.42 
      0.0492313          5149.5         5207.38 
      0.0637834         4093.03         4234.43 
      0.0800726         3099.74          3198.7 
       0.096163         2569.06         2515.98 
       0.111083         2195.47         2129.78 
       0.126058          1753.6         1770.45 
       0.142273         1462.32         1440.68 
       0.158546         1261.38         1227.29 
        0.17375         1122.36         1067.79 
       0.188953         1002.16         917.971 
       0.204907         846.132         794.635 
       0.220756         771.305         702.331 
        0.23588          690.56         623.822 
         0.2514          614.98         552.756 
       0.267535         589.907         492.964 
       0.283568         517.829         442.971 
       0.299022         492.825         400.015 
       0.314451         489.765         362.677 
       0.330372         421.855         329.762 
       0.346141         392.027         301.034 
       0.361624         373.169         275.904 
       0.377134         346.076         253.679 
       0.392932         337.056         233.651 
       0.408854         319.032         215.593 
       0.424564         306.929         199.598 
       0.440253         277.177         185.282 
       0.455999           264.3         172.337 
       0.471626         261.079         160.695 
        0.48727         249.687         150.114 
       0.502856         228.409         140.526 
       0.518488         227.841         131.751 
       0.534347         212.236         123.611 
       0.550082         207.517         116.215 
       0.565732         204.839         109.461 
       0.581496         190.864         103.202 
       0.597222         186.805         97.4451 
       0.612804         181.355          92.176 
       0.628434         175.085         87.2839 
       0.644267         166.871         82.6913 
       0.660051         162.395         78.4432 
       0.675724          161.28         74.5209 
       0.691403         156.492         70.8664 
       0.707174         151.511         67.4387 
       0.722871         148.982         64.2529 
        0.73838         146.733         61.3082 
       0.754018         137.629         58.5267 
       0.769845         137.165         55.8879 
        0.78569         133.559         53.4098 
       0.801365         129.929         51.1066 
       0.817031         125.824         48.9411 
       0.832809         123.633         46.8876 
       0.848511         120.784         44.9615 
       0.864097         118.596          43.157 
       0.879701          116.85         41.4502 
       0.895507         112.791         39.8159 
       0.911279         110.899         38.2733 
        0.92691         107.893         36.8256 
       0.942635         105.942         35.4451 
       0.958396         104.736         34.1327 
       0.974128         102.408         32.8895 
       0.989692         100.289         31.7208 
        1.00528         98.5826         30.6074 
        1.02113         96.1169         29.5302 
        1.03692         95.8289         28.5092 
        1.05264         94.2783         27.5414 
        1.06832         91.0622         26.6202 
        1.08405         90.5243         25.7389 
        1.09979         89.6561         24.8972 
        1.11537         87.1271         24.1016 
        1.13105         85.9341         23.3362 
        1.14679         84.3719         22.6012 
        1.16256         82.7037         21.8966 
        1.17828         81.8881         21.2245 
        1.19395         79.5806          20.583 
         1.2097         79.8158         19.9648 
        1.22537         77.8141         19.3751 
          1.241         77.3295          18.811 
        1.25666         74.7832         18.2681 
        1.27241         74.5071         17.7442 
        1.28819         73.6717           17.24 
        1.30392          72.222         16.7569 
        1.31957         71.7497         16.2945 
        1.33529         70.6297          15.848 
        1.35108         69.7894         15.4164 
        1.36674         68.8678         15.0041 
         1.3824         67.8125         14.6073 
        1.39811         66.4267         14.2236 
        1.41389         65.4212         13.8522 
        1.42964         64.8857         13.4947 
        1.44531         63.9011         13.1517 
        1.46101         63.2436         12.8199 
        1.47667         62.3913         12.5005 
        1.49229         61.5522         12.1929 
        1.50793           60.85         11.8954 
        1.52367         60.2263         11.6059 
        1.53953         59.2304         11.3241 
        1.55526         58.4423         11.0539 
        1.57092         57.9524         10.7937 
        1.58662         57.0786         10.5413 
        1.60235         56.3468         10.2965 
        1.61809         55.4566         10.0593 
        1.63369         54.7961         9.83176 
        1.64941         54.3061         9.60964 
        1.66519         53.2058         9.39359 
        1.68085         52.9697         9.18574 
        1.69652         51.7272         8.98414 
        1.71228         51.6657         8.78745 
        1.72806         50.7388         8.59651 
        1.74368          50.233         8.41317 
        1.75933          49.745         8.23483 
        1.77505         49.3741         8.06083 
        1.79081         48.4918         7.89156 
         1.8065         47.8957         7.72788 
        1.82218         46.8445           7.569 
        1.83797         46.5835         7.41351 
        1.85367         46.1471         7.26326 
        1.86928         45.9042         7.11808 
        1.88497         44.8725         6.97608 
        1.90073         44.3606         6.83744 
        1.91647         44.1074          6.7027 
        1.93218         44.0188         6.57188 
        1.94787         43.2063         6.44475 
        1.96363         42.3808         6.32048 
        1.97935         42.1444         6.19976 
        1.99499         41.6027         6.08287 
        2.01064          41.176         5.96883 
         2.0264         40.8043         5.85701 
        2.04216         40.2573         5.74811 
        2.05781         39.6919         5.64267 
        2.07353         39.1942          5.5395 
        2.08928         39.1232         5.43869 
        2.10499         38.6295         5.34066 
        2.12065         38.1237         5.24535 
        2.13633         37.8726         5.15228 
        2.15211         37.1661         5.06088 
        2.16785         36.7057         4.97195 
        2.18349         36.3291         4.88571 
        2.19916         35.9703         4.80135 
        2.21489         35.6368          4.7187 
        2.23063         35.3447         4.63794 
         2.2463         35.0187         4.55944 
        2.26194         34.4599         4.48295 
        2.27765         34.0999         4.40782 
        2.29341         33.8063         4.33423 
        2.30914         33.3882         4.26247 
        2.32486         32.8895         4.19237 
        2.34061          32.738         4.12374 
        2.35635         32.3935         4.05671 
        2.37203         32.0947          3.9914 
        2.38768         31.7928         3.92766 
        2.40339         31.5753         3.86509 
        2.41914         31.1423         3.80373 
        2.43483         30.9231         3.74393 
         2.4505          30.442         3.68551 
        2.46622         30.1476         3.62814 
        2.48195         29.8859         3.57199 
        2.49759         29.3993         3.51733 
        2.51328          29.249         3.46367 
        2.52906         29.0341         3.41079 
        2.54479         28.6327         3.35922 
        2.56049         28.5584         3.30881 
        2.57618         28.1421         3.25948 
        2.59189         27.7579         3.21108 
        2.60758         27.6188         3.16374 
        2.62325         27.2258         3.11741 
        2.63898         27.1374         3.07186 
        2.65468         26.7257          3.0273 
        2.67044         26.5026         2.98344 
        2.68618         26.2303         2.94056 
        2.70184          25.899         2.89868 
        2.71755         25.7399         2.85752 
        2.73329         25.3878          2.8171 
        2.74897         25.1939         2.77759 
        2.76462         25.0262         2.73892 
        2.78034         24.6347         2.70083 
        2.79607          24.439         2.66343 
        2.81179         24.2372         2.62678 
        2.82749         24.0073         2.59086 
        2.84321         23.8196         2.55557 
        2.85893         23.5335         2.52095 
        2.87462         23.3128         2.48703 
        2.89033         23.1395          2.4537 
        2.90605         22.8262         2.42096 
        2.92176         22.5863         2.38883 
        2.93747         22.4175          2.3573 
        2.95318         22.3078         2.32633 
        2.96891         22.0097          2.2959 
        2.98456          21.808         2.26616 
        3.00023         21.5079          2.2369 
        3.01596         21.2967         2.20806 
        3.03164         21.1125         2.17981 
        3.04738         20.9561         2.15198 
         3.0631         20.7699         2.12464 
        3.07883         20.5333         2.09778 
        3.09456         20.3291         2.07138 
        3.11026         20.1302         2.04548 
        3.12596         19.8908         2.02003 
        3.14163         19.7126         1.99506 
        3.15734          19.568         1.97046 
        3.17308         19.4383         1.94622 
        3.18879         19.2036         1.92245 
        3.20447         19.0218         1.89911 
         3.2202         18.7822         1.87609 
         3.2359         18.6733         1.85349 
        3.25157         18.4831         1.83132 
        3.26729         18.2951         1.80944 
        3.28304         18.1781         1.78788 
        3.29877         18.0265         1.76669 
        3.31446         17.8016          1.7459 
        3.33014         17.6405         1.72546 
        3.34585         17.5536         1.70531 
        3.36158         17.3249         1.68546 
        3.37727         17.1661         1.66598 
        3.39294         17.0475         1.64683 
        3.40867         16.8821         1.62792 
        3.42439          16.706         1.60931 
        3.44008         16.5498         1.59102 
        3.45578         16.3854         1.57301 
        3.47153         16.2643         1.55524 
        3.48724         16.0848         1.53777 
        3.50292          15.982         1.52061 
        3.51859         15.8102         1.50372 
        3.53431         15.6985         1.48704 
        3.55007         15.5166         1.47057 
        3.56577         15.4347         1.45441 
        3.58146         15.2676          1.4385 
        3.59719         15.1169         1.42279 
        3.61292         14.9984         1.40733 
        3.62859         14.8272         1.39215 
        3.64429         14.7046         1.37717 
        3.66003         14.6053         1.36236 
        3.67578         14.5089         1.34777 
        3.69146          14.375         1.33345 
        3.70712         14.2071         1.31937 
        3.72284         14.0709         1.30544 
        3.73853         14.0088         1.29173 
        3.75422         13.8187         1.27821 
        3.76993          13.708         1.26488 
        3.78564         13.5924         1.25174 
        3.80137         13.4735         1.23877 
        3.81707         13.3129         1.22601 
        3.83279         13.2813         1.21342 
        3.84853         13.1196         1.20098 
        3.86424         12.9977         1.18874 
        3.87992         12.8958         1.17669 
        3.89561         12.7928         1.16481 
        3.91134         12.6931         1.15307 
        3.92704         12.5929          1.1415 
        3.94273         12.4764         1.13011 
        3.95845         12.3732         1.11884 
        3.97418         12.2347         1.10773 
        3.98988         12.1479         1.09679 
        4.00554          12.034         1.08602 
        4.02125          11.922         1.07537 
        4.03698         11.8734         1.06484 
        4.05268         11.7385         1.05448 
        4.06839         11.6123         1.04424 
         4.0841         11.5314         1.03415 
        4.09983         11.4258         1.02418 
        4.11555          11.341         1.01434 
        4.13124         11.2122         1.00465 
        4.14693         11.1486         0.99509 
        4.16266         11.0653        0.985628 
        4.17839         10.9708        0.976294 
        4.19408         10.8795        0.967103 
        4.20977         10.7838        0.958026 
        4.22551         10.7032        0.949043 
        4.24123         10.6248        0.940185 
        4.25691         10.5149        0.931465 
        4.27259         10.4134        0.922852 
        4.28831         10.3312         0.91433 
        4.30404         10.2779        0.905908 
        4.31974         10.1693        0.897611 
        4.33543         10.0659        0.889422 
        4.35116         10.0176        0.881315 
        4.36688         9.91067        0.873313 
        4.38255         9.84079        0.865439 
        4.39825         9.74471        0.857646 
        4.41398         9.67543        0.849933 
         4.4297         9.59688        0.842323 
        4.44541         9.53377        0.834808 
        4.46111         9.42619         0.82739 
        4.47683         9.35221        0.820057 
        4.49251         9.29002        0.812827 
        4.50819         9.21803        0.805687 
         4.5239         9.16876        0.798622 
        4.53962         9.05597        0.791633 
        4.55535         8.99863        0.784724 
        4.57106         8.92347        0.777907 
        4.58678         8.85575         0.77117 
         4.6025         8.78408        0.764511 
        4.61821         8.71694        0.757932 
        4.63391         8.63626        0.751439 
         4.6496         8.58414        0.745024 
        4.66532         8.50935        0.738675 
        4.68103         8.42007        0.732402 
        4.69673         8.37146        0.726208 
        4.71241         8.29267        0.720092 
        4.72811         8.22976        0.714036 
        4.74384         8.18546        0.708042 
        4.75955         8.11628        0.702126 
        4.77525           8.059         0.69628 
        4.79096         7.98471        0.690494 
        4.80669         7.92232        0.684771 
         4.8224         7.85078         0.67912 
        4.83809         7.81913        0.673538 
        4.85379         7.75168        0.668015 
         4.8695          7.6953         0.66255 
        4.88521          7.6175        0.657148 
        4.90093         7.57364        0.651806 
        4.91663         7.52337        0.646528 
        4.93234         7.45551        0.641302 
        4.94807         7.39931        0.636131 
        4.96377         7.34163        0.631027 
        4.97943         7.28842        0.625989 
        4.99514         7.22732        0.620993 
        5.01086         7.17856        0.616048 
        5.02654         7.12234         0.61117 
        5.04227         7.04774        0.606329 
          5.058         6.99941        0.601539 
        5.07371          6.9653        0.596811 
        5.08942         6.90896        0.592132 
        5.10513         6.86429        0.587503 
        5.12084         6.79321        0.582921 
        5.13656          6.7586        0.578389 
        5.15225          6.6901        0.573912 
        5.16796         6.67634        0.569476 
        5.18369         6.61459        0.565083 
         5.1994         6.55973        0.560744 
        5.21509         6.50031        0.556454 
        5.23079         6.46371        0.552204 
        5.24649         6.41529        0.548002 
        5.26217         6.38066        0.543847 
        5.27788         6.31985        0.539728 
        5.29359         6.28883        0.535652 
        5.30933         6.22541        0.531612 
        5.32504         6.19201         0.52762 
        5.34073         6.14662        0.523674 
        5.35646         6.10257         0.51976 
        5.37218         6.06808        0.515885 
        5.38789         6.01422        0.512056 
        5.40357         5.97177         0.50827 
        5.41929         5.93302        0.504514 
        5.43502         5.89089        0.500796 
         5.4507          5.8423        0.497124 
        5.46639          5.7823        0.493488 
        5.48212         5.76904         0.48988 
        5.49786         5.72327        0.486304 
        5.51353         5.68666        0.482781 
        5.52921         5.64404        0.479289 
        5.54495         5.60408        0.475822 
        5.56066         5.55916        0.472393 
        5.57637         5.52969        0.468998 
        5.59207         5.48267         0.46564 
        5.60778         5.45332        0.462313 
        5.62346         5.41965        0.459023 
        5.63916         5.37375        0.455762 
        5.65487         5.33711        0.452531 
         5.6706         5.29933        0.449328 
        5.68633          5.2712        0.446154 
        5.70203          5.2338        0.443018 
        5.71773         5.19716        0.439912 
        5.73344         5.15993        0.436834 
        5.74916         5.13325        0.433783 
        5.76486         5.10442        0.430765 
        5.78054         5.05089        0.427781 
        5.79626         5.01994        0.424816 
          5.812         4.98621        0.421877 
         5.8277         4.95595        0.418974 
        5.84339         4.92234        0.416098 
        5.85911         4.88618        0.413244 
        5.87484         4.85344        0.410417 
        5.89053         4.81348        0.407622 
        5.90623         4.79317        0.404852 
        5.92195         4.77051        0.402102 
        5.93767         4.71549         0.39938 
        5.95336         4.70044        0.396688 
        5.96905          4.6675        0.394021 
        5.98476         4.63504        0.391375 
        6.00048         4.60754        0.388752 
        6.01617          4.5764        0.386157 
        6.03185         4.54711        0.383589 
        6.04756         4.51846        0.381038 
        6.06331         4.49401        0.378504 
        6.07903         4.45786           0.376 
        6.09473         4.42918        0.373519 
        6.11044         4.39223         0.37106 
        6.12616         4.36841        0.368622 
        6.14186         4.34611        0.366209 
        6.15755         4.31921        0.363818 
        6.17326         4.29671        0.361446 
        6.18898         4.26191        0.359094 
        6.20467         4.23498        0.356768 
        6.22036         4.20425        0.354462 
         6.2361         4.17988         0.35217 
         6.2518         4.15743        0.349902 
        6.26748         4.12777         0.34766 
        6.28319         4.09993         0.34543 
        6.29893         4.07576        0.343219 
        6.31463          4.0625         0.34103 
        6.33033         4.03022        0.338861 
        6.34604         4.00409         0.33671 
        6.36177          3.9797        0.334575 
        6.37747         3.95596        0.332462 
        6.39316          3.9294        0.330369 
        6.40888         3.91329         0.32829 
         6.4246         3.88181        0.326229 
        6.44031         3.86838        0.324186 
        6.45601         3.83688        0.322164 
        6.47172         3.80992        0.320156 
        6.48744         3.78759        0.318165 
        6.50313          3.7619        0.316194 
        6.51882         3.74234         0.31424 
        6.53452         3.71993        0.312301 
        6.55025          3.6967        0.310375 
        6.56597         3.67937        0.308468 
        6.58166         3.64857        0.306579 
        6.59736         3.64323        0.304705 
        6.61307         3.61241        0.302845 
         6.6288         3.59395        0.300999 
         6.6445         3.56355        0.299172 
         6.6602         3.54731        0.297359 
        6.67592         3.52966         0.29556 
        6.69164         3.51101        0.293776 
        6.70735          3.4852        0.292007 
        6.72304         3.46386        0.290255 
        6.73874         3.44591        0.288517 
        6.75446         3.42458         0.28679 
        6.77016         3.40069        0.285081 
        6.78585         3.39012        0.283385 
        6.80156         3.36546        0.281702 
        6.81729          3.3509         0.28003 
        6.83301           3.327        0.278372 
         6.8487         3.30508        0.276732 
         6.8644         3.28967        0.275103 
        6.88012         3.26823        0.273486 
        6.89583         3.25163        0.271883 
        6.91151         3.23683        0.270296 
        6.92723         3.21291        0.268717 
        6.94296         3.19806         0.26715 
        6.95866         3.18054        0.265598 
        6.97436         3.16756        0.264059 
        6.99007         3.14648        0.262531 
        7.00578         3.12988        0.261016 
        7.02147         3.10731        0.259514 
        7.03718         3.09249        0.258022 
         7.0529          3.0705         0.25654 
        7.06863         3.05339         0.25507 
        7.08433         3.04244        0.253613 
        7.10004         3.02702        0.252168 
        7.11575         3.01051        0.250734 
        7.13145         2.99399        0.249311 
        7.14715         2.97748          0.2479 
        7.16284         2.96537        0.246501 
        7.17855         2.94746         0.24511 
        7.19428         2.93153        0.243728 
        7.20998         2.91545         0.24236 
        7.22568         2.89859        0.241003 
        7.24139         2.88408        0.239655 
        7.25711         2.86267        0.238316 
        7.27282         2.85045        0.236989 
        7.28852         2.83525        0.235673 
        7.30423         2.82098        0.234365 
        7.31995         2.80418        0.233067 
        7.33565          2.7899         0.23178 
        7.35135         2.77686        0.230503 
        7.36706         2.76081        0.229235 
        7.38277         2.74917        0.227976 
        7.39847         2.73636        0.226727 
        7.41419         2.71552        0.225487 
         7.4299          2.7002        0.224257 
        7.44561         2.68919        0.223035 
        7.46132         2.67914        0.221823 
        7.47701         2.66325        0.220622 
        7.49272         2.65017        0.219427 
        7.50842         2.63544        0.218242 
         7.5241         2.62139        0.217068 
        7.53981         2.60802          0.2159 
        7.55552         2.59423        0.214741 
        7.57125         2.58191        0.213589 
        7.58698          2.5706        0.212445 
        7.60268          2.5591        0.211311 
         7.6184         2.54536        0.210185 
        7.63411         2.53314        0.209068 
        7.64981         2.52083        0.207959 
        7.66552         2.50652        0.206858 
        7.68123         2.49633        0.205765 
        7.69695         2.48517        0.204679 
        7.71264         2.46866        0.203602 
        7.72834          2.4557        0.202533 
        7.74407         2.44298         0.20147 
        7.75978         2.43681        0.200415 
        7.77546          2.4239         0.19937 
        7.79116         2.40935        0.198331 
         7.8069         2.39643        0.197298 
         7.8226         2.38537        0.196273 
        7.83828         2.37752        0.195258 
        7.85399         2.36285        0.194248 
        7.86972         2.35145        0.193244 
        7.88543         2.34289        0.192248 
        7.90111         2.33216        0.191261 
        7.91681         2.32138        0.190279 
        7.93255         2.30502        0.189303 
        7.94828         2.29599        0.188334 
        7.96397         2.28517        0.187373 
        7.97967         2.27336        0.186419 
        7.99538         2.26446        0.185471 
         8.0111         2.25628        0.184529 
         8.0268         2.24401        0.183595 
        8.04248         2.23234        0.182668 
         8.0582         2.22378        0.181746 
        8.07393         2.21119        0.180829 
        8.08963         2.20322         0.17992 
        8.10533         2.19306        0.179018 
        8.12104         2.18198        0.178121 
        8.13675         2.17257         0.17723 
        8.15245         2.16288        0.176346 
        8.16815         2.15451        0.175469 
        8.18387         2.14034        0.174596 
        8.19959         2.13047        0.173728 
         8.2153         2.12272        0.172868 
        8.23101         2.11191        0.172013 
        8.24672         2.10373        0.171164 
        8.26241         2.09511        0.170322 
         8.2781         2.08499        0.169485 
        8.29381         2.07606        0.168653 
        8.30952         2.06565        0.167827 
        8.32524         2.05967        0.167005 
        8.34095         2.04951         0.16619 
        8.35666         2.03781         0.16538 
        8.37237         2.03145        0.164575 
        8.38808         2.02393        0.163776 
        8.40379         2.01353        0.162983 
         8.4195          2.0046        0.162194 
         8.4352         1.99655        0.161411 
        8.45091         1.99119        0.160633 
        8.46662         1.97801         0.15986 
        8.48232         1.97336        0.159093 
        8.49802          1.9671         0.15833 
        8.51374         1.95497        0.157572 
        8.52945         1.95003        0.156819 
        8.54515         1.93933        0.156072 
        8.56086         1.93088        0.155328 
        8.57658         1.92191         0.15459 
        8.59228         1.91448        0.153857 
        8.60799         1.90711        0.153128 
        8.62371         1.89664        0.152404 
        8.63942         1.88926        0.151685 
        8.65512         1.88219         0.15097 
        8.67082         1.87382        0.150261 
        8.68653         1.86917        0.149555 
        8.70224         1.86025        0.148854 
        8.71795         1.85062        0.148158 
        8.73365         1.84413        0.147467 
        8.74936         1.83727        0.146779 
        8.76506         1.83071        0.146097 
        8.78076         1.82349        0.145418 
        8.79646         1.81477        0.144744 
        8.81218         1.80617        0.144074 
        8.82791         1.80334        0.143407 
         8.8436         1.79388        0.142746 
         8.8593         1.78938        0.142089 
        8.87503         1.78128        0.141435 
        8.89076         1.77374        0.140785 
        8.90644         1.76693        0.140141 
        8.92214         1.76066          0.1395 
        8.93786         1.75226        0.138862 
        8.95357         1.74732        0.138229 
        8.96928         1.74026          0.1376 
        8.98498         1.73395        0.136975 
        9.00069         1.73086        0.136354 
        9.01639         1.72217        0.135737 
        9.03208         1.71691        0.135124 
        9.04778         1.70884        0.134514 
        9.06351          1.7009        0.133908 
        9.07923          1.6954        0.133305 
        9.09493         1.69015        0.132706 
        9.11062         1.68279        0.132112 
        9.12635         1.67922         0.13152 
        9.14207         1.67238        0.130932 
        9.15777         1.66631        0.130349 
        9.17346         1.65938        0.129769 
        9.18917          1.6517        0.129192 
         9.2049         1.64816        0.128618 
        9.22061         1.64195        0.128048 
        9.23631         1.63621        0.127481 
        9.25201           1.629        0.126919 
        9.26773         1.62363        0.126359 
        9.28343         1.61839        0.125803 
        9.29913         1.61453         0.12525 
        9.31484          1.6074          0.1247 
        9.33057         1.60225        0.124153 
        9.34627         1.59737         0.12361 
        9.36197         1.59034        0.123071 
        9.37768         1.58748        0.122534 
        9.39338         1.58039        0.122001 
        9.40909         1.57493        0.121471 
        9.42479         1.57031        0.120944 
         9.4405         1.56484        0.120421 
        9.45621         1.55986          0.1199 
        9.47193         1.55425        0.119382 
        9.48763         1.54842        0.118868 
        9.50334         1.54242        0.118356 
        9.51906         1.53962        0.117848 
        9.53476           1.533        0.117343 
        9.55045         1.52945        0.116841 
        9.56616         1.52442        0.116341 
        9.58188         1.51873        0.115844 
        9.59759         1.51486         0.11535 
         9.6133         1.50864        0.114859 
        9.62901         1.50487         0.11437 
        9.64471         1.49894        0.113885 
        9.66041         1.49372        0.113402 
        9.67612         1.49078        0.112921 
        9.69184         1.48444        0.112443 
        9.70754         1.48133        0.111969 
        9.72324         1.47662        0.111497 
        9.73895         1.47019        0.111028 
        9.75467         1.46697        0.110562 
        9.77038           1.464        0.110099 
        9.78607         1.45981         0.10964 
        9.80177         1.45437        0.109183 
        9.81749         1.44982        0.108729 
         9.8332         1.44651        0.108279 
         9.8489         1.44024        0.107832 
        9.86463         1.43782        0.107386 
        9.88035         1.43354        0.106944 
        9.89606         1.42812        0.106504 
        9.91175         1.42615        0.106066 
        9.92745         1.41859        0.105629 
        9.94317         1.41732        0.105193 
        9.95888          1.4149        0.104759 
        9.97458         1.40821        0.104325 
        9.99029         1.40409        0.103892 
         10.006         1.40099        0.103624 
        10.0217         1.39791        0.103624 
        10.0374          1.3939        0.103624 
        10.0531         1.38794        0.103624 
        10.0688         1.38652        0.103624 
        10.0845         1.38314        0.103624 
        10.1002          1.3792        0.103624 
        10.1159         1.37535        0.103624 
        10.1317          1.3709        0.103624 
        10.1474         1.36723        0.103624 
        10.1631         1.36507        0.103624 
        10.1788         1.35911        0.103624 
        10.1945         1.35819        0.103624 
        10.2102          1.3541        0.103624 
        10.2259         1.35061        0.103624 
        10.2416         1.34738        0.103624 
        10.2573         1.34445        0.103624 
         10.273         1.34097        0.103624 
        10.2887         1.33761        0.103624 
        10.3044         1.33321        0.103624 
        10.3201         1.33104        0.103624 
        10.3359         1.32762        0.103624 
        10.3516           1.324        0.103624 
        10.3673          1.3214        0.103624 
         10.383         1.31667        0.103624 
        10.3987         1.31546        0.103624 
        10.4144         1.31258        0.103624 
        10.4301          1.3094        0.103624 
        10.4458         1.30617        0.103624 
        10.4615         1.30484        0.103624 
        10.4772         1.30118        0.103624 
        10.4929         1.29769        0.103624 
        10.5086         1.29629        0.103624 
        10.5244         1.29331        0.103624 
        10.5401         1.29013        0.103624 
        10.5558         1.28712        0.103624 
        10.5715         1.28515        0.103624 
        10.5872          1.2811        0.103624 
        10.6029         1.27877        0.103624 
        10.6186         1.27558        0.103624 
        10.6343         1.27401        0.103624 
          10.65         1.27126        0.103624 
        10.6657         1.26906        0.103624 
        10.6814         1.26729        0.103624 
        10.6971         1.26385        0.103624 
        10.7129         1.26286        0.103624 
        10.7286         1.26102        0.103624 
        10.7443         1.25728        0.103624 
          10.76         1.25628        0.103624 
        10.7757          1.2528        0.103624 
        10.7914         1.24956        0.103624 
        10.8071         1.24884        0.103624 
        10.8228         1.24635        0.103624 
        10.8385         1.24399        0.103624 
        10.8542         1.24348        0.103624 
        10.8699         1.24025        0.103624 
        10.8856         1.23676        0.103624 
        10.9014         1.23621        0.103624 
        10.9171         1.23419        0.103624 
        10.9328          1.2329        0.103624 
        10.9485         1.23025        0.103624 
        10.9642         1.22811        0.103624 
        10.9799         1.22732        0.103624 
        10.9956         1.22417        0.103624 
        11.0113         1.22295        0.103624 
         11.027         1.22035        0.103624 
        11.0427         1.22094        0.103624 
        11.0584          1.2186        0.103624 
        11.0741         1.21673        0.103624 
        11.0898         1.21517        0.103624 
        11.1055         1.21223        0.103624 
        11.1212         1.21118        0.103624 
         11.137         1.21056        0.103624 
        11.1527         1.20924        0.103624 
        11.1684         1.20806        0.103624 
        11.1841         1.20584        0.103624 
        11.1998         1.20633        0.103624 
        11.2155         1.20337        0.103624 
        11.2312         1.20173        0.103624 
        11.2469         1.20099        0.103624 
        11.2626         1.19969        0.103624 
        11.2783         1.19842        0.103624 
         11.294         1.19823        0.103624 
        11.3097          1.1966        0.103624 
        11.3254         1.19539        0.103624 
        11.3412          1.1967        0.103624 
        11.3569         1.19396        0.103624 
        11.3726         1.19233        0.103624 
        11.3883         1.19345        0.103624 
         11.404         1.19156        0.103624 
        11.4197         1.18913        0.103624 
        11.4354         1.18893        0.103624 
        11.4511         1.18873        0.103624 
        11.4668         1.18645        0.103624 
        11.4825         1.18775        0.103624 
        11.4982         1.18478        0.103624 
         11.514         1.18545        0.103624 
        11.5297         1.18481        0.103624 
        11.5454         1.18416        0.103624 
        11.5611          1.1835        0.103624 
        11.5768         1.18318        0.103624 
        11.5925         1.18363        0.103624 
        11.6082         1.18293        0.103624 
        11.6239          1.1817        0.103624 
        11.6396         1.18143        0.103624 
        11.6553         1.18086        0.103624 
         11.671         1.18255        0.103624 
        11.6867         1.18193        0.103624 
        11.7024          1.1794        0.103624 
        11.7182         1.18075        0.103624 
        11.7339         1.17967        0.103624 
        11.7496         1.18043        0.103624 
        11.7653          1.1802        0.103624 
         11.781         1.17989        0.103624 
        11.7967         1.18024        0.103624 
        11.8124         1.17956        0.103624 
        11.8281         1.17943        0.103624 
        11.8438         1.18007        0.103624 
        11.8595         1.18083        0.103624 
        11.8752         1.18011        0.103624 
         11.891          1.1808        0.103624 
        11.9067          1.1805        0.103624 
        11.9224         1.18173        0.103624 
        11.9381         1.18252        0.103624 
        11.9538         1.18257        0.103624 
        11.9695         1.18364        0.103624 
        11.9852         1.18291        0.103624 
        12.0009         1.18207        0.103624 
        12.0166         1.18326        0.103624 
        12.0323         1.18605        0.103624 
         12.048         1.18609        0.103624 
        12.0637         1.18573        0.103624 
