# k  (h/Mpc)    Pcb(k)  (Mpc/h)^3    Pcb_linear(k) (Mpc/h)^3   ShotnoiseSubtracted = true
      0.0200456         1471.87          1490.8 
      0.0350414            1159         1168.94 
      0.0492313         925.336         926.158 
      0.0637834         759.794         753.113 
      0.0800726         577.675         568.905 
       0.096163         444.114          447.48 
       0.111083          372.09         378.791 
       0.126058         317.156         314.883 
       0.142273         261.219         256.232 
       0.158546         221.897          218.28 
        0.17375         188.852         189.911 
       0.188953         166.719         163.266 
       0.204907         149.807          141.33 
       0.220756         129.333         124.913 
        0.23588         114.666          110.95 
         0.2514         100.866         98.3103 
       0.267535         91.3748         87.6761 
       0.283568         82.7033         78.7846 
       0.299022         75.5281         71.1447 
       0.314451         67.2845         64.5039 
       0.330372         62.1489         58.6498 
       0.346141         56.6694         53.5404 
       0.361624         52.5836         49.0709 
       0.377134         49.2218          45.118 
       0.392932         43.6702          41.556 
       0.408854         41.9435         38.3443 
       0.424564         39.2391         35.4995 
       0.440253         36.1689         32.9533 
       0.455999         34.1271          30.651 
       0.471626         32.0269         28.5803 
        0.48727         30.2303         26.6985 
       0.502856         28.2527         24.9932 
       0.518488         27.0011         23.4326 
       0.534347         25.8001         21.9848 
       0.550082          23.609         20.6694 
       0.565732          21.918         19.4682 
       0.581496          21.488         18.3549 
       0.597222         20.6689         17.3311 
       0.612804         19.2522          16.394 
       0.628434         18.5612         15.5239 
       0.644267         17.9151         14.7071 
       0.660051          16.918         13.9515 
       0.675724         16.0655         13.2539 
       0.691403         15.5279         12.6039 
       0.707174         14.8555         11.9943 
       0.722871         14.2505         11.4277 
        0.73838         13.7298          10.904 
       0.754018         13.2405         10.4093 
       0.769845         12.6519         9.93993 
        0.78569         12.2639         9.49919 
       0.801365         11.7544         9.08956 
       0.817031         11.4027         8.70442 
       0.832809         11.0959         8.33919 
       0.848511          10.439         7.99661 
       0.864097         10.1508         7.67569 
       0.879701         9.83503         7.37212 
       0.895507         9.43405         7.08144 
       0.911279         9.28268          6.8071 
        0.92691         8.95818         6.54962 
       0.942635         8.57681         6.30408 
       0.958396           8.321         6.07067 
       0.974128          8.1037         5.84956 
       0.989692         7.99763         5.64169 
        1.00528         7.67587         5.44367 
        1.02113         7.38452          5.2521 
        1.03692         7.24384          5.0705 
        1.05264          7.0239         4.89836 
        1.06832         6.86799         4.73453 
        1.08405         6.60083         4.57779 
        1.09979         6.45562         4.42808 
        1.11537         6.33292         4.28659 
        1.13105         6.15509         4.15046 
        1.14679         6.01384         4.01974 
        1.16256          5.8403         3.89442 
        1.17828         5.74016         3.77488 
        1.19395         5.57178         3.66078 
         1.2097          5.3864         3.55083 
        1.22537         5.26403         3.44595 
          1.241         5.17454         3.34563 
        1.25666          5.1246         3.24907 
        1.27241         4.93881         3.15589 
        1.28819         4.82275         3.06621 
        1.30392         4.74626         2.98029 
        1.31957         4.64184         2.89806 
        1.33529          4.5369         2.81864 
        1.35108         4.42718         2.74189 
        1.36674         4.37095         2.66855 
         1.3824          4.2091         2.59798 
        1.39811         4.15266         2.52973 
        1.41389         4.08566         2.46368 
        1.42964         4.00531          2.4001 
        1.44531          3.9286         2.33909 
        1.46101         3.85332         2.28007 
        1.47667         3.74785         2.22327 
        1.49229         3.71871         2.16857 
        1.50793         3.61412         2.11565 
        1.52367         3.59084         2.06416 
        1.53953         3.48684         2.01404 
        1.55526         3.41762         1.96599 
        1.57092         3.38023         1.91971 
        1.58662         3.30333         1.87482 
        1.60235         3.25135         1.83127 
        1.61809         3.19349          1.7891 
        1.63369         3.14349         1.74863 
        1.64941          3.0866         1.70912 
        1.66519         3.04279          1.6707 
        1.68085         2.96951         1.63373 
        1.69652         2.92605         1.59787 
        1.71228         2.88737         1.56289 
        1.72806         2.82762         1.52893 
        1.74368         2.78546         1.49632 
        1.75933         2.74169          1.4646 
        1.77505         2.70325         1.43366 
        1.79081         2.65383         1.40355 
         1.8065         2.61558         1.37444 
        1.82218          2.5847         1.34618 
        1.83797         2.55493         1.31853 
        1.85367          2.5155         1.29181 
        1.86928         2.47605         1.26598 
        1.88497         2.42723         1.24073 
        1.90073         2.38951         1.21607 
        1.91647         2.35682         1.19211 
        1.93218         2.34027         1.16884 
        1.94787         2.29796         1.14623 
        1.96363         2.26106         1.12413 
        1.97935         2.22577         1.10266 
        1.99499         2.18234         1.08187 
        2.01064         2.16567         1.06159 
         2.0264         2.14964          1.0417 
        2.04216         2.11203         1.02233 
        2.05781         2.08022         1.00358 
        2.07353         2.05909        0.985226 
        2.08928          2.0294        0.967297 
        2.10499         2.00183        0.949862 
        2.12065         1.98652         0.93291 
        2.13633         1.95098        0.916358 
        2.15211         1.92288        0.900101 
        2.16785         1.90191        0.884285 
        2.18349         1.88325        0.868948 
        2.19916         1.84583        0.853943 
        2.21489         1.82634        0.839243 
        2.23063         1.80263         0.82488 
         2.2463         1.78854        0.810918 
        2.26194         1.75734        0.797314 
        2.27765         1.74017        0.783953 
        2.29341         1.72329        0.770864 
        2.30914         1.70519        0.758101 
        2.32486          1.6863        0.745634 
        2.34061         1.66141        0.733427 
        2.35635          1.6349        0.721505 
        2.37203         1.62857        0.709889 
        2.38768         1.60993        0.698554 
        2.40339         1.59462        0.687425 
        2.41914           1.573        0.676513 
        2.43483         1.55485        0.665876 
         2.4505         1.53298        0.655486 
        2.46622         1.52068        0.645283 
        2.48195         1.50828        0.635296 
        2.49759         1.48892        0.625574 
        2.51328         1.46805        0.616031 
        2.52906         1.45756        0.606626 
        2.54479         1.44101        0.597453 
        2.56049         1.42466        0.588487 
        2.57618         1.41319        0.579714 
        2.59189         1.40176        0.571106 
        2.60758         1.38014        0.562687 
        2.62325         1.36896        0.554447 
        2.63898         1.35513        0.546344 
        2.65468         1.34283        0.538421 
        2.67044         1.33055         0.53062 
        2.68618         1.31059        0.522992 
        2.70184         1.29805        0.515545 
        2.71755          1.2869        0.508224 
        2.73329         1.27517        0.501034 
        2.74897         1.26316        0.494007 
        2.76462         1.24932         0.48713 
        2.78034         1.24343        0.480356 
        2.79607         1.22744        0.473704 
        2.81179          1.2132        0.467185 
        2.82749         1.20572        0.460797 
        2.84321         1.19693         0.45452 
        2.85893         1.18003        0.448363 
        2.87462          1.1737         0.44233 
        2.89033         1.15582        0.436403 
        2.90605         1.14827        0.430579 
        2.92176          1.1393        0.424864 
        2.93747         1.13057        0.419257 
        2.95318         1.12091        0.413749 
        2.96891         1.10837        0.408338 
        2.98456         1.10383        0.403047 
        3.00023         1.08987        0.397843 
        3.01596         1.08481        0.392714 
        3.03164         1.07536         0.38769 
        3.04738         1.05799         0.38274 
         3.0631         1.05336        0.377878 
        3.07883         1.04508          0.3731 
        3.09456         1.03846        0.368405 
        3.11026          1.0271        0.363799 
        3.12596         1.01962        0.359271 
        3.14163         1.00952        0.354832 
        3.15734         1.00538        0.350457 
        3.17308        0.994171        0.346145 
        3.18879        0.986316        0.341917 
        3.20447        0.976186        0.337767 
         3.2202        0.970543        0.333672 
         3.2359         0.96461        0.329653 
        3.25157        0.954563        0.325709 
        3.26729        0.949685        0.321818 
        3.28304        0.939676        0.317983 
        3.29877        0.931429        0.314215 
        3.31446        0.926613        0.310517 
        3.33014        0.921684        0.306881 
        3.34585        0.912022        0.303298 
        3.36158        0.902492        0.299767 
        3.37727        0.900833        0.296303 
        3.39294        0.892644        0.292897 
        3.40867        0.887144        0.289533 
        3.42439        0.878061        0.286223 
        3.44008         0.87365        0.282971 
        3.45578        0.867885        0.279768 
        3.47153        0.859215        0.276607 
        3.48724        0.855297          0.2735 
        3.50292        0.851386        0.270448 
        3.51859        0.843928        0.267444 
        3.53431         0.83771        0.264477 
        3.55007        0.834878        0.261547 
        3.56577        0.826406        0.258674 
        3.58146        0.819764        0.255844 
        3.59719        0.817467        0.253051 
        3.61292        0.811766          0.2503 
        3.62859         0.80215          0.2476 
        3.64429        0.800446        0.244936 
        3.66003        0.793638        0.242302 
        3.67578         0.78822        0.239707 
        3.69146        0.784709        0.237161 
        3.70712        0.776916        0.234656 
        3.72284        0.774786        0.232178 
        3.73853        0.767094         0.22974 
        3.75422        0.762218        0.227337 
        3.76993        0.761028        0.224965 
        3.78564        0.754897        0.222629 
        3.80137        0.748025        0.220321 
        3.81707        0.746406        0.218052 
        3.83279        0.739361        0.215812 
        3.84853        0.734138          0.2136 
        3.86424        0.731675        0.211424 
        3.87992        0.726772        0.209281 
        3.89561        0.722194        0.207168 
        3.91134        0.717143        0.205079 
        3.92704          0.7121        0.203022 
        3.94273        0.709133        0.200995 
        3.95845        0.704623        0.198992 
        3.97418        0.699133        0.197016 
        3.98988        0.695312        0.195069 
        4.00554        0.691766        0.193154 
        4.02125        0.685816        0.191259 
        4.03698        0.677995        0.189387 
        4.05268        0.673579        0.187544 
        4.06839        0.668158        0.185724 
         4.0841        0.664426        0.183929 
        4.09983        0.660411        0.182155 
        4.11555        0.653861        0.180405 
        4.13124        0.648733        0.178683 
        4.14693         0.64378        0.176981 
        4.16266        0.640022        0.175299 
        4.17839         0.63609        0.173639 
        4.19408        0.631407        0.172004 
        4.20977        0.626982         0.17039 
        4.22551          0.6228        0.168792 
        4.24123        0.618387        0.167217 
        4.25691        0.615101        0.165666 
        4.27259        0.610668        0.164134 
        4.28831        0.606877        0.162618 
        4.30404         0.60285         0.16112 
        4.31974        0.599075        0.159644 
        4.33543         0.59619        0.158188 
        4.35116         0.59323        0.156746 
        4.36688        0.588511        0.155323 
        4.38255        0.586473        0.153923 
        4.39825         0.58304        0.152536 
        4.41398        0.578812        0.151165 
         4.4297        0.576119        0.149811 
        4.44541        0.573126        0.148475 
        4.46111        0.571688        0.147155 
        4.47683        0.568102        0.145851 
        4.49251         0.56477        0.144565 
        4.50819        0.561802        0.143295 
         4.5239        0.561386        0.142039 
        4.53962        0.557823        0.140796 
        4.55535         0.55667        0.139567 
        4.57106        0.552738        0.138355 
        4.58678        0.550282        0.137156 
         4.6025        0.547762        0.135972 
        4.61821        0.546471        0.134802 
        4.63391        0.543081        0.133647 
         4.6496        0.540598        0.132506 
        4.66532        0.540044        0.131377 
        4.68103        0.537248        0.130261 
        4.69673        0.536156         0.12916 
        4.71241        0.532401        0.128072 
        4.72811        0.532625        0.126995 
        4.74384        0.529711        0.125929 
        4.75955        0.528828        0.124876 
        4.77525        0.526497        0.123837 
        4.79096        0.526387        0.122808 
        4.80669        0.523204         0.12179 
         4.8224        0.523807        0.120785 
        4.83809        0.520579        0.119792 
        4.85379        0.520324         0.11881 
         4.8695        0.519369        0.117838 
        4.88521         0.51675        0.116877 
        4.90093        0.517008        0.115927 
        4.91663        0.514305        0.114988 
        4.93234        0.513264        0.114059 
        4.94807         0.51367        0.113139 
        4.96377        0.512395        0.112231 
        4.97943        0.511483        0.111335 
        4.99514        0.509351        0.110447 
        5.01086        0.510411        0.109567 
        5.02654        0.508947        0.108699 
        5.04227        0.507857        0.107839 
          5.058        0.507018        0.106987 
        5.07371        0.506226        0.106146 
        5.08942        0.506353        0.105313 
        5.10513        0.504688         0.10449 
        5.12084        0.504791        0.103675 
        5.13656         0.50518        0.102869 
        5.15225        0.504558        0.102073 
        5.16796        0.503459        0.101284 
        5.18369        0.504271        0.100503 
         5.1994        0.504899        0.099731 
        5.21509        0.502976        0.098968 
        5.23079        0.503033       0.0982122 
        5.24649        0.503336       0.0974648 
        5.26217        0.502186       0.0967257 
        5.27788         0.50332       0.0959933 
        5.29359        0.502664       0.0952683 
        5.30933        0.502416       0.0945497 
        5.32504        0.502307       0.0938398 
        5.34073        0.502291       0.0931379 
        5.35646        0.503018       0.0924418 
        5.37218        0.503735       0.0917526 
        5.38789         0.50274       0.0910716 
        5.40357        0.503754       0.0903983 
        5.41929        0.504351       0.0897303 
        5.43502        0.504447       0.0890689 
         5.4507        0.504015       0.0884158 
        5.46639        0.505113       0.0877692 
        5.48212        0.503985       0.0871275 
        5.49786        0.504638       0.0864914 
        5.51353        0.505584       0.0858649 
        5.52921        0.505125       0.0852439 
        5.54495        0.505719       0.0846273 
        5.56066        0.507133       0.0840174 
        5.57637        0.506239       0.0834136 
        5.59207        0.507837       0.0828163 
        5.60778        0.507644       0.0822245 
        5.62346        0.507819       0.0816394 
        5.63916        0.508485       0.0810595 
        5.65487        0.509581       0.0804848 
         5.6706        0.510142       0.0799151 
        5.68633        0.510732       0.0793506 
        5.70203        0.512146       0.0787928 
        5.71773        0.511875       0.0782404 
        5.73344        0.511475       0.0776931 
        5.74916        0.513049       0.0771504 
        5.76486        0.513441       0.0766137 
        5.78054        0.514129       0.0760829 
        5.79626        0.514382       0.0755556 
          5.812        0.516721       0.0750328 
         5.8277        0.516373       0.0745165 
        5.84339        0.517724       0.0740051 
        5.85911         0.51761       0.0734974 
        5.87484        0.517905       0.0729946 
        5.89053        0.519142       0.0724975 
        5.90623        0.519475       0.0720048 
        5.92195        0.520157       0.0715158 
        5.93767        0.521309       0.0710317 
        5.95336        0.520462       0.0705528 
        5.96905        0.521447       0.0700785 
        5.98476        0.523376       0.0696079 
        6.00048        0.524584       0.0691414 
        6.01617        0.525088       0.0686799 
        6.03185        0.524631       0.0682231 
        6.04756        0.526708       0.0677694 
        6.06331         0.52759       0.0673188 
        6.07903        0.529016       0.0668733 
        6.09473        0.529799       0.0664322 
        6.11044        0.530428       0.0659948 
        6.12616        0.530699       0.0655613 
        6.14186        0.529865       0.0651321 
        6.15755        0.531776       0.0647068 
        6.17326        0.532496        0.064285 
        6.18898        0.532963       0.0638667 
        6.20467        0.535435       0.0634529 
        6.22036        0.533914       0.0630428 
         6.2361         0.53523       0.0626352 
         6.2518        0.534895       0.0622318 
        6.26748        0.536591       0.0618329 
        6.28319        0.538693       0.0614364 
        6.29893        0.538945       0.0610431 
        6.31463        0.539341       0.0606538 
        6.33033        0.538361       0.0602681 
        6.34604        0.540042       0.0598854 
        6.36177        0.540089       0.0595057 
        6.37747        0.542605         0.05913 
        6.39316         0.54146       0.0587578 
        6.40888        0.542556        0.058388 
         6.4246        0.544177       0.0580214 
        6.44031        0.544455       0.0576581 
        6.45601        0.545548       0.0572984 
        6.47172        0.545441       0.0569413 
        6.48744         0.54684       0.0565872 
        6.50313          0.5469       0.0562366 
        6.51882        0.546657       0.0558892 
        6.53452        0.547798       0.0555443 
        6.55025        0.549291       0.0552018 
        6.56597         0.54901       0.0548625 
        6.58166        0.548809       0.0545266 
        6.59736        0.550564       0.0541933 
        6.61307        0.550694       0.0538625 
         6.6288        0.550056       0.0535342 
         6.6445        0.551735       0.0532091 
         6.6602        0.552853       0.0528868 
        6.67592        0.551776       0.0525667 
        6.69164        0.551959       0.0522495 
        6.70735        0.553521       0.0519349 
        6.72304        0.553321       0.0516232 
        6.73874        0.552664       0.0513141 
        6.75446        0.553897        0.051007 
        6.77016        0.557123        0.050703 
        6.78585        0.555054       0.0504013 
        6.80156         0.55589       0.0501021 
        6.81729        0.556668       0.0498047 
        6.83301        0.558329       0.0495099 
         6.8487        0.557853       0.0492181 
         6.8644        0.558639       0.0489284 
        6.88012        0.559027       0.0486408 
        6.89583        0.558708       0.0483558 
        6.91151        0.561549       0.0480734 
        6.92723        0.558299       0.0477926 
        6.94296        0.560895       0.0475139 
        6.95866        0.561529       0.0472379 
        6.97436         0.56102       0.0469642 
        6.99007        0.561738       0.0466924 
        7.00578        0.561075       0.0464229 
        7.02147        0.563818       0.0461557 
        7.03718        0.564115       0.0458904 
         7.0529        0.565025       0.0456269 
        7.06863        0.563741       0.0453654 
        7.08433        0.564909       0.0451063 
        7.10004        0.564297       0.0448493 
        7.11575         0.56514       0.0445942 
        7.13145         0.56519       0.0443412 
        7.14715        0.565683       0.0440902 
        7.16284        0.565899       0.0438414 
        7.17855        0.566468        0.043594 
        7.19428        0.566483       0.0433483 
        7.20998        0.567241       0.0431049 
        7.22568        0.567571       0.0428635 
        7.24139         0.56878       0.0426237 
        7.25711        0.566788       0.0423857 
        7.27282        0.567254       0.0421496 
        7.28852        0.568004       0.0419155 
        7.30423        0.568511       0.0416829 
        7.31995        0.569332       0.0414521 
        7.33565        0.568461       0.0412232 
        7.35135        0.569938        0.040996 
        7.36706        0.568737       0.0407706 
        7.38277        0.570792       0.0405467 
        7.39847        0.569239       0.0403246 
        7.41419        0.571004        0.040104 
         7.4299        0.570683       0.0398851 
        7.44561         0.57014       0.0396679 
        7.46132        0.570817       0.0394523 
        7.47701        0.570425       0.0392386 
        7.49272        0.572701       0.0390262 
        7.50842        0.572078       0.0388155 
         7.5241        0.571463       0.0386066 
        7.53981        0.571276       0.0383989 
        7.55552        0.572904       0.0381927 
        7.57125        0.571829       0.0379878 
        7.58698        0.572051       0.0377843 
        7.60268         0.57346       0.0375828 
         7.6184        0.573184       0.0373825 
        7.63411        0.573537       0.0371837 
        7.64981        0.574529       0.0369865 
        7.66552        0.572776       0.0367907 
        7.68123         0.57364       0.0365962 
        7.69695        0.572795       0.0364031 
        7.71264        0.575146       0.0362116 
        7.72834         0.57442       0.0360215 
        7.74407        0.573987       0.0358324 
        7.75978        0.574694       0.0356447 
        7.77546        0.575284       0.0354589 
        7.79116        0.574547       0.0352742 
         7.8069        0.575319       0.0350904 
         7.8226        0.577048       0.0349081 
        7.83828        0.575455       0.0347275 
        7.85399         0.57631        0.034548 
        7.86972           0.576       0.0343693 
        7.88543        0.576743       0.0341922 
        7.90111        0.576391       0.0340167 
        7.91681        0.577476       0.0338421 
        7.93255        0.575668       0.0336684 
        7.94828        0.577436        0.033496 
        7.96397        0.576991       0.0333252 
        7.97967        0.577124       0.0331555 
        7.99538        0.577133       0.0329869 
         8.0111        0.576862       0.0328194 
         8.0268        0.578522       0.0326532 
        8.04248        0.585301       0.0324884 
         8.0582        0.577742       0.0323244 
        8.07393        0.578883       0.0321613 
        8.08963        0.579327       0.0319997 
        8.10533        0.579529       0.0318392 
        8.12104        0.580598       0.0316797 
        8.13675        0.579808       0.0315213 
        8.15245        0.581139        0.031364 
        8.16815        0.582477       0.0312079 
        8.18387        0.582941       0.0310527 
        8.19959        0.582874       0.0308984 
         8.2153        0.583372       0.0307453 
        8.23101        0.583506       0.0305933 
        8.24672        0.583666       0.0304423 
        8.26241        0.584699       0.0302925 
         8.2781        0.582637       0.0301437 
        8.29381        0.585072       0.0299957 
        8.30952        0.584836       0.0298488 
        8.32524        0.585614       0.0297027 
        8.34095        0.585965       0.0295576 
        8.35666        0.584871       0.0294136 
        8.37237        0.586388       0.0292705 
        8.38808        0.586582       0.0291284 
        8.40379        0.587403       0.0289872 
         8.4195        0.588022        0.028847 
         8.4352        0.588334       0.0287077 
        8.45091        0.588663       0.0285694 
        8.46662        0.587003       0.0284319 
        8.48232        0.589792       0.0282954 
        8.49802        0.589418       0.0281598 
        8.51374        0.590229        0.028025 
        8.52945        0.590375        0.027891 
        8.54515        0.590827       0.0277581 
        8.56086        0.591733       0.0276259 
        8.57658        0.589656       0.0274946 
        8.59228        0.592007       0.0273642 
        8.60799        0.591176       0.0272346 
        8.62371        0.592418       0.0271058 
        8.63942         0.59297       0.0269779 
        8.65512        0.593838       0.0268508 
        8.67082        0.594009       0.0267246 
        8.68653        0.593992       0.0265991 
        8.70224        0.593975       0.0264745 
        8.71795         0.59424       0.0263507 
        8.73365        0.594669       0.0262276 
        8.74936        0.595212       0.0261054 
        8.76506        0.597174        0.025984 
        8.78076        0.595806       0.0258633 
        8.79646        0.597204       0.0257434 
        8.81218        0.596544       0.0256242 
        8.82791        0.596748       0.0255056 
         8.8436        0.597117        0.025388 
         8.8593        0.598034       0.0252712 
        8.87503         0.59772       0.0251548 
        8.89076        0.599381       0.0250392 
        8.90644        0.599785       0.0249247 
        8.92214        0.598675       0.0248107 
        8.93786        0.600458       0.0246974 
        8.95357        0.599608       0.0245848 
        8.96928          0.6012       0.0244729 
        8.98498        0.601947       0.0243617 
        9.00069        0.601066       0.0242512 
        9.01639        0.601918       0.0241414 
        9.03208        0.600788       0.0240324 
        9.04778        0.602493        0.023924 
        9.06351        0.601878       0.0238161 
        9.07923        0.602744       0.0237089 
        9.09493        0.604592       0.0236025 
        9.11062        0.603348       0.0234968 
        9.12635        0.603968       0.0233915 
        9.14207        0.604619       0.0232869 
        9.15777        0.604518       0.0231831 
        9.17346        0.604696         0.02308 
        9.18917        0.605304       0.0229774 
         9.2049         0.60581       0.0228753 
        9.22061        0.605829       0.0227739 
        9.23631         0.60728       0.0226732 
        9.25201         0.60775       0.0225731 
        9.26773        0.606598       0.0224735 
        9.28343        0.608099       0.0223746 
        9.29913        0.608292       0.0222763 
        9.31484        0.608373       0.0221786 
        9.33057        0.608954       0.0220813 
        9.34627        0.609135       0.0219847 
        9.36197        0.610433       0.0218888 
        9.37768        0.609084       0.0217933 
        9.39338        0.610267       0.0216985 
        9.40909        0.610426       0.0216042 
        9.42479        0.611141       0.0215105 
         9.4405        0.610676       0.0214174 
        9.45621         0.61105       0.0213248 
        9.47193        0.611623       0.0212327 
        9.48763        0.611668       0.0211412 
        9.50334        0.612576       0.0210503 
        9.51906        0.613675       0.0209598 
        9.53476        0.613423         0.02087 
        9.55045        0.613307       0.0207807 
        9.56616        0.613476       0.0206918 
        9.58188        0.614359       0.0206034 
        9.59759        0.614929       0.0205156 
         9.6133        0.615374       0.0204282 
        9.62901        0.615679       0.0203413 
        9.64471        0.615629        0.020255 
        9.66041        0.616159       0.0201691 
        9.67612        0.617096       0.0200836 
        9.69184        0.616771       0.0199986 
        9.70754        0.616991       0.0199142 
        9.72324        0.617907       0.0198303 
        9.73895        0.618423       0.0197469 
        9.75467        0.618199        0.019664 
        9.77038        0.619852       0.0195816 
        9.78607        0.619245       0.0194999 
        9.80177        0.620254       0.0194187 
        9.81749        0.620636        0.019338 
         9.8332        0.620821       0.0192579 
         9.8489        0.622949       0.0191784 
        9.86463        0.621078       0.0190992 
        9.88035        0.622297       0.0190204 
        9.89606        0.623102       0.0189422 
        9.91175        0.623244       0.0188643 
        9.92745        0.623657       0.0187866 
        9.94317        0.624541       0.0187091 
        9.95888        0.624606       0.0186319 
        9.97458        0.623916       0.0185547 
        9.99029        0.625247       0.0184777 
         10.006        0.625569         0.01843 
        10.0217        0.625923         0.01843 
        10.0374        0.626979         0.01843 
        10.0531        0.627132         0.01843 
        10.0688        0.627891         0.01843 
        10.0845        0.627863         0.01843 
        10.1002        0.627974         0.01843 
        10.1159        0.628915         0.01843 
        10.1317        0.629409         0.01843 
        10.1474          0.6295         0.01843 
        10.1631        0.629961         0.01843 
        10.1788        0.630001         0.01843 
        10.1945        0.631091         0.01843 
        10.2102        0.631976         0.01843 
        10.2259        0.632788         0.01843 
        10.2416        0.631899         0.01843 
        10.2573        0.632865         0.01843 
         10.273        0.633722         0.01843 
        10.2887        0.633005         0.01843 
        10.3044        0.635206         0.01843 
        10.3201        0.635385         0.01843 
        10.3359        0.635668         0.01843 
        10.3516        0.635635         0.01843 
        10.3673        0.637044         0.01843 
         10.383        0.637714         0.01843 
        10.3987        0.637624         0.01843 
        10.4144        0.638273         0.01843 
        10.4301        0.639143         0.01843 
        10.4458        0.639038         0.01843 
        10.4615        0.640079         0.01843 
        10.4772        0.639699         0.01843 
        10.4929        0.641174         0.01843 
        10.5086          0.6415         0.01843 
        10.5244        0.640936         0.01843 
        10.5401        0.641243         0.01843 
        10.5558         0.64267         0.01843 
        10.5715        0.644184         0.01843 
        10.5872        0.644719         0.01843 
        10.6029        0.645351         0.01843 
        10.6186        0.645734         0.01843 
        10.6343        0.645774         0.01843 
          10.65        0.646623         0.01843 
        10.6657        0.646303         0.01843 
        10.6814        0.648443         0.01843 
        10.6971        0.648227         0.01843 
        10.7129        0.648755         0.01843 
        10.7286        0.649409         0.01843 
        10.7443          0.6501         0.01843 
          10.76        0.650933         0.01843 
        10.7757        0.652047         0.01843 
        10.7914        0.651733         0.01843 
        10.8071        0.652682         0.01843 
        10.8228        0.652928         0.01843 
        10.8385        0.653868         0.01843 
        10.8542        0.654028         0.01843 
        10.8699        0.655947         0.01843 
        10.8856        0.655879         0.01843 
        10.9014        0.655992         0.01843 
        10.9171        0.657708         0.01843 
        10.9328        0.657984         0.01843 
        10.9485        0.658939         0.01843 
        10.9642        0.659627         0.01843 
        10.9799        0.659984         0.01843 
        10.9956        0.660927         0.01843 
        11.0113        0.661223         0.01843 
         11.027        0.662556         0.01843 
        11.0427        0.663987         0.01843 
        11.0584        0.664445         0.01843 
        11.0741        0.665501         0.01843 
        11.0898        0.665722         0.01843 
        11.1055         0.66644         0.01843 
        11.1212        0.666941         0.01843 
         11.137        0.667635         0.01843 
        11.1527        0.667814         0.01843 
        11.1684          0.6704         0.01843 
        11.1841        0.669673         0.01843 
        11.1998        0.670292         0.01843 
        11.2155        0.672169         0.01843 
        11.2312        0.672697         0.01843 
        11.2469        0.673409         0.01843 
        11.2626        0.674601         0.01843 
        11.2783        0.675525         0.01843 
         11.294        0.675701         0.01843 
        11.3097        0.676711         0.01843 
        11.3254        0.678107         0.01843 
        11.3412        0.678957         0.01843 
        11.3569        0.680134         0.01843 
        11.3726        0.680603         0.01843 
        11.3883        0.681802         0.01843 
         11.404        0.682781         0.01843 
        11.4197        0.683172         0.01843 
        11.4354        0.684037         0.01843 
        11.4511        0.685595         0.01843 
        11.4668        0.685912         0.01843 
        11.4825        0.688011         0.01843 
        11.4982        0.688159         0.01843 
         11.514        0.689506         0.01843 
        11.5297         0.69136         0.01843 
        11.5454        0.692297         0.01843 
        11.5611        0.692839         0.01843 
        11.5768        0.694139         0.01843 
        11.5925        0.695479         0.01843 
        11.6082        0.696159         0.01843 
        11.6239        0.696625         0.01843 
        11.6396        0.698726         0.01843 
        11.6553        0.699786         0.01843 
         11.671        0.700885         0.01843 
        11.6867        0.701874         0.01843 
        11.7024        0.703153         0.01843 
        11.7182        0.703851         0.01843 
        11.7339        0.705759         0.01843 
        11.7496        0.706825         0.01843 
        11.7653        0.707513         0.01843 
         11.781        0.709623         0.01843 
        11.7967        0.710257         0.01843 
        11.8124        0.711675         0.01843 
        11.8281        0.713313         0.01843 
        11.8438        0.714811         0.01843 
        11.8595        0.715741         0.01843 
        11.8752         0.71727         0.01843 
         11.891        0.718502         0.01843 
        11.9067        0.720476         0.01843 
        11.9224        0.721331         0.01843 
        11.9381        0.722427         0.01843 
        11.9538        0.723864         0.01843 
        11.9695         0.72624         0.01843 
        11.9852         0.72703         0.01843 
        12.0009        0.727799         0.01843 
        12.0166        0.730554         0.01843 
        12.0323        0.731832         0.01843 
         12.048        0.733957         0.01843 
        12.0637        0.734124         0.01843 
