# k  (h/Mpc)    Pcb(k)  (Mpc/h)^3    Pcb_linear(k) (Mpc/h)^3   ShotnoiseSubtracted = true
      0.0200456         11159.8           11304 
      0.0350414         9065.66         8863.45 
      0.0492313         6913.41         7022.59 
      0.0637834         5482.85         5710.48 
      0.0800726         4149.43         4313.72 
       0.096163         3465.15         3393.02 
       0.111083         2962.12         2872.18 
       0.126058         2359.48          2387.6 
       0.142273         1983.34         1942.88 
       0.158546         1707.01         1655.11 
        0.17375         1524.83            1440 
       0.188953         1378.59         1237.96 
       0.204907         1170.26         1071.63 
       0.220756          1065.1         947.152 
        0.23588         955.487         841.277 
         0.2514         853.015         745.438 
       0.267535         823.355         664.804 
       0.283568         724.266         597.384 
       0.299022         692.619         539.454 
       0.314451         700.383         489.101 
       0.330372         602.926         444.712 
       0.346141         559.797          405.97 
       0.361624         535.572          372.08 
       0.377134         502.571         342.107 
       0.392932         487.712         315.098 
       0.408854         463.179         290.745 
       0.424564         448.144         269.175 
       0.440253         406.463         249.868 
       0.455999         389.781         232.411 
       0.471626         391.133          216.71 
        0.48727         371.321         202.441 
       0.502856          341.64         189.511 
       0.518488         342.418         177.677 
       0.534347         318.276           166.7 
       0.550082         309.497         156.726 
       0.565732         307.395         147.618 
       0.581496         292.472         139.176 
       0.597222          284.79         131.413 
       0.612804          277.72         124.307 
       0.628434         266.248          117.71 
       0.644267          254.91         111.516 
       0.660051         250.227         105.787 
       0.675724          248.34         100.498 
       0.691403         240.435         95.5693 
       0.707174         232.504         90.9467 
       0.722871         228.843         86.6504 
        0.73838         227.153         82.6793 
       0.754018         214.835         78.9281 
       0.769845         214.253         75.3695 
        0.78569          209.12         72.0276 
       0.801365          204.18         68.9216 
       0.817031         198.524         66.0012 
       0.832809         195.677         63.2319 
       0.848511         190.725         60.6343 
       0.864097         186.285         58.2009 
       0.879701         185.151         55.8991 
       0.895507         180.184          53.695 
       0.911279         175.088         51.6148 
        0.92691         172.739         49.6624 
       0.942635         170.652         47.8007 
       0.958396          167.06         46.0308 
       0.974128         163.324         44.3542 
       0.989692         159.072         42.7781 
        1.00528         157.689         41.2766 
        1.02113         154.136          39.824 
        1.03692         152.205          38.447 
        1.05264          149.99         37.1418 
        1.06832         147.174         35.8996 
        1.08405         144.663         34.7111 
        1.09979         143.793         33.5759 
        1.11537          140.11          32.503 
        1.13105         138.731         31.4708 
        1.14679         136.143         30.4797 
        1.16256         134.026         29.5294 
        1.17828         132.201          28.623 
        1.19395         128.815         27.7578 
         1.2097         128.412         26.9242 
        1.22537         125.779         26.1289 
          1.241         124.686         25.3682 
        1.25666         121.027         24.6361 
        1.27241         118.904         23.9295 
        1.28819         118.082         23.2495 
        1.30392         115.694         22.5981 
        1.31957         114.153         21.9745 
        1.33529         112.793         21.3723 
        1.35108         111.477         20.7904 
        1.36674         109.457         20.2343 
         1.3824         108.991         19.6992 
        1.39811         105.951         19.1817 
        1.41389         105.242         18.6808 
        1.42964         103.103         18.1988 
        1.44531         101.877         17.7361 
        1.46101         100.529         17.2886 
        1.47667         99.8014          16.858 
        1.49229         98.6499         16.4432 
        1.50793          96.672         16.0419 
        1.52367         95.7692         15.6515 
        1.53953         94.1159         15.2714 
        1.55526         92.9672         14.9071 
        1.57092         92.4494         14.5562 
        1.58662         90.9662         14.2158 
        1.60235         89.3588         13.8856 
        1.61809         88.6159         13.5658 
        1.63369         87.0895         13.2589 
        1.64941         86.9525         12.9594 
        1.66519         84.9889          12.668 
        1.68085         84.1045         12.3877 
        1.69652         82.3144         12.1159 
        1.71228         81.8037         11.8506 
        1.72806         80.8082         11.5931 
        1.74368         79.6201         11.3459 
        1.75933         78.8194         11.1054 
        1.77505         78.1807         10.8707 
        1.79081         76.7056         10.6424 
         1.8065          76.384         10.4217 
        1.82218         74.5766         10.2074 
        1.83797         74.2697         9.99774 
        1.85367         73.0996         9.79511 
        1.86928         72.2547         9.59932 
        1.88497         71.5142         9.40783 
        1.90073         70.5341         9.22086 
        1.91647         69.4402         9.03915 
        1.93218         68.8927         8.86272 
        1.94787         67.9967         8.69128 
        1.96363         66.9804          8.5237 
        1.97935         66.3721         8.36089 
        1.99499         65.6046         8.20326 
        2.01064         64.8293         8.04947 
         2.0264         63.8139         7.89866 
        2.04216         63.1888          7.7518 
        2.05781         62.4179         7.60961 
        2.07353         61.6288         7.47048 
        2.08928         60.9974         7.33453 
        2.10499         60.2031         7.20233 
        2.12065         59.7426         7.07379 
        2.13633         59.0123         6.94828 
        2.15211         58.1529         6.82501 
        2.16785         57.3216         6.70509 
        2.18349         56.7089         6.58879 
        2.19916         55.9687         6.47502 
        2.21489         55.5456         6.36356 
        2.23063         54.5732         6.25465 
         2.2463         54.1749         6.14878 
        2.26194         53.6846         6.04563 
        2.27765         52.8649         5.94432 
        2.29341         52.1028         5.84507 
        2.30914          51.506          5.7483 
        2.32486         51.0028         5.65377 
        2.34061         50.6447         5.56121 
        2.35635         49.7674         5.47081 
        2.37203         49.4409         5.38273 
        2.38768           48.78         5.29678 
        2.40339         48.2673          5.2124 
        2.41914         47.7607         5.12965 
        2.43483          47.052           5.049 
         2.4505         46.6514         4.97022 
        2.46622         46.1593         4.89286 
        2.48195         45.5033         4.81713 
        2.49759         45.0063         4.74341 
        2.51328         44.6329         4.67105 
        2.52906          44.058         4.59974 
        2.54479          43.577         4.53018 
        2.56049         43.0125          4.4622 
        2.57618         42.6121         4.39568 
        2.59189         42.1551         4.33041 
        2.60758         41.5852         4.26657 
        2.62325          41.192         4.20409 
        2.63898          40.763         4.14265 
        2.65468         40.3978         4.08257 
        2.67044         39.9727         4.02343 
        2.68618         39.6352         3.96559 
        2.70184         38.9497         3.90912 
        2.71755         38.7528         3.85361 
        2.73329         38.0771         3.79909 
        2.74897          37.779         3.74581 
        2.76462         37.2996         3.69367 
        2.78034         37.0296          3.6423 
        2.79607         36.5567         3.59186 
        2.81179          36.206         3.54243 
        2.82749         35.7736         3.49399 
        2.84321          35.365          3.4464 
        2.85893         35.0026         3.39971 
        2.87462          34.575         3.35397 
        2.89033         34.3841         3.30902 
        2.90605         33.9765         3.26486 
        2.92176         33.6669         3.22153 
        2.93747         33.3436         3.17901 
        2.95318         32.9198         3.13725 
        2.96891         32.6648         3.09622 
        2.98456         32.3096          3.0561 
        3.00023         31.8847         3.01664 
        3.01596         31.6427         2.97775 
        3.03164         31.3559         2.93966 
        3.04738         31.0518         2.90213 
         3.0631         30.7158         2.86526 
        3.07883         30.3251         2.82903 
        3.09456         29.9198         2.79343 
        3.11026         29.6751          2.7585 
        3.12596         29.4077         2.72417 
        3.14163         29.1104         2.69051 
        3.15734         28.7895         2.65734 
        3.17308         28.4944         2.62464 
        3.18879         28.2206         2.59259 
        3.20447          27.941         2.56111 
         3.2202         27.6313         2.53007 
         3.2359         27.3504         2.49959 
        3.25157         27.1117         2.46969 
        3.26729         26.8118         2.44018 
        3.28304          26.475          2.4111 
        3.29877         26.2484         2.38253 
        3.31446          25.936         2.35449 
        3.33014         25.7829         2.32692 
        3.34585         25.5198         2.29976 
        3.36158          25.236         2.27298 
        3.37727         25.0078         2.24672 
        3.39294         24.7236         2.22089 
        3.40867         24.5091         2.19538 
        3.42439         24.3227         2.17028 
        3.44008         24.0298         2.14563 
        3.45578         23.9189         2.12134 
        3.47153         23.5551         2.09737 
        3.48724         23.3255         2.07381 
        3.50292         23.1134         2.05067 
        3.51859         22.8773          2.0279 
        3.53431         22.6517          2.0054 
        3.55007         22.4315         1.98318 
        3.56577         22.2948         1.96139 
        3.58146         22.0281         1.93994 
        3.59719         21.8469         1.91876 
        3.61292         21.6169          1.8979 
        3.62859         21.3963         1.87743 
        3.64429         21.1948         1.85722 
        3.66003         21.0672         1.83725 
        3.67578         20.8566         1.81758 
        3.69146         20.6356         1.79827 
        3.70712         20.4312         1.77928 
        3.72284         20.2444         1.76049 
        3.73853         20.0629         1.74201 
        3.75422         19.7677         1.72378 
        3.76993         19.6979          1.7058 
        3.78564         19.5141         1.68808 
        3.80137         19.3351         1.67059 
        3.81707         19.1399         1.65338 
        3.83279          18.985         1.63639 
        3.84853          18.791         1.61962 
        3.86424         18.6055         1.60312 
        3.87992         18.4295         1.58687 
        3.89561         18.2609         1.57085 
        3.91134         18.0797         1.55501 
        3.92704         17.9127         1.53941 
        3.94273         17.7697         1.52404 
        3.95845         17.5957         1.50885 
        3.97418          17.418         1.49387 
        3.98988          17.315         1.47911 
        4.00554         17.1924         1.46459 
        4.02125         16.9232         1.45022 
        4.03698         16.7915         1.43602 
        4.05268         16.6842         1.42205 
        4.06839          16.528         1.40825 
         4.0841         16.3714         1.39464 
        4.09983         16.1859         1.38119 
        4.11555         16.0498         1.36792 
        4.13124         15.9369         1.35486 
        4.14693         15.8301         1.34196 
        4.16266         15.7083          1.3292 
        4.17839         15.5269         1.31661 
        4.19408         15.3632         1.30422 
        4.20977         15.2417         1.29198 
        4.22551         15.0883         1.27986 
        4.24123         15.0015         1.26792 
        4.25691         14.8228         1.25616 
        4.27259         14.7136         1.24454 
        4.28831         14.6306         1.23305 
        4.30404         14.4851         1.22169 
        4.31974         14.3635          1.2105 
        4.33543         14.2383         1.19946 
        4.35116         14.1065         1.18853 
        4.36688         13.9919         1.17774 
        4.38255         13.8645         1.16712 
        4.39825         13.7177         1.15661 
        4.41398         13.6359         1.14621 
         4.4297         13.5051         1.13594 
        4.44541         13.3707         1.12581 
        4.46111         13.3033          1.1158 
        4.47683         13.1588         1.10591 
        4.49251         13.0472         1.09617 
        4.50819         12.9475         1.08654 
         4.5239         12.8387         1.07701 
        4.53962          12.737         1.06758 
        4.55535         12.6426         1.05827 
        4.57106         12.5283         1.04907 
        4.58678         12.4274         1.03999 
         4.6025          12.333         1.03101 
        4.61821         12.2218         1.02214 
        4.63391         12.1101         1.01338 
         4.6496         12.0212         1.00473 
        4.66532         11.8849        0.996165 
        4.68103         11.8302        0.987706 
        4.69673         11.7264        0.979352 
        4.71241         11.6499        0.971104 
        4.72811         11.5468        0.962937 
        4.74384         11.4354        0.954853 
        4.75955         11.3357        0.946875 
        4.77525         11.2642        0.938992 
        4.79096         11.1624        0.931189 
        4.80669         11.1019        0.923471 
         4.8224         10.9935         0.91585 
        4.83809         10.9098        0.908322 
        4.85379         10.8442        0.900874 
         4.8695         10.7153        0.893504 
        4.88521         10.6656        0.886219 
        4.90093         10.5787        0.879015 
        4.91663         10.4842        0.871897 
        4.93234         10.4087         0.86485 
        4.94807         10.3247        0.857876 
        4.96377         10.2574        0.850992 
        4.97943         10.1708        0.844198 
        4.99514         10.0516        0.837461 
        5.01086         10.0049        0.830793 
        5.02654         9.91723        0.824213 
        5.04227         9.84002        0.817686 
          5.058         9.78255        0.811226 
        5.07371         9.69686        0.804849 
        5.08942         9.62021        0.798539 
        5.10513         9.55451        0.792296 
        5.12084         9.47532        0.786117 
        5.13656         9.41924        0.780005 
        5.15225         9.32821        0.773968 
        5.16796         9.26029        0.767986 
        5.18369         9.19039        0.762061 
         5.1994         9.12699         0.75621 
        5.21509          9.0328        0.750425 
        5.23079         8.96753        0.744694 
        5.24649         8.91114        0.739027 
        5.26217         8.82785        0.733423 
        5.27788         8.79816        0.727869 
        5.29359         8.70406        0.722371 
        5.30933         8.65317        0.716923 
        5.32504         8.60315         0.71154 
        5.34073         8.52696        0.706218 
        5.35646         8.46409        0.700939 
        5.37218         8.40134        0.695714 
        5.38789         8.33284         0.69055 
        5.40357          8.2693        0.685445 
        5.41929          8.2276        0.680379 
        5.43502         8.15851        0.675365 
         5.4507         8.08446        0.670413 
        5.46639         8.02281        0.665509 
        5.48212         7.96713        0.660644 
        5.49786         7.91418        0.655821 
        5.51353          7.8609         0.65107 
        5.52921         7.80869        0.646362 
        5.54495         7.74275        0.641686 
        5.56066         7.69794        0.637061 
        5.57637         7.63534        0.632483 
        5.59207         7.58503        0.627954 
        5.60778         7.51495        0.623467 
        5.62346         7.47848        0.619031 
        5.63916         7.42356        0.614633 
        5.65487         7.36691        0.610276 
         5.6706         7.30224        0.605956 
        5.68633         7.26029        0.601676 
        5.70203          7.1987        0.597446 
        5.71773         7.16268        0.593258 
        5.73344          7.1197        0.589107 
        5.74916         7.07844        0.584993 
        5.76486         7.01729        0.580923 
        5.78054         6.95646        0.576898 
        5.79626         6.91329          0.5729 
          5.812         6.86252        0.568936 
         5.8277         6.81896        0.565021 
        5.84339         6.78279        0.561143 
        5.85911         6.72037        0.557294 
        5.87484         6.67725        0.553482 
        5.89053         6.62212        0.549712 
        5.90623         6.57999        0.545976 
        5.92195         6.55244        0.542269 
        5.93767         6.49895        0.538598 
        5.95336         6.44705        0.534966 
        5.96905         6.41571         0.53137 
        5.98476         6.38188        0.527802 
        6.00048         6.31805        0.524265 
        6.01617         6.27267        0.520765 
        6.03185           6.243        0.517302 
        6.04756          6.1821        0.513861 
        6.06331         6.15281        0.510445 
        6.07903         6.11973        0.507067 
        6.09473         6.07169        0.503722 
        6.11044         6.04579        0.500405 
        6.12616         5.99329        0.497118 
        6.14186         5.96174        0.493864 
        6.15755          5.9153        0.490639 
        6.17326         5.87083        0.487441 
        6.18898         5.83922        0.484269 
        6.20467          5.7988        0.481131 
        6.22036         5.75198        0.478022 
         6.2361         5.72047        0.474931 
         6.2518         5.67119        0.471873 
        6.26748         5.64839        0.468848 
        6.28319         5.60115        0.465842 
        6.29893         5.56856        0.462859 
        6.31463         5.54078        0.459907 
        6.33033          5.5035        0.456982 
        6.34604         5.47067        0.454081 
        6.36177         5.42866        0.451202 
        6.37747         5.40104        0.448353 
        6.39316         5.35927         0.44553 
        6.40888         5.32909        0.442727 
         6.4246         5.29683        0.439947 
        6.44031         5.25652        0.437192 
        6.45601         5.22437        0.434465 
        6.47172         5.18516        0.431757 
        6.48744         5.14645        0.429072 
        6.50313         5.12928        0.426414 
        6.51882         5.09094         0.42378 
        6.53452         5.06141        0.421165 
        6.55025         5.03126        0.418567 
        6.56597         5.00061        0.415995 
        6.58166         4.96342        0.413448 
        6.59736         4.93462        0.410921 
        6.61307         4.91568        0.408412 
         6.6288          4.8696        0.405923 
         6.6445         4.84781        0.403458 
         6.6602         4.81514        0.401014 
        6.67592         4.78822        0.398587 
        6.69164         4.75865        0.396181 
        6.70735         4.73367        0.393796 
        6.72304         4.69437        0.391433 
        6.73874         4.66449        0.389089 
        6.75446         4.63834        0.386761 
        6.77016         4.61845        0.384455 
        6.78585         4.58648        0.382168 
        6.80156          4.5622        0.379899 
        6.81729         4.52941        0.377644 
        6.83301         4.50796        0.375408 
         6.8487         4.47947        0.373196 
         6.8644         4.44649           0.371 
        6.88012         4.42757        0.368819 
        6.89583         4.39141        0.366658 
        6.91151         4.37664        0.364516 
        6.92723         4.35183        0.362387 
        6.94296         4.31953        0.360274 
        6.95866         4.28978        0.358182 
        6.97436         4.27265        0.356106 
        6.99007         4.24028        0.354045 
        7.00578           4.225        0.352001 
        7.02147         4.19848        0.349976 
        7.03718         4.16749        0.347964 
         7.0529         4.15479        0.345966 
        7.06863         4.12292        0.343983 
        7.08433         4.09436        0.342019 
        7.10004         4.07573         0.34007 
        7.11575         4.05676        0.338136 
        7.13145         4.02475        0.336217 
        7.14715         4.00596        0.334314 
        7.16284         3.98617        0.332427 
        7.17855         3.95037        0.330551 
        7.19428         3.93276        0.328688 
        7.20998         3.91638        0.326843 
        7.22568         3.89772        0.325012 
        7.24139         3.86756        0.323194 
        7.25711         3.85239         0.32139 
        7.27282         3.82221        0.319599 
        7.28852         3.80072        0.317824 
        7.30423         3.78417         0.31606 
        7.31995         3.76547        0.314311 
        7.33565         3.74279        0.312575 
        7.35135         3.72137        0.310852 
        7.36706         3.70099        0.309143 
        7.38277         3.68332        0.307445 
        7.39847          3.6596        0.305761 
        7.41419          3.6401        0.304089 
         7.4299          3.6107        0.302429 
        7.44561         3.59671        0.300782 
        7.46132         3.57866        0.299147 
        7.47701         3.56093        0.297527 
        7.49272         3.53888        0.295916 
        7.50842          3.5155        0.294318 
         7.5241          3.5014        0.292734 
        7.53981         3.48013         0.29116 
        7.55552         3.45922        0.289596 
        7.57125         3.44014        0.288042 
        7.58698         3.42627        0.286499 
        7.60268         3.40982        0.284971 
         7.6184         3.39319        0.283453 
        7.63411         3.36648        0.281945 
        7.64981         3.35044         0.28045 
        7.66552         3.33336        0.278965 
        7.68123         3.31353        0.277491 
        7.69695         3.29736        0.276026 
        7.71264         3.28441        0.274574 
        7.72834         3.26243        0.273133 
        7.74407         3.24744        0.271699 
        7.75978         3.22616        0.270276 
        7.77546         3.20899        0.268867 
        7.79116         3.19984        0.267466 
         7.8069         3.17515        0.266072 
         7.8226         3.16093        0.264691 
        7.83828          3.1432        0.263321 
        7.85399         3.12863         0.26196 
        7.86972         3.11792        0.260605 
        7.88543         3.10057        0.259262 
        7.90111         3.07876        0.257931 
        7.91681          3.0713        0.256608 
        7.93255         3.04967        0.255291 
        7.94828         3.03426        0.253983 
        7.96397         3.02263        0.252688 
        7.97967         3.00437        0.251401 
        7.99538          2.9901        0.250123 
         8.0111         2.97583        0.248853 
         8.0268         2.95977        0.247593 
        8.04248         2.94527        0.246343 
         8.0582          2.9268        0.245099 
        8.07393         2.91945        0.243863 
        8.08963         2.90613        0.242637 
        8.10533          2.8881        0.241421 
        8.12104         2.87333        0.240211 
        8.13675         2.85957         0.23901 
        8.15245         2.84384        0.237818 
        8.16815         2.83229        0.236634 
        8.18387         2.81589        0.235457 
        8.19959         2.80505        0.234287 
         8.2153         2.79149        0.233126 
        8.23101         2.77488        0.231974 
        8.24672          2.7598        0.230829 
        8.26241         2.74878        0.229693 
         8.2781         2.73894        0.228565 
        8.29381         2.72506        0.227443 
        8.30952         2.70961        0.226328 
        8.32524          2.7013         0.22522 
        8.34095         2.68487        0.224121 
        8.35666         2.67621        0.223029 
        8.37237          2.6591        0.221944 
        8.38808         2.64522        0.220866 
        8.40379         2.63633        0.219796 
         8.4195         2.61954        0.218732 
         8.4352         2.61025        0.217676 
        8.45091         2.59801        0.216627 
        8.46662         2.58404        0.215585 
        8.48232         2.57362         0.21455 
        8.49802         2.56105        0.213522 
        8.51374         2.54883        0.212499 
        8.52945         2.53758        0.211484 
        8.54515          2.5273        0.210476 
        8.56086         2.51053        0.209473 
        8.57658         2.49885        0.208478 
        8.59228         2.49265        0.207489 
        8.60799         2.48266        0.206506 
        8.62371         2.46922        0.205529 
        8.63942         2.45696         0.20456 
        8.65512         2.44577        0.203596 
        8.67082         2.43974        0.202639 
        8.68653         2.42355        0.201688 
        8.70224         2.40981        0.200743 
        8.71795         2.40566        0.199804 
        8.73365         2.39515        0.198871 
        8.74936          2.3842        0.197944 
        8.76506         2.37075        0.197023 
        8.78076         2.35823        0.196109 
        8.79646         2.35213          0.1952 
        8.81218         2.33816        0.194295 
        8.82791           2.332        0.193396 
         8.8436         2.31958        0.192505 
         8.8593         2.30801        0.191619 
        8.87503         2.30014        0.190736 
        8.89076         2.28955         0.18986 
        8.90644         2.28208        0.188991 
        8.92214          2.2731        0.188127 
        8.93786         2.26296        0.187268 
        8.95357         2.25362        0.186414 
        8.96928         2.24439        0.185565 
        8.98498         2.23368        0.184723 
        9.00069         2.22728        0.183885 
        9.01639         2.21254        0.183052 
        9.03208         2.20346        0.182226 
        9.04778         2.19574        0.181404 
        9.06351         2.18789        0.180586 
        9.07923         2.17729        0.179773 
        9.09493         2.16783        0.178966 
        9.11062         2.16185        0.178164 
        9.12635         2.15054        0.177366 
        9.14207         2.14083        0.176573 
        9.15777          2.1334        0.175786 
        9.17346         2.12417        0.175004 
        9.18917         2.11766        0.174226 
         9.2049         2.10989        0.173452 
        9.22061         2.09986        0.172683 
        9.23631         2.09228        0.171919 
        9.25201         2.08309         0.17116 
        9.26773         2.07324        0.170405 
        9.28343         2.06654        0.169655 
        9.29913         2.05691         0.16891 
        9.31484         2.05197        0.168169 
        9.33057         2.04034        0.167431 
        9.34627         2.03592        0.166699 
        9.36197         2.02363        0.165972 
        9.37768         2.01716        0.165248 
        9.39338         2.01044        0.164529 
        9.40909         2.00458        0.163814 
        9.42479         1.99309        0.163104 
         9.4405         1.98553        0.162397 
        9.45621         1.97829        0.161695 
        9.47193         1.97205        0.160997 
        9.48763         1.96513        0.160303 
        9.50334         1.95769        0.159613 
        9.51906         1.94833        0.158928 
        9.53476         1.94167        0.158247 
        9.55045         1.93499        0.157569 
        9.56616         1.92974        0.156896 
        9.58188         1.92242        0.156225 
        9.59759         1.91288        0.155559 
         9.6133         1.90751        0.154897 
        9.62901         1.89908        0.154238 
        9.64471         1.89348        0.153583 
        9.66041         1.88803        0.152932 
        9.67612         1.87961        0.152284 
        9.69184          1.8729        0.151639 
        9.70754           1.866        0.150999 
        9.72324           1.862        0.150363 
        9.73895         1.85459        0.149731 
        9.75467         1.84568        0.149102 
        9.77038         1.84139        0.148478 
        9.78607         1.83229        0.147858 
        9.80177         1.82487        0.147242 
        9.81749         1.82181         0.14663 
         9.8332         1.81471        0.146023 
         9.8489         1.80747         0.14542 
        9.86463         1.80536         0.14482 
        9.88035         1.79817        0.144222 
        9.89606         1.78989        0.143629 
        9.91175         1.78593        0.143038 
        9.92745         1.77933         0.14245 
        9.94317          1.7747        0.141862 
        9.95888         1.77048        0.141276 
        9.97458         1.76089        0.140691 
        9.99029         1.75594        0.140107 
         10.006         1.75147        0.139746 
        10.0217         1.74595        0.139746 
        10.0374         1.73738        0.139746 
        10.0531         1.73275        0.139746 
        10.0688         1.72746        0.139746 
        10.0845         1.72093        0.139746 
        10.1002         1.71813        0.139746 
        10.1159         1.71133        0.139746 
        10.1317          1.7073        0.139746 
        10.1474         1.70111        0.139746 
        10.1631         1.69499        0.139746 
        10.1788         1.69081        0.139746 
        10.1945         1.68689        0.139746 
        10.2102         1.68087        0.139746 
        10.2259         1.67511        0.139746 
        10.2416         1.66962        0.139746 
        10.2573         1.66572        0.139746 
         10.273         1.66186        0.139746 
        10.2887         1.65799        0.139746 
        10.3044         1.65165        0.139746 
        10.3201         1.64527        0.139746 
        10.3359          1.6412        0.139746 
        10.3516          1.6372        0.139746 
        10.3673          1.6321        0.139746 
         10.383         1.62793        0.139746 
        10.3987         1.62331        0.139746 
        10.4144         1.61848        0.139746 
        10.4301         1.61454        0.139746 
        10.4458         1.61065        0.139746 
        10.4615         1.60218        0.139746 
        10.4772         1.59996        0.139746 
        10.4929         1.59726        0.139746 
        10.5086         1.59252        0.139746 
        10.5244         1.58921        0.139746 
        10.5401         1.58472        0.139746 
        10.5558         1.57912        0.139746 
        10.5715         1.57521        0.139746 
        10.5872         1.57221        0.139746 
        10.6029         1.56757        0.139746 
        10.6186          1.5654        0.139746 
        10.6343         1.56165        0.139746 
          10.65         1.55729        0.139746 
        10.6657         1.55286        0.139746 
        10.6814         1.54832        0.139746 
        10.6971          1.5459        0.139746 
        10.7129         1.54153        0.139746 
        10.7286         1.53875        0.139746 
        10.7443          1.5336        0.139746 
          10.76         1.53123        0.139746 
        10.7757         1.52864        0.139746 
        10.7914         1.52471        0.139746 
        10.8071         1.51998        0.139746 
        10.8228         1.51854        0.139746 
        10.8385         1.51394        0.139746 
        10.8542         1.51151        0.139746 
        10.8699         1.51024        0.139746 
        10.8856         1.50657        0.139746 
        10.9014         1.50301        0.139746 
        10.9171         1.49961        0.139746 
        10.9328         1.49509        0.139746 
        10.9485         1.49186        0.139746 
        10.9642         1.49008        0.139746 
        10.9799         1.48566        0.139746 
        10.9956         1.48428        0.139746 
        11.0113         1.48122        0.139746 
         11.027         1.47768        0.139746 
        11.0427         1.47588        0.139746 
        11.0584         1.47116        0.139746 
        11.0741         1.46952        0.139746 
        11.0898         1.46526        0.139746 
        11.1055         1.46535        0.139746 
        11.1212         1.46213        0.139746 
         11.137         1.45931        0.139746 
        11.1527         1.45492        0.139746 
        11.1684         1.45584        0.139746 
        11.1841         1.45294        0.139746 
        11.1998         1.44977        0.139746 
        11.2155         1.44951        0.139746 
        11.2312          1.4457        0.139746 
        11.2469         1.44452        0.139746 
        11.2626         1.44095        0.139746 
        11.2783         1.43878        0.139746 
         11.294         1.43753        0.139746 
        11.3097         1.43532        0.139746 
        11.3254         1.43219        0.139746 
        11.3412         1.43137        0.139746 
        11.3569         1.43029        0.139746 
        11.3726         1.42912        0.139746 
        11.3883         1.42608        0.139746 
         11.404         1.42554        0.139746 
        11.4197         1.42416        0.139746 
        11.4354         1.42099        0.139746 
        11.4511         1.41994        0.139746 
        11.4668         1.41837        0.139746 
        11.4825         1.41597        0.139746 
        11.4982         1.41515        0.139746 
         11.514         1.41336        0.139746 
        11.5297         1.41273        0.139746 
        11.5454         1.41149        0.139746 
        11.5611         1.41051        0.139746 
        11.5768          1.4079        0.139746 
        11.5925         1.40854        0.139746 
        11.6082         1.40656        0.139746 
        11.6239         1.40582        0.139746 
        11.6396         1.40511        0.139746 
        11.6553         1.40365        0.139746 
         11.671          1.4024        0.139746 
        11.6867         1.40283        0.139746 
        11.7024         1.40061        0.139746 
        11.7182         1.39928        0.139746 
        11.7339         1.40003        0.139746 
        11.7496         1.39913        0.139746 
        11.7653         1.39729        0.139746 
         11.781         1.39817        0.139746 
        11.7967         1.39763        0.139746 
        11.8124         1.39685        0.139746 
        11.8281         1.39628        0.139746 
        11.8438         1.39539        0.139746 
        11.8595         1.39569        0.139746 
        11.8752         1.39346        0.139746 
         11.891         1.39415        0.139746 
        11.9067         1.39492        0.139746 
        11.9224         1.39455        0.139746 
        11.9381         1.39519        0.139746 
        11.9538         1.39369        0.139746 
        11.9695         1.39391        0.139746 
        11.9852         1.39439        0.139746 
        12.0009         1.39476        0.139746 
        12.0166         1.39449        0.139746 
        12.0323         1.39535        0.139746 
         12.048         1.39491        0.139746 
        12.0637         1.39498        0.139746 
