# k  (h/Mpc)    Pcb(k)  (Mpc/h)^3    Pcb_linear(k) (Mpc/h)^3   ShotnoiseSubtracted = true
      0.0200456         1474.82          1490.8 
      0.0350414         1182.59         1168.94 
      0.0492313          925.41         926.158 
      0.0637834         743.355         753.113 
      0.0800726         564.141         568.905 
       0.096163         453.481          447.48 
       0.111083         385.157         378.791 
       0.126058         313.634         314.883 
       0.142273         256.271         256.232 
       0.158546         219.737          218.28 
        0.17375         193.411         189.911 
       0.188953         166.719         163.266 
       0.204907         140.494          141.33 
       0.220756         127.142         124.913 
        0.23588         112.996          110.95 
         0.2514         100.594         98.3103 
       0.267535         91.5115         87.6761 
       0.283568         81.5302         78.7846 
       0.299022           74.66         71.1447 
       0.314451         69.7111         64.5039 
       0.330372         62.2176         58.6498 
       0.346141          57.021         53.5404 
       0.361624         52.4257         49.0709 
       0.377134         48.0071          45.118 
       0.392932         46.1374          41.556 
       0.408854         41.8892         38.3443 
       0.424564         40.0166         35.4995 
       0.440253         36.5761         32.9533 
       0.455999         33.4537          30.651 
       0.471626         31.5179         28.5803 
        0.48727         30.5336         26.6985 
       0.502856         28.5619         24.9932 
       0.518488         26.5202         23.4326 
       0.534347         24.9067         21.9848 
       0.550082           23.93         20.6694 
       0.565732         22.9497         19.4682 
       0.581496          21.612         18.3549 
       0.597222         20.3572         17.3311 
       0.612804         19.3154          16.394 
       0.628434         18.8234         15.5239 
       0.644267         17.8591         14.7071 
       0.660051         16.9205         13.9515 
       0.675724         16.0684         13.2539 
       0.691403         15.6322         12.6039 
       0.707174         14.9454         11.9943 
       0.722871         14.5053         11.4277 
        0.73838         13.6378          10.904 
       0.754018         13.0142         10.4093 
       0.769845         12.5251         9.93993 
        0.78569         12.1827         9.49919 
       0.801365         11.6651         9.08956 
       0.817031         11.2901         8.70442 
       0.832809         10.8081         8.33919 
       0.848511         10.5122         7.99661 
       0.864097         10.1302         7.67569 
       0.879701         9.91526         7.37212 
       0.895507         9.53393         7.08144 
       0.911279         9.15396          6.8071 
        0.92691         8.91597         6.54962 
       0.942635         8.63556         6.30408 
       0.958396         8.33145         6.07067 
       0.974128          8.1394         5.84956 
       0.989692         7.76779         5.64169 
        1.00528         7.67638         5.44367 
        1.02113         7.42714          5.2521 
        1.03692         7.23498          5.0705 
        1.05264         7.00682         4.89836 
        1.06832         6.83409         4.73453 
        1.08405         6.66721         4.57779 
        1.09979         6.49635         4.42808 
        1.11537         6.32499         4.28659 
        1.13105         6.16066         4.15046 
        1.14679         6.01628         4.01974 
        1.16256          5.8416         3.89442 
        1.17828         5.75292         3.77488 
        1.19395         5.57002         3.66078 
         1.2097         5.40832         3.55083 
        1.22537         5.27098         3.44595 
          1.241         5.15842         3.34563 
        1.25666         5.11506         3.24907 
        1.27241          5.0004         3.15589 
        1.28819         4.80568         3.06621 
        1.30392         4.70871         2.98029 
        1.31957         4.64282         2.89806 
        1.33529         4.51637         2.81864 
        1.35108         4.41938         2.74189 
        1.36674         4.31619         2.66855 
         1.3824         4.26891         2.59798 
        1.39811         4.15943         2.52973 
        1.41389         4.05725         2.46368 
        1.42964         4.00162          2.4001 
        1.44531         3.92405         2.33909 
        1.46101         3.85538         2.28007 
        1.47667         3.77381         2.22327 
        1.49229         3.66502         2.16857 
        1.50793         3.59305         2.11565 
        1.52367         3.53458         2.06416 
        1.53953         3.45364         2.01404 
        1.55526         3.46078         1.96599 
        1.57092         3.36171         1.91971 
        1.58662         3.32551         1.87482 
        1.60235         3.23488         1.83127 
        1.61809         3.18686          1.7891 
        1.63369         3.13254         1.74863 
        1.64941         3.08052         1.70912 
        1.66519         3.03711          1.6707 
        1.68085          2.9751         1.63373 
        1.69652         2.92938         1.59787 
        1.71228         2.88088         1.56289 
        1.72806         2.84052         1.52893 
        1.74368         2.79527         1.49632 
        1.75933         2.75421          1.4646 
        1.77505         2.70348         1.43366 
        1.79081         2.66606         1.40355 
         1.8065         2.62518         1.37444 
        1.82218          2.5755         1.34618 
        1.83797         2.53216         1.31853 
        1.85367         2.49927         1.29181 
        1.86928         2.47069         1.26598 
        1.88497         2.41571         1.24073 
        1.90073         2.39817         1.21607 
        1.91647         2.35558         1.19211 
        1.93218         2.32515         1.16884 
        1.94787         2.29266         1.14623 
        1.96363         2.26278         1.12413 
        1.97935         2.22596         1.10266 
        1.99499          2.1967         1.08187 
        2.01064         2.17132         1.06159 
         2.0264         2.13196          1.0417 
        2.04216         2.11059         1.02233 
        2.05781         2.07308         1.00358 
        2.07353         2.06326        0.985226 
        2.08928         2.02801        0.967297 
        2.10499         1.99614        0.949862 
        2.12065         1.98009         0.93291 
        2.13633         1.95006        0.916358 
        2.15211         1.92093        0.900101 
        2.16785         1.90066        0.884285 
        2.18349         1.87085        0.868948 
        2.19916         1.85846        0.853943 
        2.21489         1.83696        0.839243 
        2.23063         1.80016         0.82488 
         2.2463          1.7749        0.810918 
        2.26194         1.76467        0.797314 
        2.27765         1.72934        0.783953 
        2.29341         1.71705        0.770864 
        2.30914         1.69001        0.758101 
        2.32486         1.68304        0.745634 
        2.34061         1.66445        0.733427 
        2.35635         1.64295        0.721505 
        2.37203         1.62176        0.709889 
        2.38768         1.60408        0.698554 
        2.40339         1.59093        0.687425 
        2.41914         1.57057        0.676513 
        2.43483         1.55288        0.665876 
         2.4505         1.53164        0.655486 
        2.46622         1.51189        0.645283 
        2.48195         1.50047        0.635296 
        2.49759         1.48031        0.625574 
        2.51328         1.46798        0.616031 
        2.52906         1.45731        0.606626 
        2.54479         1.43444        0.597453 
        2.56049         1.42182        0.588487 
        2.57618         1.40622        0.579714 
        2.59189         1.39555        0.571106 
        2.60758          1.3774        0.562687 
        2.62325         1.36217        0.554447 
        2.63898         1.34846        0.546344 
        2.65468         1.32861        0.538421 
        2.67044         1.32654         0.53062 
        2.68618         1.31302        0.522992 
        2.70184         1.29414        0.515545 
        2.71755         1.29047        0.508224 
        2.73329         1.27016        0.501034 
        2.74897         1.25845        0.494007 
        2.76462         1.24543         0.48713 
        2.78034         1.24275        0.480356 
        2.79607         1.22505        0.473704 
        2.81179         1.21072        0.467185 
        2.82749         1.19995        0.460797 
        2.84321          1.1919         0.45452 
        2.85893         1.17674        0.448363 
        2.87462         1.16786         0.44233 
        2.89033         1.15715        0.436403 
        2.90605           1.151        0.430579 
        2.92176         1.13906        0.424864 
        2.93747         1.12956        0.419257 
        2.95318         1.11547        0.413749 
        2.96891         1.11289        0.408338 
        2.98456          1.0956        0.403047 
        3.00023         1.08631        0.397843 
        3.01596         1.07695        0.392714 
        3.03164         1.07039         0.38769 
        3.04738         1.06038         0.38274 
         3.0631         1.04793        0.377878 
        3.07883         1.04277          0.3731 
        3.09456         1.03107        0.368405 
        3.11026         1.02516        0.363799 
        3.12596         1.01489        0.359271 
        3.14163         1.01236        0.354832 
        3.15734         1.00087        0.350457 
        3.17308        0.991512        0.346145 
        3.18879        0.988006        0.341917 
        3.20447        0.977952        0.337767 
         3.2202         0.96567        0.333672 
         3.2359         0.96237        0.329653 
        3.25157        0.953151        0.325709 
        3.26729         0.94658        0.321818 
        3.28304        0.939654        0.317983 
        3.29877         0.93111        0.314215 
        3.31446        0.927325        0.310517 
        3.33014        0.912984        0.306881 
        3.34585        0.910595        0.303298 
        3.36158        0.903223        0.299767 
        3.37727        0.899572        0.296303 
        3.39294        0.890544        0.292897 
        3.40867        0.886298        0.289533 
        3.42439        0.881195        0.286223 
        3.44008        0.872144        0.282971 
        3.45578        0.865767        0.279768 
        3.47153        0.860292        0.276607 
        3.48724        0.852894          0.2735 
        3.50292         0.84564        0.270448 
        3.51859        0.844345        0.267444 
        3.53431        0.836343        0.264477 
        3.55007        0.831176        0.261547 
        3.56577        0.826373        0.258674 
        3.58146        0.821763        0.255844 
        3.59719        0.814628        0.253051 
        3.61292        0.806575          0.2503 
        3.62859         0.80356          0.2476 
        3.64429        0.797181        0.244936 
        3.66003        0.792054        0.242302 
        3.67578        0.786796        0.239707 
        3.69146        0.783109        0.237161 
        3.70712        0.778764        0.234656 
        3.72284        0.772321        0.232178 
        3.73853        0.766514         0.22974 
        3.75422        0.763621        0.227337 
        3.76993        0.756366        0.224965 
        3.78564        0.753014        0.222629 
        3.80137         0.74906        0.220321 
        3.81707        0.742752        0.218052 
        3.83279        0.738356        0.215812 
        3.84853        0.732954          0.2136 
        3.86424        0.726839        0.211424 
        3.87992        0.726782        0.209281 
        3.89561        0.720397        0.207168 
        3.91134        0.713753        0.205079 
        3.92704        0.710194        0.203022 
        3.94273        0.705878        0.200995 
        3.95845        0.703721        0.198992 
        3.97418        0.699493        0.197016 
        3.98988        0.694625        0.195069 
        4.00554        0.687878        0.193154 
        4.02125        0.684877        0.191259 
        4.03698        0.679744        0.189387 
        4.05268        0.672879        0.187544 
        4.06839        0.669664        0.185724 
         4.0841        0.662734        0.183929 
        4.09983         0.65812        0.182155 
        4.11555        0.654283        0.180405 
        4.13124        0.648428        0.178683 
        4.14693        0.645821        0.176981 
        4.16266        0.637272        0.175299 
        4.17839        0.633889        0.173639 
        4.19408        0.632824        0.172004 
        4.20977         0.62644         0.17039 
        4.22551        0.623911        0.168792 
        4.24123        0.618047        0.167217 
        4.25691        0.614312        0.165666 
        4.27259        0.610629        0.164134 
        4.28831        0.608006        0.162618 
        4.30404         0.60419         0.16112 
        4.31974        0.599377        0.159644 
        4.33543        0.595851        0.158188 
        4.35116         0.59253        0.156746 
        4.36688        0.587887        0.155323 
        4.38255        0.585854        0.153923 
        4.39825        0.582369        0.152536 
        4.41398        0.578683        0.151165 
         4.4297        0.577576        0.149811 
        4.44541        0.572306        0.148475 
        4.46111        0.569383        0.147155 
        4.47683        0.568447        0.145851 
        4.49251        0.564642        0.144565 
        4.50819        0.561997        0.143295 
         4.5239        0.559178        0.142039 
        4.53962        0.554793        0.140796 
        4.55535        0.555081        0.139567 
        4.57106        0.552614        0.138355 
        4.58678        0.549379        0.137156 
         4.6025        0.547054        0.135972 
        4.61821        0.544711        0.134802 
        4.63391         0.54441        0.133647 
         4.6496        0.541535        0.132506 
        4.66532        0.538868        0.131377 
        4.68103        0.536989        0.130261 
        4.69673        0.534196         0.12916 
        4.71241        0.533532        0.128072 
        4.72811        0.531869        0.126995 
        4.74384        0.530555        0.125929 
        4.75955        0.528705        0.124876 
        4.77525        0.525866        0.123837 
        4.79096        0.525436        0.122808 
        4.80669        0.523221         0.12179 
         4.8224        0.521397        0.120785 
        4.83809        0.519552        0.119792 
        4.85379         0.52016         0.11881 
         4.8695        0.518361        0.117838 
        4.88521          0.5177        0.116877 
        4.90093        0.515794        0.115927 
        4.91663        0.515062        0.114988 
        4.93234        0.512914        0.114059 
        4.94807        0.512479        0.113139 
        4.96377        0.512027        0.112231 
        4.97943        0.510535        0.111335 
        4.99514        0.509121        0.110447 
        5.01086        0.509877        0.109567 
        5.02654        0.508467        0.108699 
        5.04227        0.506384        0.107839 
          5.058        0.507821        0.106987 
        5.07371        0.505766        0.106146 
        5.08942        0.507267        0.105313 
        5.10513        0.505246         0.10449 
        5.12084        0.504441        0.103675 
        5.13656        0.504164        0.102869 
        5.15225        0.504818        0.102073 
        5.16796        0.504071        0.101284 
        5.18369        0.502299        0.100503 
         5.1994        0.502986        0.099731 
        5.21509         0.50271        0.098968 
        5.23079        0.501324       0.0982122 
        5.24649        0.503122       0.0974648 
        5.26217        0.501978       0.0967257 
        5.27788        0.503905       0.0959933 
        5.29359         0.50319       0.0952683 
        5.30933        0.501823       0.0945497 
        5.32504        0.502094       0.0938398 
        5.34073        0.502711       0.0931379 
        5.35646        0.502075       0.0924418 
        5.37218        0.503799       0.0917526 
        5.38789        0.501662       0.0910716 
        5.40357        0.503324       0.0903983 
        5.41929        0.503052       0.0897303 
        5.43502        0.503191       0.0890689 
         5.4507        0.504988       0.0884158 
        5.46639        0.503375       0.0877692 
        5.48212        0.504391       0.0871275 
        5.49786        0.504522       0.0864914 
        5.51353        0.504689       0.0858649 
        5.52921        0.504948       0.0852439 
        5.54495        0.506158       0.0846273 
        5.56066         0.50616       0.0840174 
        5.57637         0.50633       0.0834136 
        5.59207        0.507089       0.0828163 
        5.60778        0.507968       0.0822245 
        5.62346        0.508394       0.0816394 
        5.63916        0.508194       0.0810595 
        5.65487        0.508698       0.0804848 
         5.6706        0.509735       0.0799151 
        5.68633        0.510354       0.0793506 
        5.70203        0.511835       0.0787928 
        5.71773        0.511234       0.0782404 
        5.73344         0.51287       0.0776931 
        5.74916          0.5124       0.0771504 
        5.76486        0.514256       0.0766137 
        5.78054         0.51307       0.0760829 
        5.79626        0.514429       0.0755556 
          5.812         0.51562       0.0750328 
         5.8277        0.516049       0.0745165 
        5.84339        0.516299       0.0740051 
        5.85911        0.518851       0.0734974 
        5.87484        0.518026       0.0729946 
        5.89053        0.519789       0.0724975 
        5.90623        0.521558       0.0720048 
        5.92195        0.520732       0.0715158 
        5.93767         0.52201       0.0710317 
        5.95336        0.521954       0.0705528 
        5.96905        0.523135       0.0700785 
        5.98476        0.521996       0.0696079 
        6.00048        0.523813       0.0691414 
        6.01617        0.525004       0.0686799 
        6.03185        0.525787       0.0682231 
        6.04756        0.525515       0.0677694 
        6.06331        0.528028       0.0673188 
        6.07903        0.529002       0.0668733 
        6.09473        0.529001       0.0664322 
        6.11044         0.52912       0.0659948 
        6.12616        0.530173       0.0655613 
        6.14186        0.529372       0.0651321 
        6.15755        0.532587       0.0647068 
        6.17326        0.532746        0.064285 
        6.18898         0.53392       0.0638667 
        6.20467        0.534355       0.0634529 
        6.22036        0.533724       0.0630428 
         6.2361        0.535023       0.0626352 
         6.2518        0.535897       0.0622318 
        6.26748        0.536483       0.0618329 
        6.28319          0.5375       0.0614364 
        6.29893        0.539628       0.0610431 
        6.31463         0.53897       0.0606538 
        6.33033         0.53824       0.0602681 
        6.34604        0.540522       0.0598854 
        6.36177        0.540572       0.0595057 
        6.37747        0.541814         0.05913 
        6.39316        0.540883       0.0587578 
        6.40888         0.54248        0.058388 
         6.4246         0.54221       0.0580214 
        6.44031        0.544023       0.0576581 
        6.45601        0.545979       0.0572984 
        6.47172        0.545429       0.0569413 
        6.48744        0.546744       0.0565872 
        6.50313        0.547208       0.0562366 
        6.51882         0.54694       0.0558892 
        6.53452        0.547935       0.0555443 
        6.55025        0.549394       0.0552018 
        6.56597        0.548502       0.0548625 
        6.58166        0.549806       0.0545266 
        6.59736        0.548547       0.0541933 
        6.61307        0.550332       0.0538625 
         6.6288        0.552145       0.0535342 
         6.6445        0.551488       0.0532091 
         6.6602        0.552798       0.0528868 
        6.67592        0.552752       0.0525667 
        6.69164        0.552411       0.0522495 
        6.70735        0.553579       0.0519349 
        6.72304        0.553818       0.0516232 
        6.73874        0.554996       0.0513141 
        6.75446        0.555555        0.051007 
        6.77016        0.555467        0.050703 
        6.78585        0.556591       0.0504013 
        6.80156        0.556452       0.0501021 
        6.81729        0.556794       0.0498047 
        6.83301        0.557643       0.0495099 
         6.8487        0.558529       0.0492181 
         6.8644        0.557785       0.0489284 
        6.88012          0.5593       0.0486408 
        6.89583        0.558007       0.0483558 
        6.91151        0.560798       0.0480734 
        6.92723        0.560001       0.0477926 
        6.94296        0.560728       0.0475139 
        6.95866        0.561094       0.0472379 
        6.97436        0.562071       0.0469642 
        6.99007        0.561277       0.0466924 
        7.00578        0.562237       0.0464229 
        7.02147        0.563426       0.0461557 
        7.03718        0.563465       0.0458904 
         7.0529        0.563682       0.0456269 
        7.06863        0.563237       0.0453654 
        7.08433        0.564517       0.0451063 
        7.10004        0.563219       0.0448493 
        7.11575        0.565205       0.0445942 
        7.13145        0.564218       0.0443412 
        7.14715        0.564781       0.0440902 
        7.16284        0.565843       0.0438414 
        7.17855         0.56479        0.043594 
        7.19428        0.565774       0.0433483 
        7.20998        0.566449       0.0431049 
        7.22568        0.566909       0.0428635 
        7.24139        0.565716       0.0426237 
        7.25711        0.567756       0.0423857 
        7.27282        0.568694       0.0421496 
        7.28852        0.567436       0.0419155 
        7.30423        0.569419       0.0416829 
        7.31995        0.568986       0.0414521 
        7.33565        0.568737       0.0412232 
        7.35135        0.568911        0.040996 
        7.36706        0.569377       0.0407706 
        7.38277        0.569051       0.0405467 
        7.39847        0.569718       0.0403246 
        7.41419        0.570849        0.040104 
         7.4299        0.570495       0.0398851 
        7.44561        0.569932       0.0396679 
        7.46132        0.571792       0.0394523 
        7.47701        0.569837       0.0392386 
        7.49272        0.572438       0.0390262 
        7.50842        0.572678       0.0388155 
         7.5241        0.570685       0.0386066 
        7.53981        0.571831       0.0383989 
        7.55552         0.57269       0.0381927 
        7.57125        0.572926       0.0379878 
        7.58698        0.572628       0.0377843 
        7.60268        0.573403       0.0375828 
         7.6184         0.57326       0.0373825 
        7.63411        0.573602       0.0371837 
        7.64981        0.574315       0.0369865 
        7.66552        0.573786       0.0367907 
        7.68123        0.574695       0.0365962 
        7.69695        0.573573       0.0364031 
        7.71264        0.573117       0.0362116 
        7.72834        0.573997       0.0360215 
        7.74407        0.574489       0.0358324 
        7.75978        0.575155       0.0356447 
        7.77546        0.574807       0.0354589 
        7.79116        0.573307       0.0352742 
         7.8069        0.575735       0.0350904 
         7.8226        0.574577       0.0349081 
        7.83828        0.576611       0.0347275 
        7.85399        0.575542        0.034548 
        7.86972        0.574675       0.0343693 
        7.88543         0.57666       0.0341922 
        7.90111        0.576591       0.0340167 
        7.91681        0.577537       0.0338421 
        7.93255        0.577344       0.0336684 
        7.94828        0.577862        0.033496 
        7.96397        0.577241       0.0333252 
        7.97967        0.577481       0.0331555 
        7.99538        0.577046       0.0329869 
         8.0111        0.577046       0.0328194 
         8.0268        0.577475       0.0326532 
        8.04248        0.585761       0.0324884 
         8.0582        0.577808       0.0323244 
        8.07393        0.579085       0.0321613 
        8.08963        0.580132       0.0319997 
        8.10533         0.58043       0.0318392 
        8.12104        0.580561       0.0316797 
        8.13675         0.58019       0.0315213 
        8.15245        0.580244        0.031364 
        8.16815        0.581269       0.0312079 
        8.18387        0.581133       0.0310527 
        8.19959        0.583221       0.0308984 
         8.2153        0.583469       0.0307453 
        8.23101        0.582363       0.0305933 
        8.24672        0.583792       0.0304423 
        8.26241        0.583773       0.0302925 
         8.2781        0.583424       0.0301437 
        8.29381        0.584414       0.0299957 
        8.30952         0.58443       0.0298488 
        8.32524        0.584841       0.0297027 
        8.34095        0.585417       0.0295576 
        8.35666        0.585926       0.0294136 
        8.37237        0.586667       0.0292705 
        8.38808        0.586088       0.0291284 
        8.40379        0.587924       0.0289872 
         8.4195        0.587982        0.028847 
         8.4352        0.588166       0.0287077 
        8.45091        0.589091       0.0285694 
        8.46662        0.588947       0.0284319 
        8.48232         0.58942       0.0282954 
        8.49802         0.58956       0.0281598 
        8.51374        0.589391        0.028025 
        8.52945        0.589751        0.027891 
        8.54515        0.589941       0.0277581 
        8.56086        0.591781       0.0276259 
        8.57658        0.590397       0.0274946 
        8.59228        0.592654       0.0273642 
        8.60799        0.592018       0.0272346 
        8.62371        0.592786       0.0271058 
        8.63942        0.592608       0.0269779 
        8.65512        0.592524       0.0268508 
        8.67082        0.593778       0.0267246 
        8.68653        0.593634       0.0265991 
        8.70224        0.594609       0.0264745 
        8.71795        0.594526       0.0263507 
        8.73365        0.594401       0.0262276 
        8.74936        0.595757       0.0261054 
        8.76506        0.595722        0.025984 
        8.78076        0.595709       0.0258633 
        8.79646        0.596259       0.0257434 
        8.81218        0.596539       0.0256242 
        8.82791        0.596662       0.0255056 
         8.8436         0.59769        0.025388 
         8.8593        0.597819       0.0252712 
        8.87503        0.597024       0.0251548 
        8.89076         0.59825       0.0250392 
        8.90644        0.599091       0.0249247 
        8.92214        0.598967       0.0248107 
        8.93786        0.599613       0.0246974 
        8.95357        0.599853       0.0245848 
        8.96928        0.599917       0.0244729 
        8.98498        0.601188       0.0243617 
        9.00069        0.601198       0.0242512 
        9.01639        0.600232       0.0241414 
        9.03208        0.602288       0.0240324 
        9.04778        0.602148        0.023924 
        9.06351        0.602403       0.0238161 
        9.07923        0.601913       0.0237089 
        9.09493        0.603801       0.0236025 
        9.11062        0.602943       0.0234968 
        9.12635        0.604244       0.0233915 
        9.14207        0.603891       0.0232869 
        9.15777        0.604769       0.0231831 
        9.17346        0.605311         0.02308 
        9.18917        0.605435       0.0229774 
         9.2049        0.605943       0.0228753 
        9.22061        0.605657       0.0227739 
        9.23631        0.605374       0.0226732 
        9.25201        0.606152       0.0225731 
        9.26773        0.607079       0.0224735 
        9.28343        0.607976       0.0223746 
        9.29913        0.607974       0.0222763 
        9.31484          0.6086       0.0221786 
        9.33057        0.608271       0.0220813 
        9.34627        0.608699       0.0219847 
        9.36197        0.609851       0.0218888 
        9.37768        0.609103       0.0217933 
        9.39338        0.610017       0.0216985 
        9.40909        0.610447       0.0216042 
        9.42479         0.61039       0.0215105 
         9.4405         0.61105       0.0214174 
        9.45621        0.611901       0.0213248 
        9.47193        0.612146       0.0212327 
        9.48763        0.612574       0.0211412 
        9.50334        0.612453       0.0210503 
        9.51906        0.613136       0.0209598 
        9.53476         0.61418         0.02087 
        9.55045        0.614627       0.0207807 
        9.56616        0.613837       0.0206918 
        9.58188         0.61495       0.0206034 
        9.59759        0.614625       0.0205156 
         9.6133        0.614381       0.0204282 
        9.62901        0.615782       0.0203413 
        9.64471          0.6154        0.020255 
        9.66041        0.616699       0.0201691 
        9.67612        0.616998       0.0200836 
        9.69184        0.617202       0.0199986 
        9.70754        0.617131       0.0199142 
        9.72324        0.618388       0.0198303 
        9.73895        0.617866       0.0197469 
        9.75467        0.618882        0.019664 
        9.77038        0.620509       0.0195816 
        9.78607        0.620039       0.0194999 
        9.80177        0.620463       0.0194187 
        9.81749        0.620255        0.019338 
         9.8332        0.620387       0.0192579 
         9.8489        0.621678       0.0191784 
        9.86463        0.621454       0.0190992 
        9.88035          0.6216       0.0190204 
        9.89606        0.622366       0.0189422 
        9.91175        0.623109       0.0188643 
        9.92745        0.623672       0.0187866 
        9.94317         0.62327       0.0187091 
        9.95888        0.624927       0.0186319 
        9.97458        0.625281       0.0185547 
        9.99029        0.625352       0.0184777 
         10.006        0.625029         0.01843 
        10.0217        0.626785         0.01843 
        10.0374        0.626829         0.01843 
        10.0531        0.626576         0.01843 
        10.0688        0.627026         0.01843 
        10.0845        0.627924         0.01843 
        10.1002        0.628205         0.01843 
        10.1159        0.628407         0.01843 
        10.1317        0.629866         0.01843 
        10.1474         0.62934         0.01843 
        10.1631        0.630596         0.01843 
        10.1788        0.630458         0.01843 
        10.1945        0.632204         0.01843 
        10.2102        0.631081         0.01843 
        10.2259        0.631951         0.01843 
        10.2416        0.632545         0.01843 
        10.2573        0.633229         0.01843 
         10.273        0.633996         0.01843 
        10.2887        0.633862         0.01843 
        10.3044        0.634795         0.01843 
        10.3201        0.634728         0.01843 
        10.3359        0.635051         0.01843 
        10.3516        0.635783         0.01843 
        10.3673        0.636948         0.01843 
         10.383         0.63617         0.01843 
        10.3987        0.637838         0.01843 
        10.4144        0.637532         0.01843 
        10.4301        0.637954         0.01843 
        10.4458        0.638988         0.01843 
        10.4615        0.640091         0.01843 
        10.4772        0.640665         0.01843 
        10.4929        0.640967         0.01843 
        10.5086        0.641207         0.01843 
        10.5244        0.640758         0.01843 
        10.5401        0.642639         0.01843 
        10.5558        0.642702         0.01843 
        10.5715        0.644571         0.01843 
        10.5872        0.643314         0.01843 
        10.6029        0.645187         0.01843 
        10.6186        0.646103         0.01843 
        10.6343        0.645873         0.01843 
          10.65        0.646922         0.01843 
        10.6657         0.64698         0.01843 
        10.6814        0.647212         0.01843 
        10.6971        0.648567         0.01843 
        10.7129        0.649219         0.01843 
        10.7286        0.649794         0.01843 
        10.7443        0.649985         0.01843 
          10.76        0.650851         0.01843 
        10.7757        0.651172         0.01843 
        10.7914        0.652114         0.01843 
        10.8071        0.652384         0.01843 
        10.8228        0.653317         0.01843 
        10.8385        0.653863         0.01843 
        10.8542        0.655034         0.01843 
        10.8699        0.655216         0.01843 
        10.8856        0.655754         0.01843 
        10.9014        0.656131         0.01843 
        10.9171         0.65733         0.01843 
        10.9328        0.657756         0.01843 
        10.9485        0.659418         0.01843 
        10.9642         0.65887         0.01843 
        10.9799        0.660659         0.01843 
        10.9956        0.660756         0.01843 
        11.0113        0.660582         0.01843 
         11.027        0.661185         0.01843 
        11.0427        0.663432         0.01843 
        11.0584        0.663641         0.01843 
        11.0741         0.66427         0.01843 
        11.0898        0.664985         0.01843 
        11.1055        0.666105         0.01843 
        11.1212        0.666634         0.01843 
         11.137        0.667044         0.01843 
        11.1527        0.668828         0.01843 
        11.1684        0.669449         0.01843 
        11.1841        0.669946         0.01843 
        11.1998        0.670386         0.01843 
        11.2155        0.671772         0.01843 
        11.2312        0.672633         0.01843 
        11.2469        0.673868         0.01843 
        11.2626        0.673831         0.01843 
        11.2783        0.675577         0.01843 
         11.294        0.676066         0.01843 
        11.3097         0.67669         0.01843 
        11.3254        0.677543         0.01843 
        11.3412         0.67913         0.01843 
        11.3569        0.680099         0.01843 
        11.3726        0.681162         0.01843 
        11.3883        0.681438         0.01843 
         11.404        0.683161         0.01843 
        11.4197        0.683053         0.01843 
        11.4354          0.6847         0.01843 
        11.4511        0.685249         0.01843 
        11.4668        0.686811         0.01843 
        11.4825        0.687419         0.01843 
        11.4982        0.688112         0.01843 
         11.514        0.689783         0.01843 
        11.5297        0.689707         0.01843 
        11.5454        0.691494         0.01843 
        11.5611        0.692869         0.01843 
        11.5768          0.6935         0.01843 
        11.5925        0.694691         0.01843 
        11.6082        0.695705         0.01843 
        11.6239        0.698281         0.01843 
        11.6396        0.698066         0.01843 
        11.6553        0.699062         0.01843 
         11.671        0.699909         0.01843 
        11.6867        0.701967         0.01843 
        11.7024        0.702576         0.01843 
        11.7182        0.704407         0.01843 
        11.7339        0.705541         0.01843 
        11.7496        0.706946         0.01843 
        11.7653        0.707792         0.01843 
         11.781        0.709182         0.01843 
        11.7967        0.710279         0.01843 
        11.8124        0.712313         0.01843 
        11.8281        0.713348         0.01843 
        11.8438        0.714442         0.01843 
        11.8595        0.715832         0.01843 
        11.8752         0.71696         0.01843 
         11.891        0.718335         0.01843 
        11.9067        0.719827         0.01843 
        11.9224        0.721488         0.01843 
        11.9381        0.722916         0.01843 
        11.9538        0.724689         0.01843 
        11.9695        0.725851         0.01843 
        11.9852        0.726633         0.01843 
        12.0009        0.728527         0.01843 
        12.0166         0.73127         0.01843 
        12.0323        0.731931         0.01843 
         12.048         0.73316         0.01843 
        12.0637        0.734181         0.01843 
