# k  (h/Mpc)    Pcb(k)  (Mpc/h)^3    Pcb_linear(k) (Mpc/h)^3   ShotnoiseSubtracted = true
      0.0200456          895.27         906.388 
      0.0350414         706.486           710.7 
      0.0492313         563.055         563.093 
      0.0637834         461.073         457.885 
      0.0800726         350.493         345.888 
       0.096163         270.661         272.063 
       0.111083         227.055         230.301 
       0.126058         192.492         191.445 
       0.142273         158.126         155.786 
       0.158546         134.124         132.712 
        0.17375          114.74         115.464 
       0.188953         100.539         99.2636 
       0.204907         89.6173         85.9269 
       0.220756          77.628         75.9457 
        0.23588          68.862         67.4563 
         0.2514         60.6732         59.7716 
       0.267535         54.6161         53.3061 
       0.283568         49.3121         47.9001 
       0.299022          44.886         43.2552 
       0.314451         40.0028         39.2177 
       0.330372          36.841         35.6584 
       0.346141         33.6219          32.552 
       0.361624         31.0783         29.8345 
       0.377134         28.9528         27.4312 
       0.392932         25.7662         25.2656 
       0.408854         24.6215         23.3129 
       0.424564         22.8414         21.5833 
       0.440253         21.1062         20.0352 
       0.455999         19.8749         18.6355 
       0.471626         18.6692         17.3765 
        0.48727         17.4581         16.2324 
       0.502856         16.2851         15.1956 
       0.518488         15.5498         14.2467 
       0.534347         14.7998         13.3665 
       0.550082          13.557         12.5668 
       0.565732         12.5487         11.8365 
       0.581496         12.2624         11.1596 
       0.597222         11.7334         10.5371 
       0.612804         10.9387         9.96734 
       0.628434         10.5409         9.43834 
       0.644267         10.0608         8.94173 
       0.660051         9.49166         8.48235 
       0.675724         9.02709         8.05823 
       0.691403         8.70473         7.66305 
       0.707174         8.26398          7.2924 
       0.722871         7.90996         6.94791 
        0.73838         7.61303         6.62949 
       0.754018         7.35437         6.32871 
       0.769845         6.97444         6.04337 
        0.78569         6.74097          5.7754 
       0.801365         6.44907         5.52635 
       0.817031         6.23471         5.29219 
       0.832809         6.01692         5.07014 
       0.848511         5.68706         4.86185 
       0.864097         5.48192         4.66673 
       0.879701         5.29697         4.48217 
       0.895507         5.08405         4.30544 
       0.911279         4.99854         4.13864 
        0.92691         4.80348         3.98209 
       0.942635         4.59994         3.83281 
       0.958396         4.43684          3.6909 
       0.974128         4.31309         3.55647 
       0.989692         4.23006         3.43008 
        1.00528         4.04258         3.30969 
        1.02113         3.89251         3.19322 
        1.03692         3.82558         3.08281 
        1.05264         3.68659         2.97815 
        1.06832         3.59845         2.87854 
        1.08405         3.43267         2.78324 
        1.09979         3.36064         2.69223 
        1.11537         3.27806          2.6062 
        1.13105         3.19346         2.52343 
        1.14679         3.10382         2.44396 
        1.16256         3.00525         2.36776 
        1.17828         2.93789         2.29508 
        1.19395         2.85932         2.22571 
         1.2097         2.73638         2.15887 
        1.22537         2.68178          2.0951 
          1.241         2.62674         2.03411 
        1.25666         2.60225          1.9754 
        1.27241         2.48596         1.91874 
        1.28819         2.42978         1.86422 
        1.30392         2.38802         1.81198 
        1.31957         2.32931         1.76199 
        1.33529         2.26138          1.7137 
        1.35108         2.21199         1.66704 
        1.36674         2.14937         1.62245 
         1.3824         2.09527         1.57954 
        1.39811         2.04984         1.53805 
        1.41389         2.01518         1.49789 
        1.42964         1.97039         1.45924 
        1.44531         1.92595         1.42214 
        1.46101         1.89018         1.38626 
        1.47667         1.82079         1.35173 
        1.49229         1.80981         1.31847 
        1.50793         1.76054         1.28629 
        1.52367         1.73583         1.25498 
        1.53953         1.67827         1.22451 
        1.55526         1.64669          1.1953 
        1.57092         1.61735         1.16716 
        1.58662         1.58988         1.13987 
        1.60235          1.5536         1.11339 
        1.61809         1.51887         1.08775 
        1.63369         1.50412         1.06315 
        1.64941         1.46351         1.03913 
        1.66519         1.44053         1.01576 
        1.68085         1.39705        0.993289 
        1.69652         1.37714        0.971488 
        1.71228         1.35964         0.95022 
        1.72806         1.32206        0.929573 
        1.74368         1.30723        0.909748 
        1.75933         1.27585        0.890463 
        1.77505         1.25644        0.871647 
        1.79081          1.2352        0.853344 
         1.8065         1.20674        0.835645 
        1.82218         1.19358        0.818465 
        1.83797         1.17263        0.801651 
        1.85367         1.16143        0.785403 
        1.86928         1.13767        0.769704 
        1.88497         1.11022         0.75435 
        1.90073         1.08821        0.739358 
        1.91647         1.08121        0.724788 
        1.93218         1.05855        0.710642 
        1.94787         1.03733        0.696895 
        1.96363         1.02136        0.683458 
        1.97935         1.00274        0.670403 
        1.99499        0.985716        0.657764 
        2.01064        0.971141        0.645432 
         2.0264        0.960246         0.63334 
        2.04216        0.943667        0.621564 
        2.05781         0.92772        0.610163 
        2.07353        0.914732        0.599007 
        2.08928        0.895533        0.588106 
        2.10499        0.884812        0.577506 
        2.12065        0.877528        0.567199 
        2.13633        0.860323        0.557136 
        2.15211        0.843414        0.547252 
        2.16785        0.830651        0.537635 
        2.18349        0.821416        0.528311 
        2.19916        0.809281        0.519188 
        2.21489         0.79415         0.51025 
        2.23063        0.782973        0.501518 
         2.2463        0.778997        0.493029 
        2.26194        0.756494        0.484758 
        2.27765         0.74905        0.476635 
        2.29341        0.742727        0.468677 
        2.30914        0.735974        0.460917 
        2.32486        0.721425        0.453337 
        2.34061         0.71044        0.445916 
        2.35635        0.698268        0.438667 
        2.37203        0.691133        0.431605 
        2.38768        0.682676        0.424713 
        2.40339        0.674845        0.417947 
        2.41914        0.665392        0.411312 
        2.43483        0.655296        0.404845 
         2.4505        0.645661        0.398528 
        2.46622         0.63787        0.392325 
        2.48195        0.634075        0.386253 
        2.49759        0.623048        0.380342 
        2.51328        0.611904         0.37454 
        2.52906        0.606358        0.368822 
        2.54479         0.59862        0.363245 
        2.56049        0.588294        0.357794 
        2.57618        0.584043        0.352459 
        2.59189         0.57689        0.347226 
        2.60758        0.570736        0.342107 
        2.62325        0.561741        0.337098 
        2.63898        0.557256        0.332171 
        2.65468         0.54846        0.327354 
        2.67044        0.541418        0.322611 
        2.68618        0.535411        0.317973 
        2.70184        0.528899        0.313446 
        2.71755        0.522292        0.308995 
        2.73329        0.516388        0.304623 
        2.74897        0.511223        0.300351 
        2.76462        0.504392         0.29617 
        2.78034        0.498706        0.292051 
        2.79607        0.493644        0.288007 
        2.81179        0.486324        0.284043 
        2.82749        0.482553        0.280159 
        2.84321         0.47779        0.276343 
        2.85893        0.471091          0.2726 
        2.87462        0.466031        0.268932 
        2.89033        0.460293        0.265328 
        2.90605        0.456605        0.261787 
        2.92176        0.450315        0.258313 
        2.93747        0.445794        0.254903 
        2.95318        0.441025        0.251555 
        2.96891        0.436844        0.248265 
        2.98456        0.432372        0.245048 
        3.00023        0.428404        0.241884 
        3.01596        0.422369        0.238766 
        3.03164        0.418522        0.235711 
        3.04738        0.412106        0.232702 
         3.0631        0.410553        0.229746 
        3.07883        0.404461        0.226841 
        3.09456        0.400217        0.223986 
        3.11026        0.397122        0.221186 
        3.12596        0.392007        0.218433 
        3.14163        0.388966        0.215734 
        3.15734        0.386393        0.213074 
        3.17308        0.381353        0.210452 
        3.18879        0.378625        0.207882 
        3.20447         0.37278        0.205358 
         3.2202        0.371253        0.202869 
         3.2359        0.366775        0.200425 
        3.25157        0.363294        0.198027 
        3.26729        0.360863        0.195662 
        3.28304        0.357188         0.19333 
        3.29877        0.352679        0.191039 
        3.31446        0.350317        0.188791 
        3.33014        0.346851         0.18658 
        3.34585        0.345393        0.184402 
        3.36158        0.341059        0.182255 
        3.37727        0.338358        0.180149 
        3.39294        0.335322        0.178078 
        3.40867        0.331813        0.176033 
        3.42439        0.329585         0.17402 
        3.44008        0.326985        0.172043 
        3.45578        0.324929        0.170096 
        3.47153        0.320988        0.168174 
        3.48724        0.319854        0.166285 
        3.50292        0.316867        0.164429 
        3.51859         0.31285        0.162603 
        3.53431        0.310863        0.160799 
        3.55007         0.30924        0.159018 
        3.56577        0.305207        0.157271 
        3.58146        0.302985        0.155551 
        3.59719        0.300787        0.153852 
        3.61292        0.299183         0.15218 
        3.62859        0.295035        0.150538 
        3.64429        0.293578        0.148918 
        3.66003        0.291156        0.147317 
        3.67578        0.289038        0.145739 
        3.69146        0.286723        0.144191 
        3.70712        0.284904        0.142668 
        3.72284        0.282428        0.141162 
        3.73853        0.280882         0.13968 
        3.75422        0.277806        0.138218 
        3.76993         0.27657        0.136776 
        3.78564        0.274158        0.135356 
        3.80137        0.271987        0.133953 
        3.81707        0.270732        0.132573 
        3.83279        0.267712        0.131211 
        3.84853        0.265683        0.129867 
        3.86424         0.26387        0.128543 
        3.87992        0.262666         0.12724 
        3.89561        0.259714        0.125956 
        3.91134        0.259121        0.124686 
        3.92704        0.256206        0.123435 
        3.94273        0.254018        0.122203 
        3.95845        0.252488        0.120985 
        3.97418        0.250745        0.119783 
        3.98988        0.248368          0.1186 
        4.00554        0.246813        0.117435 
        4.02125        0.244827        0.116283 
        4.03698        0.242057        0.115145 
        4.05268        0.240876        0.114024 
        4.06839        0.237708        0.112918 
         4.0841        0.235164        0.111827 
        4.09983        0.232813        0.110748 
        4.11555        0.230722        0.109684 
        4.13124        0.228019        0.108637 
        4.14693        0.226691        0.107603 
        4.16266        0.224359         0.10658 
        4.17839        0.222658         0.10557 
        4.19408        0.220455        0.104576 
        4.20977        0.219328        0.103595 
        4.22551        0.217088        0.102624 
        4.24123        0.215411        0.101666 
        4.25691        0.213698        0.100723 
        4.27259         0.21195       0.0997914 
        4.28831        0.210565         0.09887 
        4.30404        0.208332       0.0979593 
        4.31974        0.207845        0.097062 
        4.33543        0.205856       0.0961765 
        4.35116        0.203898       0.0952999 
        4.36688        0.203316       0.0944346 
        4.38255        0.201482       0.0935832 
        4.39825        0.200935       0.0927405 
        4.41398        0.198948       0.0919065 
         4.4297        0.198118       0.0910836 
        4.44541        0.197334       0.0902709 
        4.46111        0.196068       0.0894688 
        4.47683        0.195389       0.0886758 
        4.49251        0.193657       0.0878941 
        4.50819        0.192657       0.0871219 
         4.5239        0.192488        0.086358 
        4.53962        0.191591       0.0856022 
        4.55535        0.190299       0.0848551 
        4.57106        0.189868        0.084118 
        4.58678        0.189146       0.0833895 
         4.6025        0.188306       0.0826695 
        4.61821        0.187812       0.0819581 
        4.63391        0.187135       0.0812559 
         4.6496        0.186567       0.0805623 
        4.66532        0.186225       0.0798757 
        4.68103        0.185967       0.0791974 
        4.69673        0.185334       0.0785276 
        4.71241        0.185105       0.0778662 
        4.72811        0.184325       0.0772114 
        4.74384        0.184453       0.0765632 
        4.75955        0.184248       0.0759235 
        4.77525         0.18431       0.0752914 
        4.79096        0.183471       0.0746657 
        4.80669        0.183787       0.0740469 
         4.8224        0.183278       0.0734358 
        4.83809         0.18342       0.0728322 
        4.85379        0.183505        0.072235 
         4.8695        0.183329        0.071644 
        4.88521        0.182946       0.0710599 
        4.90093        0.183957       0.0704822 
        4.91663        0.183887       0.0699115 
        4.93234        0.183449       0.0693464 
        4.94807        0.184032       0.0687873 
        4.96377        0.184704       0.0682353 
        4.97943        0.185157       0.0676905 
        4.99514        0.184979       0.0671503 
        5.01086        0.185844       0.0666156 
        5.02654        0.185863       0.0660881 
        5.04227         0.18645       0.0655647 
          5.058        0.186796       0.0650467 
        5.07371        0.188057       0.0645354 
        5.08942        0.188637       0.0640294 
        5.10513        0.188969       0.0635289 
        5.12084        0.189543       0.0630334 
        5.13656         0.19033       0.0625433 
        5.15225         0.19113       0.0620593 
        5.16796        0.192363       0.0615796 
        5.18369        0.192239       0.0611045 
         5.1994        0.193644       0.0606353 
        5.21509         0.19452       0.0601715 
        5.23079        0.195987       0.0597119 
        5.24649        0.197301       0.0592575 
        5.26217        0.197483       0.0588082 
        5.27788        0.198754       0.0583629 
        5.29359        0.199881       0.0579221 
        5.30933        0.201578       0.0574852 
        5.32504        0.202425       0.0570535 
        5.34073        0.203981       0.0566268 
        5.35646        0.204337       0.0562036 
        5.37218        0.205851       0.0557846 
        5.38789        0.207241       0.0553705 
        5.40357        0.209436       0.0549611 
        5.41929        0.210608        0.054555 
        5.43502        0.210799       0.0541529 
         5.4507        0.213671       0.0537558 
        5.46639        0.214203       0.0533627 
        5.48212        0.216406       0.0529725 
        5.49786        0.218293       0.0525858 
        5.51353        0.220413       0.0522049 
        5.52921        0.221346       0.0518274 
        5.54495        0.223247       0.0514524 
        5.56066         0.22525       0.0510816 
        5.57637        0.227658       0.0507145 
        5.59207        0.229024       0.0503514 
        5.60778        0.231544       0.0499916 
        5.62346        0.233277       0.0496359 
        5.63916        0.234562       0.0492833 
        5.65487        0.236498       0.0489339 
         5.6706         0.23911       0.0485875 
        5.68633        0.241499       0.0482443 
        5.70203          0.2439       0.0479052 
        5.71773        0.245775       0.0475693 
        5.73344        0.246861       0.0472365 
        5.74916        0.250455       0.0469066 
        5.76486        0.251726       0.0465803 
        5.78054        0.253898       0.0462576 
        5.79626        0.256681        0.045937 
          5.812         0.25914       0.0456191 
         5.8277        0.260789       0.0453052 
        5.84339          0.2647       0.0449943 
        5.85911        0.266338       0.0446856 
        5.87484        0.267868       0.0443799 
        5.89053        0.272015       0.0440777 
        5.90623        0.273741       0.0437781 
        5.92195        0.276038       0.0434808 
        5.93767        0.277839       0.0431865 
        5.95336        0.281303       0.0428953 
        5.96905        0.285682       0.0426069 
        5.98476        0.285541       0.0423208 
        6.00048        0.290392       0.0420372 
        6.01617        0.291469       0.0417566 
        6.03185        0.293544       0.0414789 
        6.04756        0.296772        0.041203 
        6.06331        0.298502       0.0409291 
        6.07903        0.301201       0.0406582 
        6.09473        0.304786       0.0403901 
        6.11044        0.307796       0.0401241 
        6.12616        0.309792       0.0398605 
        6.14186        0.313804       0.0395996 
        6.15755        0.315976        0.039341 
        6.17326        0.319728       0.0390845 
        6.18898        0.322195       0.0388302 
        6.20467        0.324818       0.0385786 
        6.22036        0.325485       0.0383293 
         6.2361        0.329433       0.0380815 
         6.2518        0.333475       0.0378363 
        6.26748        0.333465       0.0375937 
        6.28319        0.337269       0.0373527 
        6.29893        0.339876       0.0371135 
        6.31463        0.344675       0.0368768 
        6.33033        0.345345       0.0366423 
        6.34604        0.349575       0.0364097 
        6.36177        0.351447       0.0361788 
        6.37747        0.354889       0.0359504 
        6.39316        0.355318       0.0357241 
        6.40888        0.360262       0.0354992 
         6.4246        0.361743       0.0352764 
        6.44031        0.364774       0.0350555 
        6.45601        0.366529       0.0348368 
        6.47172         0.37045       0.0346197 
        6.48744        0.371664       0.0344044 
        6.50313        0.375807       0.0341913 
        6.51882        0.377062         0.03398 
        6.53452        0.379241       0.0337703 
        6.55025         0.38141       0.0335621 
        6.56597        0.383459       0.0333558 
        6.58166        0.387192       0.0331516 
        6.59736        0.390483       0.0329489 
        6.61307        0.393429       0.0327478 
         6.6288        0.394639       0.0325482 
         6.6445        0.397901       0.0323505 
         6.6602        0.399938       0.0321546 
        6.67592        0.401285         0.03196 
        6.69164        0.403276       0.0317671 
        6.70735        0.405895       0.0315758 
        6.72304        0.408637       0.0313863 
        6.73874        0.410733       0.0311984 
        6.75446        0.412182       0.0310117 
        6.77016        0.415538       0.0308268 
        6.78585         0.41675       0.0306435 
        6.80156        0.418897       0.0304615 
        6.81729        0.420223       0.0302807 
        6.83301        0.421363       0.0301015 
         6.8487        0.426338        0.029924 
         6.8644        0.427534       0.0297479 
        6.88012        0.427568       0.0295731 
        6.89583        0.430915       0.0293998 
        6.91151        0.430689       0.0292281 
        6.92723        0.434932       0.0290574 
        6.94296        0.437499       0.0288879 
        6.95866        0.438102       0.0287201 
        6.97436        0.438997       0.0285537 
        6.99007        0.441813       0.0283885 
        7.00578        0.442205       0.0282246 
        7.02147        0.444781       0.0280622 
        7.03718        0.447623       0.0279009 
         7.0529        0.448647       0.0277407 
        7.06863        0.449872       0.0275817 
        7.08433        0.452187       0.0274241 
        7.10004        0.452871       0.0272679 
        7.11575        0.452489       0.0271128 
        7.13145        0.454189       0.0269589 
        7.14715        0.456156       0.0268063 
        7.16284        0.457911       0.0266551 
        7.17855        0.459654       0.0265047 
        7.19428        0.461308       0.0263553 
        7.20998        0.462167       0.0262073 
        7.22568        0.464224       0.0260605 
        7.24139        0.465743       0.0259147 
        7.25711        0.466584       0.0257701 
        7.27282        0.466069       0.0256265 
        7.28852        0.468939       0.0254842 
        7.30423         0.47006       0.0253427 
        7.31995        0.471729       0.0252024 
        7.33565        0.471779       0.0250633 
        7.35135        0.472645       0.0249251 
        7.36706        0.473371       0.0247881 
        7.38277         0.47606       0.0246519 
        7.39847        0.477245       0.0245169 
        7.41419        0.477554       0.0243828 
         7.4299        0.477148       0.0242497 
        7.44561         0.47951       0.0241176 
        7.46132        0.479862       0.0239866 
        7.47701        0.481557       0.0238566 
        7.49272        0.480999       0.0237275 
        7.50842        0.483429       0.0235994 
         7.5241        0.483034       0.0234724 
        7.53981        0.486453       0.0233461 
        7.55552        0.484576       0.0232207 
        7.57125        0.486729       0.0230961 
        7.58698        0.486056       0.0229724 
        7.60268        0.487323       0.0228499 
         7.6184        0.487779       0.0227281 
        7.63411        0.489416       0.0226073 
        7.64981        0.490536       0.0224874 
        7.66552        0.489599       0.0223683 
        7.68123        0.490475       0.0222501 
        7.69695        0.492143       0.0221327 
        7.71264         0.49349       0.0220163 
        7.72834        0.491772       0.0219007 
        7.74407        0.495131       0.0217857 
        7.75978        0.495656       0.0216716 
        7.77546        0.496055       0.0215586 
        7.79116        0.494645       0.0214463 
         7.8069        0.496514       0.0213345 
         7.8226        0.494277       0.0212238 
        7.83828        0.498004        0.021114 
        7.85399          0.4981       0.0210048 
        7.86972        0.498834       0.0208962 
        7.88543        0.498321       0.0207885 
        7.90111        0.498325       0.0206818 
        7.91681        0.499741       0.0205756 
        7.93255        0.497981         0.02047 
        7.94828        0.498866       0.0203652 
        7.96397        0.500019       0.0202613 
        7.97967        0.500663       0.0201582 
        7.99538         0.50018       0.0200557 
         8.0111        0.500113       0.0199538 
         8.0268        0.503641       0.0198528 
        8.04248        0.503795       0.0197526 
         8.0582        0.504381       0.0196529 
        8.07393        0.506883       0.0195537 
        8.08963        0.506048       0.0194554 
        8.10533        0.506296       0.0193579 
        8.12104        0.506315       0.0192609 
        8.13675        0.507417       0.0191646 
        8.15245        0.508242        0.019069 
        8.16815        0.509883       0.0189741 
        8.18387        0.512451       0.0188797 
        8.19959        0.512509       0.0187859 
         8.2153        0.511089       0.0186928 
        8.23101        0.513791       0.0186004 
        8.24672        0.512785       0.0185086 
        8.26241        0.514901       0.0184175 
         8.2781        0.514233       0.0183271 
        8.29381        0.516903       0.0182371 
        8.30952        0.516411       0.0181477 
        8.32524        0.517883       0.0180589 
        8.34095        0.517481       0.0179707 
        8.35666        0.518104       0.0178832 
        8.37237        0.520988       0.0177962 
        8.38808        0.519869       0.0177097 
        8.40379        0.522087       0.0176239 
         8.4195        0.522213       0.0175387 
         8.4352         0.52223        0.017454 
        8.45091        0.523204       0.0173699 
        8.46662        0.522909       0.0172863 
        8.48232        0.524979       0.0172033 
        8.49802        0.527069       0.0171209 
        8.51374        0.525976       0.0170389 
        8.52945        0.526795       0.0169574 
        8.54515        0.527184       0.0168766 
        8.56086        0.527664       0.0167962 
        8.57658        0.528734       0.0167164 
        8.59228        0.528107       0.0166371 
        8.60799        0.530117       0.0165583 
        8.62371        0.531291         0.01648 
        8.63942        0.531163       0.0164022 
        8.65512        0.529895        0.016325 
        8.67082        0.532573       0.0162483 
        8.68653        0.533696        0.016172 
        8.70224        0.534252       0.0160962 
        8.71795        0.534496       0.0160209 
        8.73365        0.535142       0.0159461 
        8.74936        0.537679       0.0158718 
        8.76506        0.535575        0.015798 
        8.78076        0.537315       0.0157246 
        8.79646        0.538197       0.0156517 
        8.81218        0.539329       0.0155792 
        8.82791        0.539038       0.0155071 
         8.8436        0.539391       0.0154356 
         8.8593        0.541342       0.0153646 
        8.87503        0.541372       0.0152938 
        8.89076        0.541947       0.0152236 
        8.90644        0.543109       0.0151539 
        8.92214        0.542864       0.0150847 
        8.93786        0.544371       0.0150157 
        8.95357        0.545222       0.0149473 
        8.96928        0.546264       0.0148792 
        8.98498        0.545202       0.0148117 
        9.00069        0.546899       0.0147445 
        9.01639         0.54835       0.0146777 
        9.03208         0.54635       0.0146115 
        9.04778        0.549634       0.0145455 
        9.06351        0.548895       0.0144799 
        9.07923        0.549921       0.0144148 
        9.09493        0.551276       0.0143501 
        9.11062        0.550422       0.0142858 
        9.12635        0.553146       0.0142218 
        9.14207        0.552242       0.0141582 
        9.15777        0.552608       0.0140951 
        9.17346        0.554929       0.0140324 
        9.18917         0.55307         0.01397 
         9.2049        0.555596       0.0139079 
        9.22061        0.554636       0.0138463 
        9.23631        0.557814        0.013785 
        9.25201        0.556559       0.0137242 
        9.26773        0.556878       0.0136636 
        9.28343        0.558786       0.0136035 
        9.29913        0.558372       0.0135437 
        9.31484        0.561373       0.0134843 
        9.33057        0.560567       0.0134252 
        9.34627        0.561054       0.0133664 
        9.36197        0.562509       0.0133081 
        9.37768        0.562317       0.0132501 
        9.39338        0.564241       0.0131924 
        9.40909        0.562623       0.0131351 
        9.42479        0.565173       0.0130782 
         9.4405        0.565886       0.0130215 
        9.45621        0.565531       0.0129652 
        9.47193        0.566346       0.0129092 
        9.48763        0.567384       0.0128536 
        9.50334        0.568116       0.0127983 
        9.51906        0.569062       0.0127433 
        9.53476        0.569547       0.0126887 
        9.55045        0.570569       0.0126344 
        9.56616        0.570646       0.0125804 
        9.58188        0.571467       0.0125266 
        9.59759        0.571898       0.0124732 
         9.6133        0.571575       0.0124201 
        9.62901        0.573651       0.0123673 
        9.64471         0.57308       0.0123148 
        9.66041        0.574041       0.0122626 
        9.67612        0.573702       0.0122106 
        9.69184        0.576404       0.0121589 
        9.70754        0.576497       0.0121076 
        9.72324        0.575998       0.0120566 
        9.73895        0.577933       0.0120059 
        9.75467        0.577925       0.0119555 
        9.77038        0.579817       0.0119054 
        9.78607         0.57822       0.0118557 
        9.80177        0.579805       0.0118064 
        9.81749        0.581121       0.0117573 
         9.8332         0.58046       0.0117086 
         9.8489        0.582648       0.0116602 
        9.86463        0.581598       0.0116121 
        9.88035        0.584503       0.0115642 
        9.89606        0.584468       0.0115166 
        9.91175        0.583809       0.0114693 
        9.92745         0.58555       0.0114221 
        9.94317        0.585439        0.011375 
        9.95888        0.586887        0.011328 
        9.97458        0.587121       0.0112811 
        9.99029         0.58675       0.0112342 
         10.006        0.588736       0.0112053 
        10.0217        0.588151       0.0112053 
        10.0374        0.590471       0.0112053 
        10.0531        0.590299       0.0112053 
        10.0688        0.590105       0.0112053 
        10.0845        0.591975       0.0112053 
        10.1002        0.591884       0.0112053 
        10.1159        0.593122       0.0112053 
        10.1317        0.592434       0.0112053 
        10.1474        0.594031       0.0112053 
        10.1631        0.594921       0.0112053 
        10.1788        0.593749       0.0112053 
        10.1945        0.596476       0.0112053 
        10.2102        0.595948       0.0112053 
        10.2259        0.597691       0.0112053 
        10.2416        0.596918       0.0112053 
        10.2573         0.59829       0.0112053 
         10.273        0.599379       0.0112053 
        10.2887        0.599046       0.0112053 
        10.3044        0.601436       0.0112053 
        10.3201        0.601284       0.0112053 
        10.3359        0.601466       0.0112053 
        10.3516        0.602662       0.0112053 
        10.3673        0.602484       0.0112053 
         10.383        0.603274       0.0112053 
        10.3987         0.60346       0.0112053 
        10.4144        0.604591       0.0112053 
        10.4301        0.605121       0.0112053 
        10.4458        0.605466       0.0112053 
        10.4615        0.607005       0.0112053 
        10.4772         0.60611       0.0112053 
        10.4929          0.6089       0.0112053 
        10.5086        0.609259       0.0112053 
        10.5244        0.608925       0.0112053 
        10.5401        0.610392       0.0112053 
        10.5558        0.610645       0.0112053 
        10.5715        0.611444       0.0112053 
        10.5872        0.611691       0.0112053 
        10.6029        0.612783       0.0112053 
        10.6186        0.613827       0.0112053 
        10.6343        0.613762       0.0112053 
          10.65        0.614066       0.0112053 
        10.6657        0.614721       0.0112053 
        10.6814        0.617152       0.0112053 
        10.6971        0.616193       0.0112053 
        10.7129        0.617359       0.0112053 
        10.7286         0.61907       0.0112053 
        10.7443        0.619062       0.0112053 
          10.76        0.619494       0.0112053 
        10.7757        0.620192       0.0112053 
        10.7914        0.620637       0.0112053 
        10.8071        0.621707       0.0112053 
        10.8228        0.622067       0.0112053 
        10.8385        0.623285       0.0112053 
        10.8542        0.623254       0.0112053 
        10.8699        0.625578       0.0112053 
        10.8856        0.625527       0.0112053 
        10.9014        0.625641       0.0112053 
        10.9171        0.626707       0.0112053 
        10.9328        0.627267       0.0112053 
        10.9485        0.629427       0.0112053 
        10.9642        0.628759       0.0112053 
        10.9799        0.630128       0.0112053 
        10.9956        0.631008       0.0112053 
        11.0113         0.63046       0.0112053 
         11.027        0.632485       0.0112053 
        11.0427        0.632582       0.0112053 
        11.0584        0.634125       0.0112053 
        11.0741        0.634332       0.0112053 
        11.0898        0.634864       0.0112053 
        11.1055        0.636354       0.0112053 
        11.1212        0.636965       0.0112053 
         11.137        0.638462       0.0112053 
        11.1527        0.638839       0.0112053 
        11.1684        0.639601       0.0112053 
        11.1841        0.640519       0.0112053 
        11.1998        0.640653       0.0112053 
        11.2155         0.64232       0.0112053 
        11.2312        0.642527       0.0112053 
        11.2469        0.643308       0.0112053 
        11.2626        0.644498       0.0112053 
        11.2783         0.64593       0.0112053 
         11.294        0.645495       0.0112053 
        11.3097         0.64691       0.0112053 
        11.3254         0.64833       0.0112053 
        11.3412        0.649308       0.0112053 
        11.3569         0.65075       0.0112053 
        11.3726        0.651055       0.0112053 
        11.3883         0.65178       0.0112053 
         11.404        0.653399       0.0112053 
        11.4197        0.653616       0.0112053 
        11.4354        0.655182       0.0112053 
        11.4511        0.655339       0.0112053 
        11.4668        0.656988       0.0112053 
        11.4825        0.657852       0.0112053 
        11.4982        0.658218       0.0112053 
         11.514        0.659766       0.0112053 
        11.5297        0.660947       0.0112053 
        11.5454        0.661312       0.0112053 
        11.5611        0.663196       0.0112053 
        11.5768        0.664243       0.0112053 
        11.5925        0.665925       0.0112053 
        11.6082        0.665927       0.0112053 
        11.6239        0.667845       0.0112053 
        11.6396        0.669011       0.0112053 
        11.6553        0.669057       0.0112053 
         11.671        0.670841       0.0112053 
        11.6867        0.671969       0.0112053 
        11.7024        0.672917       0.0112053 
        11.7182        0.673999       0.0112053 
        11.7339        0.675384       0.0112053 
        11.7496        0.676989       0.0112053 
        11.7653         0.67732       0.0112053 
         11.781        0.678487       0.0112053 
        11.7967        0.680632       0.0112053 
        11.8124        0.682018       0.0112053 
        11.8281        0.683026       0.0112053 
        11.8438        0.683597       0.0112053 
        11.8595        0.685763       0.0112053 
        11.8752        0.686472       0.0112053 
         11.891        0.687573       0.0112053 
        11.9067        0.688807       0.0112053 
        11.9224         0.69044       0.0112053 
        11.9381        0.691309       0.0112053 
        11.9538         0.69269       0.0112053 
        11.9695        0.695295       0.0112053 
        11.9852         0.69643       0.0112053 
        12.0009         0.69762       0.0112053 
        12.0166        0.698887       0.0112053 
        12.0323        0.699409       0.0112053 
         12.048        0.701855       0.0112053 
        12.0637        0.701447       0.0112053 
