# k  (h/Mpc)    Pcb(k)  (Mpc/h)^3    Pcb_linear(k) (Mpc/h)^3   ShotnoiseSubtracted = true
      0.0200456           18123         18392.1 
      0.0350414         14792.6         14421.3 
      0.0492313         11130.1         11426.1 
      0.0637834         8798.04         9291.22 
      0.0800726         6649.39         7018.62 
       0.096163         5631.46          5520.6 
       0.111083         4807.06         4673.17 
       0.126058         3822.48         3884.74 
       0.142273         3267.68         3161.16 
       0.158546         2790.13         2692.94 
        0.17375         2519.28         2342.95 
       0.188953         2334.69         2014.22 
       0.204907         2003.06          1743.6 
       0.220756         1820.48         1541.06 
        0.23588         1636.93          1368.8 
         0.2514         1477.65         1212.86 
       0.267535         1424.22         1081.67 
       0.283568         1268.65         971.971 
       0.299022         1214.51         877.718 
       0.314451         1257.24          795.79 
       0.330372         1105.72         723.567 
       0.346141         1018.14         660.533 
       0.361624         977.603         605.391 
       0.377134          933.53         556.624 
       0.392932         896.922         512.679 
       0.408854         855.009         473.056 
       0.424564         836.716         437.961 
       0.440253         773.675         406.547 
       0.455999         740.677         378.144 
       0.471626         751.967         352.598 
        0.48727           711.1         329.382 
       0.502856         674.409         308.344 
       0.518488         661.652         289.089 
       0.534347         628.176         271.228 
       0.550082         601.469             255 
       0.565732         594.285         240.181 
       0.581496         580.684         226.446 
       0.597222         566.041         213.815 
       0.612804         554.859         202.253 
       0.628434         530.791         191.519 
       0.644267         514.199         181.442 
       0.660051         507.414         172.121 
       0.675724         497.427         163.514 
       0.691403         484.198         155.496 
       0.707174          467.42         147.975 
       0.722871         458.632         140.984 
        0.73838         453.584         134.523 
       0.754018         439.013          128.42 
       0.769845         433.831          122.63 
        0.78569         424.588         117.192 
       0.801365         410.909         112.139 
       0.817031         406.469         107.387 
       0.832809         401.309         102.881 
       0.848511         392.017         98.6549 
       0.864097         383.517         94.6956 
       0.879701         379.706         90.9505 
       0.895507         365.966         87.3643 
       0.911279         360.419         83.9797 
        0.92691          356.25         80.8031 
       0.942635         353.493          77.774 
       0.958396         340.929         74.8944 
       0.974128         336.879         72.1664 
       0.989692         324.617          69.602 
        1.00528         324.036          67.159 
        1.02113         317.447         64.7955 
        1.03692         311.916         62.5551 
        1.05264         306.099         60.4315 
        1.06832         302.806         58.4103 
        1.08405         297.992         56.4765 
        1.09979         293.098         54.6296 
        1.11537         284.846          52.884 
        1.13105         281.992         51.2045 
        1.14679         277.352         49.5918 
        1.16256         274.586         48.0458 
        1.17828         270.119          46.571 
        1.19395         263.135         45.1633 
         1.2097         262.721         43.8069 
        1.22537         257.218         42.5129 
          1.241         252.709         41.2753 
        1.25666         249.603         40.0841 
        1.27241         245.201         38.9344 
        1.28819         241.324         37.8281 
        1.30392         239.056         36.7681 
        1.31957          232.81         35.7536 
        1.33529         230.197         34.7738 
        1.35108          227.71         33.8269 
        1.36674         222.799         32.9222 
         1.3824         220.794         32.0515 
        1.39811         218.091         31.2095 
        1.41389         211.914         30.3946 
        1.42964         209.867         29.6103 
        1.44531         206.983         28.8575 
        1.46101          204.01         28.1294 
        1.47667         200.881         27.4287 
        1.49229         198.076         26.7538 
        1.50793          195.34         26.1009 
        1.52367         192.676         25.4657 
        1.53953         187.974         24.8474 
        1.55526         187.692         24.2546 
        1.57092         185.535         23.6836 
        1.58662         180.924         23.1298 
        1.60235         179.253         22.5926 
        1.61809         176.252         22.0722 
        1.63369         173.207         21.5729 
        1.64941         171.433         21.0856 
        1.66519         168.758         20.6115 
        1.68085         165.917         20.1554 
        1.69652         164.272         19.7131 
        1.71228          161.78         19.2815 
        1.72806         159.196         18.8625 
        1.74368         157.896         18.4603 
        1.75933         156.248         18.0689 
        1.77505         153.493         17.6871 
        1.79081         150.417         17.3157 
         1.8065         148.683         16.9566 
        1.82218         145.961          16.608 
        1.83797         145.175         16.2668 
        1.85367         143.151         15.9371 
        1.86928         140.418         15.6185 
        1.88497         139.423          15.307 
        1.90073         137.724         15.0028 
        1.91647         135.093         14.7071 
        1.93218         133.702         14.4201 
        1.94787         131.461         14.1411 
        1.96363         131.031         13.8685 
        1.97935         128.742         13.6036 
        1.99499         127.389         13.3471 
        2.01064         124.681         13.0969 
         2.0264         123.338         12.8515 
        2.04216         121.938         12.6125 
        2.05781         119.849         12.3812 
        2.07353         118.426         12.1548 
        2.08928         117.085         11.9336 
        2.10499         115.619         11.7185 
        2.12065         114.564         11.5094 
        2.13633         113.023         11.3052 
        2.15211         111.222         11.1046 
        2.16785         109.489         10.9095 
        2.18349         108.213         10.7203 
        2.19916         107.268         10.5352 
        2.21489         105.856         10.3538 
        2.23063         103.878         10.1766 
         2.2463         103.208         10.0044 
        2.26194         101.905         9.83653 
        2.27765         100.426         9.67169 
        2.29341         99.4014         9.51021 
        2.30914         98.4668         9.35275 
        2.32486         96.3279         9.19894 
        2.34061         95.9132         9.04835 
        2.35635          94.578         8.90126 
        2.37203         93.0508         8.75796 
        2.38768         92.1562         8.61811 
        2.40339         91.2033         8.48081 
        2.41914         89.7143         8.34619 
        2.43483         88.8619         8.21497 
         2.4505         87.9285         8.08679 
        2.46622         86.6274         7.96091 
        2.48195         85.7349          7.8377 
        2.49759         84.5011         7.71776 
        2.51328         83.9397         7.60002 
        2.52906         82.3013         7.48399 
        2.54479         81.5327         7.37082 
        2.56049         80.3747         7.26021 
        2.57618         79.1965         7.15197 
        2.59189         78.9662         7.04578 
        2.60758          77.422         6.94191 
        2.62325         77.0775         6.84026 
        2.63898         75.9889         6.74029 
        2.65468         74.9337         6.64254 
        2.67044         73.8692          6.5463 
        2.68618         73.3491          6.4522 
        2.70184         72.1883         6.36032 
        2.71755         71.4357            6.27 
        2.73329         70.4305          6.1813 
        2.74897          70.044         6.09461 
        2.76462         69.0381         6.00977 
        2.78034         68.0418         5.92619 
        2.79607         67.3831         5.84412 
        2.81179         66.7125          5.7637 
        2.82749         66.0516         5.68488 
        2.84321         65.2799         5.60745 
        2.85893         64.6331         5.53149 
        2.87462         63.7864         5.45706 
        2.89033         63.1567         5.38393 
        2.90605         62.6706         5.31209 
        2.92176         61.5664         5.24159 
        2.93747          61.111          5.1724 
        2.95318          60.366         5.10445 
        2.96891         59.7054         5.03769 
        2.98456          59.125         4.97243 
        3.00023         58.2689         4.90822 
        3.01596         57.9546         4.84494 
        3.03164         57.1679         4.78297 
        3.04738         56.6054         4.72189 
         3.0631         55.8339         4.66191 
        3.07883         55.3084         4.60296 
        3.09456         54.7687         4.54505 
        3.11026         54.0421         4.48821 
        3.12596         53.6071         4.43236 
        3.14163         52.9676         4.37759 
        3.15734         52.3924         4.32361 
        3.17308         51.8668         4.27042 
        3.18879         51.1383         4.21826 
        3.20447           50.82         4.16705 
         3.2202         50.1845         4.11654 
         3.2359         49.7021         4.06695 
        3.25157         49.1913          4.0183 
        3.26729         48.5918         3.97029 
        3.28304         48.1094         3.92298 
        3.29877         47.5444          3.8765 
        3.31446          47.237         3.83087 
        3.33014         46.7428         3.78602 
        3.34585         46.2051         3.74181 
        3.36158         45.6852         3.69825 
        3.37727         45.3407         3.65552 
        3.39294         44.9279          3.6135 
        3.40867         44.4275         3.57199 
        3.42439         43.8566         3.53116 
        3.44008         43.4426         3.49104 
        3.45578         43.1069         3.45152 
        3.47153         42.6423         3.41252 
        3.48724         42.1521         3.37419 
        3.50292         41.6506         3.33654 
        3.51859         41.3875         3.29948 
        3.53431         40.6826         3.26287 
        3.55007         40.4749         3.22673 
        3.56577         40.0032         3.19128 
        3.58146         39.5585         3.15637 
        3.59719         39.1538         3.12191 
        3.61292         38.7663         3.08797 
        3.62859         38.5367         3.05467 
        3.64429         38.2301         3.02179 
        3.66003         37.7781         2.98929 
        3.67578         37.4209         2.95729 
        3.69146         37.0759         2.92587 
        3.70712          36.757         2.89497 
        3.72284         36.4208          2.8644 
        3.73853          36.004         2.83433 
        3.75422         35.6443         2.80467 
        3.76993         35.3781         2.77541 
        3.78564         34.9962         2.74659 
        3.80137         34.6999         2.71812 
        3.81707         34.2661         2.69012 
        3.83279         33.9479         2.66249 
        3.84853          33.636          2.6352 
        3.86424          33.401         2.60835 
        3.87992         33.1201         2.58191 
        3.89561         32.8312         2.55584 
        3.91134         32.5636         2.53008 
        3.92704         32.1576          2.5047 
        3.94273         31.9405         2.47969 
        3.95845         31.5995         2.45498 
        3.97418          31.245          2.4306 
        3.98988         30.9837         2.40658 
        4.00554         30.6855         2.38295 
        4.02125         30.4354         2.35958 
        4.03698         30.2202         2.33648 
        4.05268         29.9384         2.31374 
        4.06839         29.5536         2.29129 
         4.0841         29.3782         2.26914 
        4.09983         29.1289         2.24726 
        4.11555         28.8587         2.22567 
        4.13124         28.6085         2.20442 
        4.14693         28.3342         2.18343 
        4.16266         28.0229         2.16267 
        4.17839         27.8148         2.14219 
        4.19408         27.5586         2.12203 
        4.20977         27.3384         2.10211 
        4.22551         27.1416          2.0824 
        4.24123         26.8299         2.06296 
        4.25691         26.6091         2.04383 
        4.27259          26.398         2.02493 
        4.28831         26.1536         2.00623 
        4.30404         25.8729         1.98775 
        4.31974         25.6817         1.96955 
        4.33543         25.4495         1.95158 
        4.35116         25.2473         1.93379 
        4.36688         25.0358         1.91623 
        4.38255         24.8513         1.89895 
        4.39825         24.5461         1.88185 
        4.41398         24.4557         1.86493 
         4.4297         24.1811         1.84823 
        4.44541         24.0449         1.83174 
        4.46111         23.8075         1.81547 
        4.47683         23.5695         1.79938 
        4.49251         23.3921         1.78351 
        4.50819         23.1758         1.76784 
         4.5239         22.9349         1.75234 
        4.53962          22.824         1.73701 
        4.55535         22.5728         1.72185 
        4.57106         22.4289         1.70689 
        4.58678         22.2411         1.69211 
         4.6025         22.0521          1.6775 
        4.61821         21.8527         1.66306 
        4.63391         21.6639         1.64881 
         4.6496         21.4997         1.63474 
        4.66532         21.3067         1.62081 
        4.68103         21.1201         1.60704 
        4.69673         20.9372         1.59345 
        4.71241          20.761         1.58003 
        4.72811         20.6027         1.56674 
        4.74384         20.4752         1.55359 
        4.75955         20.2666         1.54061 
        4.77525         20.1151         1.52778 
        4.79096          19.916         1.51509 
        4.80669         19.7928         1.50253 
         4.8224         19.6364         1.49013 
        4.83809         19.4778         1.47788 
        4.85379          19.286         1.46577 
         4.8695         19.1231         1.45377 
        4.88521         18.9806         1.44192 
        4.90093         18.8435          1.4302 
        4.91663         18.6984         1.41862 
        4.93234         18.5282         1.40715 
        4.94807         18.4371          1.3958 
        4.96377          18.213          1.3846 
        4.97943         18.0916         1.37355 
        4.99514         17.9546         1.36259 
        5.01086         17.8119         1.35174 
        5.02654         17.6993         1.34103 
        5.04227         17.5406         1.33041 
          5.058         17.4071          1.3199 
        5.07371         17.2828         1.30953 
        5.08942         17.1199         1.29926 
        5.10513         17.0069          1.2891 
        5.12084         16.8451         1.27905 
        5.13656         16.7184         1.26911 
        5.15225         16.5575         1.25928 
        5.16796         16.4882         1.24955 
        5.18369         16.3327         1.23991 
         5.1994         16.2262         1.23039 
        5.21509         16.0968         1.22098 
        5.23079         16.0094         1.21165 
        5.24649         15.9003         1.20243 
        5.26217         15.7269         1.19331 
        5.27788         15.6064         1.18428 
        5.29359         15.5129         1.17533 
        5.30933         15.3814         1.16647 
        5.32504         15.2517         1.15771 
        5.34073         15.1308         1.14905 
        5.35646         15.0228         1.14046 
        5.37218         14.9177         1.13196 
        5.38789         14.8011         1.12356 
        5.40357         14.7121         1.11525 
        5.41929         14.5793         1.10701 
        5.43502         14.4603         1.09885 
         5.4507          14.359         1.09079 
        5.46639         14.2608         1.08282 
        5.48212         14.1651          1.0749 
        5.49786         14.0424         1.06705 
        5.51353         13.9536         1.05932 
        5.52921         13.8525         1.05166 
        5.54495         13.7529         1.04405 
        5.56066         13.6312         1.03653 
        5.57637         13.5457         1.02908 
        5.59207         13.4215         1.02171 
        5.60778         13.3501         1.01441 
        5.62346         13.2695         1.00719 
        5.63916         13.1314         1.00004 
        5.65487         13.0721        0.992948 
         5.6706         12.9431        0.985919 
        5.68633         12.8549        0.978955 
        5.70203         12.7671        0.972073 
        5.71773         12.6699        0.965258 
        5.73344         12.5832        0.958505 
        5.74916         12.4794        0.951811 
        5.76486         12.4119        0.945189 
        5.78054         12.3031        0.938641 
        5.79626         12.2324        0.932136 
          5.812         12.1301        0.925686 
         5.8277         12.0549        0.919316 
        5.84339           11.97        0.913006 
        5.85911         11.8759        0.906743 
        5.87484          11.814         0.90054 
        5.89053         11.7348        0.894408 
        5.90623         11.6097        0.888329 
        5.92195         11.5335        0.882297 
        5.93767         11.4631        0.876324 
        5.95336         11.4005        0.870415 
        5.96905         11.3071        0.864564 
        5.98476         11.2432        0.858758 
        6.00048         11.1564        0.853003 
        6.01617         11.0759        0.847309 
        6.03185         11.0268        0.841674 
        6.04756         10.9227        0.836076 
        6.06331         10.8335        0.830518 
        6.07903         10.7653        0.825022 
        6.09473         10.6932         0.81958 
        6.11044          10.612        0.814182 
        6.12616         10.5455        0.808834 
        6.14186         10.4692         0.80354 
        6.15755         10.4176        0.798293 
        6.17326         10.3185        0.793089 
        6.18898         10.2471        0.787928 
        6.20467         10.1837        0.782823 
        6.22036         10.1231        0.777764 
         6.2361         10.0592        0.772735 
         6.2518         10.0057        0.767759 
        6.26748         9.91037        0.762838 
        6.28319         9.87281        0.757946 
        6.29893         9.80372        0.753093 
        6.31463         9.71753        0.748291 
        6.33033         9.64869        0.743532 
        6.34604         9.58612        0.738811 
        6.36177         9.53248        0.734127 
        6.37747         9.47454        0.729491 
        6.39316         9.41465        0.724899 
        6.40888         9.33069        0.720337 
         6.4246         9.28037        0.715814 
        6.44031         9.22688        0.711333 
        6.45601         9.15042        0.706895 
        6.47172         9.08617         0.70249 
        6.48744         9.04539         0.69812 
        6.50313         8.96083        0.693796 
        6.51882         8.91672        0.689509 
        6.53452         8.85307        0.685255 
        6.55025         8.79806        0.681029 
        6.56597         8.74225        0.676844 
        6.58166         8.69022        0.672699 
        6.59736         8.63213        0.668587 
        6.61307         8.58024        0.664505 
         6.6288         8.51548        0.660456 
         6.6445         8.47196        0.656445 
         6.6602         8.40906        0.652468 
        6.67592         8.36301         0.64852 
        6.69164         8.31633        0.644606 
        6.70735         8.25551        0.640725 
        6.72304         8.19778         0.63688 
        6.73874         8.15132        0.633066 
        6.75446          8.0901        0.629278 
        6.77016         8.04759        0.625526 
        6.78585         7.99339        0.621805 
        6.80156         7.93356        0.618113 
        6.81729         7.88238        0.614445 
        6.83301         7.84064        0.610807 
         6.8487         7.79165        0.607207 
         6.8644         7.74774        0.603634 
        6.88012         7.68355        0.600086 
        6.89583          7.6425        0.596569 
        6.91151         7.61022        0.593085 
        6.92723         7.54238        0.589621 
        6.94296         7.48726        0.586183 
        6.95866         7.45535        0.582778 
        6.97436         7.40874        0.579401 
        6.99007         7.36064        0.576048 
        7.00578         7.31739        0.572723 
        7.02147         7.28101        0.569427 
        7.03718          7.2229        0.566154 
         7.0529         7.20521        0.562903 
        7.06863         7.13138        0.559677 
        7.08433         7.08851         0.55648 
        7.10004         7.04017        0.553309 
        7.11575         7.00693        0.550163 
        7.13145         6.97658        0.547041 
        7.14715         6.92541        0.543944 
        7.16284         6.86816        0.540875 
        7.17855         6.84635        0.537822 
        7.19428         6.79186        0.534791 
        7.20998         6.75108        0.531789 
        7.22568         6.71252         0.52881 
        7.24139         6.67553        0.525852 
        7.25711         6.62582        0.522916 
        7.27282         6.59204        0.520003 
        7.28852          6.5564        0.517115 
        7.30423         6.52303        0.514245 
        7.31995         6.47763        0.511398 
        7.33565         6.42793        0.508574 
        7.35135         6.39415        0.505771 
        7.36706         6.36861         0.50299 
        7.38277         6.32431        0.500227 
        7.39847         6.29369        0.497487 
        7.41419          6.2484        0.494766 
         7.4299         6.21793        0.492066 
        7.44561         6.16949        0.489386 
        7.46132         6.14236        0.486727 
        7.47701         6.10568         0.48409 
        7.49272         6.07227        0.481469 
        7.50842          6.0307         0.47887 
         7.5241         5.99255        0.476293 
        7.53981         5.96238         0.47373 
        7.55552         5.94035        0.471186 
        7.57125         5.88996        0.468658 
        7.58698         5.86181        0.466148 
        7.60268         5.83237        0.463662 
         7.6184         5.78884        0.461191 
        7.63411         5.76567        0.458738 
        7.64981         5.72482        0.456305 
        7.66552         5.69876         0.45389 
        7.68123         5.66029         0.45149 
        7.69695         5.62799        0.449108 
        7.71264         5.59986        0.446746 
        7.72834         5.55576          0.4444 
        7.74407          5.5328        0.442067 
        7.75978         5.50266        0.439752 
        7.77546         5.47768        0.437459 
        7.79116         5.43981         0.43518 
         7.8069          5.4124        0.432912 
         7.8226         5.38471        0.430664 
        7.83828         5.35125        0.428436 
        7.85399           5.321        0.426221 
        7.86972         5.29171        0.424017 
        7.88543         5.25866        0.421832 
        7.90111         5.23752        0.419666 
        7.91681         5.20305        0.417513 
        7.93255          5.1738         0.41537 
        7.94828         5.14451        0.413243 
        7.96397         5.12122        0.411135 
        7.97967         5.08781        0.409042 
        7.99538         5.05623        0.406962 
         8.0111          5.0212        0.404896 
         8.0268         5.00154        0.402845 
        8.04248         4.98198        0.400812 
         8.0582         4.95526        0.398788 
        8.07393         4.92309        0.396776 
        8.08963         4.90582        0.394782 
        8.10533         4.87225        0.392803 
        8.12104         4.85193        0.390835 
        8.13675         4.82159         0.38888 
        8.15245         4.79117        0.386941 
        8.16815         4.76629        0.385015 
        8.18387         4.73808        0.383099 
        8.19959         4.71601        0.381196 
         8.2153         4.69205        0.379308 
        8.23101         4.66801        0.377432 
        8.24672         4.64183        0.375569 
        8.26241          4.6155        0.373721 
         8.2781         4.59862        0.371886 
        8.29381          4.5702         0.37006 
        8.30952         4.54098        0.368247 
        8.32524         4.52464        0.366444 
        8.34095         4.49715        0.364655 
        8.35666         4.47366        0.362878 
        8.37237         4.44433        0.361113 
        8.38808          4.4228        0.359359 
        8.40379         4.40104        0.357618 
         8.4195          4.3791        0.355888 
         8.4352         4.35314         0.35417 
        8.45091         4.33229        0.352463 
        8.46662         4.31184        0.350767 
        8.48232         4.28582        0.349083 
        8.49802         4.26465         0.34741 
        8.51374         4.24441        0.345746 
        8.52945          4.2237        0.344094 
        8.54515         4.19935        0.342454 
        8.56086         4.18349        0.340823 
        8.57658          4.1564        0.339203 
        8.59228         4.14058        0.337594 
        8.60799         4.11714        0.335995 
        8.62371         4.09494        0.334406 
        8.63942         4.06958        0.332828 
        8.65512         4.05465        0.331261 
        8.67082          4.0392        0.329704 
        8.68653         4.01494        0.328156 
        8.70224         3.99875        0.326618 
        8.71795         3.97287         0.32509 
        8.73365         3.95293        0.323572 
        8.74936         3.93212        0.322064 
        8.76506         3.91601        0.320566 
        8.78076         3.89524        0.319078 
        8.79646         3.87544        0.317599 
        8.81218         3.85459        0.316128 
        8.82791         3.83668        0.314665 
         8.8436         3.82067        0.313214 
         8.8593         3.80816        0.311773 
        8.87503         3.77741        0.310337 
        8.89076         3.76503        0.308911 
        8.90644         3.74396        0.307498 
        8.92214         3.72401        0.306092 
        8.93786         3.70797        0.304693 
        8.95357         3.68961        0.303304 
        8.96928         3.66963        0.301924 
        8.98498         3.65664        0.300553 
        9.00069         3.64137        0.299189 
        9.01639          3.6164        0.297834 
        9.03208         3.60139         0.29649 
        9.04778         3.58558        0.295152 
        9.06351         3.56474        0.293821 
        9.07923         3.55017        0.292499 
        9.09493         3.53994        0.291186 
        9.11062         3.51367        0.289882 
        9.12635         3.50088        0.288583 
        9.14207         3.48481        0.287293 
        9.15777         3.46905        0.286012 
        9.17346         3.45037         0.28474 
        9.18917         3.43217        0.283474 
         9.2049         3.42019        0.282214 
        9.22061         3.40437        0.280963 
        9.23631         3.39058        0.279721 
        9.25201         3.37362        0.278486 
        9.26773         3.35965        0.277258 
        9.28343         3.34063        0.276037 
        9.29913         3.32727        0.274824 
        9.31484          3.3155        0.273619 
        9.33057         3.29968        0.272418 
        9.34627         3.28243        0.271227 
        9.36197         3.26446        0.270044 
        9.37768         3.25469        0.268866 
        9.39338         3.23878        0.267696 
        9.40909         3.22429        0.266533 
        9.42479          3.2096        0.265377 
         9.4405         3.19389        0.264228 
        9.45621         3.18366        0.263085 
        9.47193         3.16579        0.261949 
        9.48763         3.15058        0.260821 
        9.50334         3.13418        0.259699 
        9.51906          3.1241        0.258583 
        9.53476         3.11249        0.257475 
        9.55045         3.09802        0.256373 
        9.56616         3.08501        0.255277 
        9.58188         3.07107        0.254186 
        9.59759         3.05722        0.253102 
         9.6133         3.04391        0.252024 
        9.62901         3.03205        0.250953 
        9.64471         3.02222        0.249887 
        9.66041         3.00461        0.248828 
        9.67612         2.99199        0.247773 
        9.69184         2.97968        0.246724 
        9.70754         2.96807        0.245683 
        9.72324         2.95076        0.244648 
        9.73895         2.94121        0.243619 
        9.75467         2.92744        0.242596 
        9.77038         2.91706         0.24158 
        9.78607         2.90542        0.240572 
        9.80177         2.89312         0.23957 
        9.81749         2.88059        0.238575 
         9.8332         2.86855        0.237586 
         9.8489         2.85721        0.236605 
        9.86463         2.84608        0.235628 
        9.88035         2.83501        0.234657 
        9.89606         2.82324        0.233691 
        9.91175          2.8112         0.23273 
        9.92745          2.8001        0.231772 
        9.94317         2.78818        0.230816 
        9.95888         2.78095        0.229863 
        9.97458         2.76803        0.228911 
        9.99029         2.75954         0.22796 
         10.006         2.74608        0.227373 
        10.0217          2.7346        0.227373 
        10.0374         2.72265        0.227373 
        10.0531         2.71339        0.227373 
        10.0688         2.70146        0.227373 
        10.0845          2.6955        0.227373 
        10.1002         2.67963        0.227373 
        10.1159         2.67249        0.227373 
        10.1317         2.66019        0.227373 
        10.1474         2.64938        0.227373 
        10.1631         2.64466        0.227373 
        10.1788         2.63038        0.227373 
        10.1945         2.61991        0.227373 
        10.2102         2.61194        0.227373 
        10.2259         2.59898        0.227373 
        10.2416         2.59242        0.227373 
        10.2573         2.58392        0.227373 
         10.273         2.57334        0.227373 
        10.2887         2.56404        0.227373 
        10.3044         2.55293        0.227373 
        10.3201         2.54379        0.227373 
        10.3359         2.53696        0.227373 
        10.3516         2.52684        0.227373 
        10.3673         2.51726        0.227373 
         10.383           2.509        0.227373 
        10.3987         2.50117        0.227373 
        10.4144         2.49058        0.227373 
        10.4301          2.4833        0.227373 
        10.4458         2.47263        0.227373 
        10.4615         2.46676        0.227373 
        10.4772         2.45564        0.227373 
        10.4929         2.45136        0.227373 
        10.5086         2.43983        0.227373 
        10.5244         2.43378        0.227373 
        10.5401         2.42032        0.227373 
        10.5558          2.4112        0.227373 
        10.5715         2.40527        0.227373 
        10.5872          2.3979        0.227373 
        10.6029         2.39003        0.227373 
        10.6186         2.38225        0.227373 
        10.6343          2.3769        0.227373 
          10.65         2.36752        0.227373 
        10.6657         2.36069        0.227373 
        10.6814         2.35278        0.227373 
        10.6971          2.3431        0.227373 
        10.7129         2.34226        0.227373 
        10.7286         2.33162        0.227373 
        10.7443         2.32483        0.227373 
          10.76         2.31676        0.227373 
        10.7757         2.31264        0.227373 
        10.7914         2.30358        0.227373 
        10.8071         2.29587        0.227373 
        10.8228         2.29041        0.227373 
        10.8385         2.28411        0.227373 
        10.8542         2.27779        0.227373 
        10.8699         2.27122        0.227373 
        10.8856         2.26683        0.227373 
        10.9014          2.2581        0.227373 
        10.9171         2.25252        0.227373 
        10.9328         2.24494        0.227373 
        10.9485         2.23885        0.227373 
        10.9642         2.23451        0.227373 
        10.9799         2.22634        0.227373 
        10.9956         2.22084        0.227373 
        11.0113         2.21563        0.227373 
         11.027         2.20974        0.227373 
        11.0427         2.20308        0.227373 
        11.0584         2.19926        0.227373 
        11.0741         2.19129        0.227373 
        11.0898         2.18822        0.227373 
        11.1055         2.18267        0.227373 
        11.1212          2.1737        0.227373 
         11.137         2.16988        0.227373 
        11.1527         2.16632        0.227373 
        11.1684         2.16128        0.227373 
        11.1841         2.15475        0.227373 
        11.1998         2.14872        0.227373 
        11.2155         2.14355        0.227373 
        11.2312         2.14223        0.227373 
        11.2469         2.13511        0.227373 
        11.2626         2.13068        0.227373 
        11.2783         2.12361        0.227373 
         11.294          2.1192        0.227373 
        11.3097         2.11484        0.227373 
        11.3254         2.11216        0.227373 
        11.3412         2.10623        0.227373 
        11.3569         2.10292        0.227373 
        11.3726         2.09839        0.227373 
        11.3883         2.09603        0.227373 
         11.404         2.09056        0.227373 
        11.4197           2.087        0.227373 
        11.4354          2.0813        0.227373 
        11.4511         2.07819        0.227373 
        11.4668         2.07436        0.227373 
        11.4825         2.07117        0.227373 
        11.4982         2.06758        0.227373 
         11.514         2.06373        0.227373 
        11.5297          2.0614        0.227373 
        11.5454          2.0568        0.227373 
        11.5611         2.05419        0.227373 
        11.5768         2.05017        0.227373 
        11.5925         2.04666        0.227373 
        11.6082         2.04445        0.227373 
        11.6239         2.03817        0.227373 
        11.6396         2.03653        0.227373 
        11.6553          2.0356        0.227373 
         11.671         2.03098        0.227373 
        11.6867         2.02946        0.227373 
        11.7024         2.02608        0.227373 
        11.7182         2.02278        0.227373 
        11.7339         2.02247        0.227373 
        11.7496         2.01896        0.227373 
        11.7653         2.01726        0.227373 
         11.781         2.01608        0.227373 
        11.7967         2.01123        0.227373 
        11.8124         2.01083        0.227373 
        11.8281          2.0073        0.227373 
        11.8438         2.00705        0.227373 
        11.8595         2.00605        0.227373 
        11.8752         2.00157        0.227373 
         11.891         2.00017        0.227373 
        11.9067         1.99989        0.227373 
        11.9224          1.9959        0.227373 
        11.9381         1.99577        0.227373 
        11.9538           1.994        0.227373 
        11.9695         1.99332        0.227373 
        11.9852          1.9919        0.227373 
        12.0009         1.99174        0.227373 
        12.0166         1.99008        0.227373 
        12.0323         1.98971        0.227373 
         12.048         1.98975        0.227373 
        12.0637         1.98468        0.227373 
