# k  (h/Mpc)    Pcb(k)  (Mpc/h)^3    Pcb_linear(k) (Mpc/h)^3   ShotnoiseSubtracted = true
      0.0200456         17341.8         17595.5 
      0.0350414         14148.4         13796.7 
      0.0492313         10660.3         10931.2 
      0.0637834         8428.88         8888.82 
      0.0800726         6371.21         6714.65 
       0.096163         5388.38          5281.5 
       0.111083         4600.78         4470.78 
       0.126058         3658.15         3716.49 
       0.142273         3121.95         3024.25 
       0.158546         2668.13         2576.31 
        0.17375         2405.98         2241.47 
       0.188953         2224.17         1926.98 
       0.204907         1906.44         1668.08 
       0.220756         1732.51         1474.32 
        0.23588         1557.59         1309.51 
         0.2514         1404.02         1160.33 
       0.267535         1354.23         1034.82 
       0.283568         1204.29         929.876 
       0.299022          1153.1         839.704 
       0.314451         1191.88         761.325 
       0.330372         1044.71          692.23 
       0.346141         962.687         631.925 
       0.361624         924.286         579.172 
       0.377134         881.441         532.517 
       0.392932         847.848         490.475 
       0.408854         807.642         452.568 
       0.424564         789.573         418.993 
       0.440253         728.606          388.94 
       0.455999         697.546         361.766 
       0.471626         708.348         337.327 
        0.48727         669.746         315.116 
       0.502856         632.749         294.989 
       0.518488         622.665         276.569 
       0.534347         589.298         259.481 
       0.550082         564.811         243.956 
       0.565732         558.585         229.779 
       0.581496         545.404         216.639 
       0.597222         531.007         204.555 
       0.612804         520.631         193.494 
       0.628434          497.94         183.225 
       0.644267          481.66         173.584 
       0.660051         475.025         164.666 
       0.675724         466.131         156.433 
       0.691403         453.951         148.761 
       0.707174         437.755         141.566 
       0.722871         429.295         134.878 
        0.73838         424.989         128.697 
       0.754018         410.481         122.858 
       0.769845          406.07         117.319 
        0.78569         397.448         112.117 
       0.801365         385.069         107.282 
       0.817031         380.445         102.736 
       0.832809         375.603         98.4256 
       0.848511         366.426         94.3822 
       0.864097         358.196         90.5944 
       0.879701         354.531         87.0114 
       0.895507         342.321         83.5806 
       0.911279         336.414         80.3426 
        0.92691         332.837         77.3036 
       0.942635         330.412         74.4056 
       0.958396         318.911         71.6507 
       0.974128         315.016          69.041 
       0.989692         303.245         66.5875 
        1.00528          302.92         64.2504 
        1.02113         297.097         61.9893 
        1.03692          291.31         59.8459 
        1.05264          286.04         57.8143 
        1.06832         283.786         55.8805 
        1.08405         278.092         54.0306 
        1.09979         274.237         52.2636 
        1.11537         266.719         50.5936 
        1.13105         263.659         48.9869 
        1.14679         259.703         47.4441 
        1.16256         257.075         45.9649 
        1.17828         252.862          44.554 
        1.19395         246.233         43.2073 
         1.2097         246.002         41.9096 
        1.22537         241.451         40.6717 
          1.241         236.763         39.4877 
        1.25666         233.941         38.3481 
        1.27241         229.676         37.2482 
        1.28819         226.444         36.1898 
        1.30392         223.662         35.1757 
        1.31957         218.055         34.2051 
        1.33529          215.46         33.2677 
        1.35108         213.176         32.3619 
        1.36674         208.835         31.4963 
         1.3824          206.77         30.6633 
        1.39811         204.149         29.8578 
        1.41389         198.734         29.0782 
        1.42964         196.734         28.3279 
        1.44531         194.103         27.6077 
        1.46101         191.124         26.9112 
        1.47667         188.317         26.2408 
        1.49229         185.721         25.5951 
        1.50793         182.998         24.9705 
        1.52367         180.706         24.3628 
        1.53953         176.308         23.7712 
        1.55526         176.015         23.2041 
        1.57092         173.998         22.6579 
        1.58662         169.476          22.128 
        1.60235         167.982         21.6141 
        1.61809         164.889         21.1163 
        1.63369         162.377         20.6386 
        1.64941         160.913         20.1723 
        1.66519         158.341         19.7188 
        1.68085         155.684         19.2825 
        1.69652          153.89         18.8593 
        1.71228         151.796         18.4464 
        1.72806         149.458         18.0456 
        1.74368         148.102         17.6608 
        1.75933         146.518         17.2864 
        1.77505         143.856         16.9211 
        1.79081         141.126         16.5658 
         1.8065         139.387         16.2222 
        1.82218         136.947         15.8887 
        1.83797         136.398         15.5623 
        1.85367         134.348         15.2469 
        1.86928         132.041         14.9421 
        1.88497         130.831          14.644 
        1.90073         129.413          14.353 
        1.91647         126.983         14.0702 
        1.93218         125.589         13.7955 
        1.94787         123.541         13.5287 
        1.96363         122.966         13.2678 
        1.97935         120.879         13.0144 
        1.99499         119.808          12.769 
        2.01064         117.154         12.5296 
         2.0264         115.894         12.2949 
        2.04216         114.467         12.0663 
        2.05781         112.861          11.845 
        2.07353         111.269         11.6284 
        2.08928          110.02         11.4168 
        2.10499         108.621          11.211 
        2.12065         107.731         11.0109 
        2.13633         106.417         10.8156 
        2.15211         104.723         10.6237 
        2.16785         103.024          10.437 
        2.18349         101.808          10.256 
        2.19916         100.924         10.0789 
        2.21489         99.5885         9.90539 
        2.23063          97.803         9.73586 
         2.2463         97.3076         9.57107 
        2.26194         95.8853         9.41051 
        2.27765         94.6157         9.25281 
        2.29341         93.6366         9.09832 
        2.30914          92.606         8.94768 
        2.32486         90.8085         8.80054 
        2.34061         90.4237         8.65647 
        2.35635         88.9438         8.51576 
        2.37203         87.5875         8.37866 
        2.38768         86.6817         8.24487 
        2.40339          86.035         8.11351 
        2.41914         84.4441         7.98472 
        2.43483         83.6106         7.85918 
         2.4505         82.7951         7.73655 
        2.46622         81.6684         7.61612 
        2.48195         80.7532         7.49825 
        2.49759         79.6451         7.38351 
        2.51328         79.0633         7.27087 
        2.52906          77.399         7.15986 
        2.54479         76.7742          7.0516 
        2.56049         75.6823         6.94578 
        2.57618         74.6409         6.84223 
        2.59189         74.2596         6.74063 
        2.60758         72.9383         6.64126 
        2.62325         72.4339         6.54401 
        2.63898         71.4778         6.44838 
        2.65468         70.5778         6.35485 
        2.67044         69.6864         6.26279 
        2.68618         69.0813         6.17276 
        2.70184         67.9311         6.08486 
        2.71755         67.2335         5.99845 
        2.73329         66.3545         5.91359 
        2.74897         65.9559         5.83065 
        2.76462         65.0953         5.74949 
        2.78034         64.2546         5.66953 
        2.79607         63.5369         5.59102 
        2.81179         62.8232         5.51408 
        2.82749         62.4065         5.43867 
        2.84321         61.6493          5.3646 
        2.85893         61.0219         5.29192 
        2.87462         60.2123         5.22072 
        2.89033         59.5538         5.15076 
        2.90605         59.0417         5.08202 
        2.92176         58.0766         5.01458 
        2.93747         57.5713         4.94839 
        2.95318         56.9982         4.88338 
        2.96891         56.2701         4.81951 
        2.98456         55.7307         4.75707 
        3.00023         54.9687         4.69565 
        3.01596         54.6555         4.63511 
        3.03164         53.9385         4.57582 
        3.04738         53.3301         4.51739 
         3.0631         52.5917            4.46 
        3.07883         52.1643         4.40361 
        3.09456         51.6116          4.3482 
        3.11026         50.9457         4.29383 
        3.12596         50.5902          4.2404 
        3.14163         49.8422           4.188 
        3.15734         49.3727         4.13636 
        3.17308         48.8973         4.08547 
        3.18879         48.2643         4.03557 
        3.20447         47.8606         3.98658 
         3.2202         47.2456         3.93825 
         3.2359         46.8893         3.89081 
        3.25157          46.311         3.84427 
        3.26729           45.81         3.79834 
        3.28304         45.4035         3.75307 
        3.29877         44.7849         3.70861 
        3.31446          44.567         3.66496 
        3.33014         44.0751         3.62205 
        3.34585           43.56         3.57976 
        3.36158          43.044         3.53808 
        3.37727         42.7298          3.4972 
        3.39294         42.3414           3.457 
        3.40867         41.9049         3.41729 
        3.42439         41.3276         3.37822 
        3.44008         40.9552         3.33984 
        3.45578         40.5605         3.30203 
        3.47153         40.2117         3.26472 
        3.48724         39.6323         3.22806 
        3.50292         39.1976         3.19204 
        3.51859         39.0222         3.15658 
        3.53431         38.3519         3.12156 
        3.55007         38.1322         3.08698 
        3.56577         37.7035         3.05307 
        3.58146         37.2828         3.01967 
        3.59719         36.9095          2.9867 
        3.61292         36.5622         2.95423 
        3.62859         36.2914         2.92237 
        3.64429         36.0556         2.89092 
        3.66003         35.5982         2.85983 
        3.67578         35.3026         2.82921 
        3.69146         34.9877         2.79916 
        3.70712         34.6279         2.76959 
        3.72284         34.3407         2.74035 
        3.73853         33.9704         2.71157 
        3.75422         33.6374          2.6832 
        3.76993          33.413         2.65521 
        3.78564         33.0229         2.62763 
        3.80137         32.7085          2.6004 
        3.81707         32.3824         2.57361 
        3.83279         32.0583         2.54718 
        3.84853         31.7427         2.52107 
        3.86424         31.5502         2.49539 
        3.87992         31.2468         2.47009 
        3.89561         31.0366         2.44515 
        3.91134         30.7151          2.4205 
        3.92704           30.39         2.39622 
        3.94273         30.1542          2.3723 
        3.95845         29.7842         2.34865 
        3.97418         29.5395         2.32533 
        3.98988         29.2132         2.30235 
        4.00554         28.9394         2.27975 
        4.02125         28.7109         2.25739 
        4.03698         28.5143         2.23529 
        4.05268         28.2355         2.21353 
        4.06839         27.9137         2.19205 
         4.0841         27.7401         2.17087 
        4.09983         27.4433         2.14993 
        4.11555         27.1893         2.12927 
        4.13124         27.0308         2.10895 
        4.14693         26.7529         2.08887 
        4.16266         26.4428         2.06901 
        4.17839         26.2447         2.04942 
        4.19408         25.9765         2.03012 
        4.20977         25.7886         2.01107 
        4.22551         25.6118         1.99221 
        4.24123         25.3306         1.97362 
        4.25691         25.1072         1.95531 
        4.27259         24.8781         1.93723 
        4.28831         24.6704         1.91934 
        4.30404         24.4106         1.90166 
        4.31974         24.2023         1.88425 
        4.33543         24.0146         1.86706 
        4.35116         23.8478         1.85004 
        4.36688         23.6524         1.83324 
        4.38255         23.4223         1.81671 
        4.39825         23.2015         1.80035 
        4.41398         23.0952         1.78416 
         4.4297         22.8301         1.76819 
        4.44541         22.6367         1.75241 
        4.46111         22.4547         1.73684 
        4.47683         22.2334         1.72145 
        4.49251         22.0649         1.70627 
        4.50819         21.8832         1.69128 
         4.5239         21.6578         1.67645 
        4.53962         21.5244         1.66178 
        4.55535         21.2932         1.64728 
        4.57106         21.1457         1.63297 
        4.58678         20.9695         1.61882 
         4.6025         20.8147         1.60485 
        4.61821         20.5716         1.59104 
        4.63391          20.427         1.57741 
         4.6496         20.2857         1.56394 
        4.66532         20.0772         1.55061 
        4.68103         19.9234         1.53744 
        4.69673         19.7814         1.52444 
        4.71241         19.6309          1.5116 
        4.72811         19.4425         1.49889 
        4.74384           19.31         1.48631 
        4.75955         19.0894         1.47389 
        4.77525         18.9788         1.46162 
        4.79096         18.8369         1.44947 
        4.80669         18.6793         1.43746 
         4.8224          18.548         1.42559 
        4.83809          18.415         1.41388 
        4.85379         18.2175         1.40228 
         4.8695         18.0401         1.39081 
        4.88521         17.9293         1.37947 
        4.90093          17.811         1.36826 
        4.91663         17.6523         1.35718 
        4.93234          17.509         1.34621 
        4.94807         17.3813         1.33535 
        4.96377         17.1936         1.32464 
        4.97943         17.0932         1.31406 
        4.99514         16.9716         1.30358 
        5.01086         16.7935          1.2932 
        5.02654          16.736         1.28295 
        5.04227         16.5398         1.27279 
          5.058         16.4441         1.26274 
        5.07371         16.3463         1.25281 
        5.08942         16.1396         1.24299 
        5.10513         16.0579         1.23327 
        5.12084         15.8996         1.22365 
        5.13656         15.7911         1.21414 
        5.15225         15.6253         1.20474 
        5.16796         15.5682         1.19543 
        5.18369          15.439         1.18621 
         5.1994         15.3318          1.1771 
        5.21509         15.2182          1.1681 
        5.23079         15.0975         1.15918 
        5.24649         14.9987         1.15035 
        5.26217          14.847         1.14163 
        5.27788         14.7491         1.13299 
        5.29359         14.6334         1.12443 
        5.30933         14.5259         1.11595 
        5.32504         14.3929         1.10757 
        5.34073         14.2854         1.09928 
        5.35646         14.2015         1.09107 
        5.37218         14.0865         1.08293 
        5.38789          13.984          1.0749 
        5.40357         13.8955         1.06695 
        5.41929         13.7881         1.05907 
        5.43502         13.6559         1.05126 
         5.4507         13.5706         1.04355 
        5.46639         13.4712         1.03592 
        5.48212          13.369         1.02835 
        5.49786          13.268         1.02084 
        5.51353         13.1764         1.01344 
        5.52921         13.0726         1.00611 
        5.54495         12.9919        0.998836 
        5.56066         12.8923        0.991638 
        5.57637         12.7977        0.984511 
        5.59207         12.6817        0.977461 
        5.60778         12.6073        0.970477 
        5.62346         12.5269        0.963571 
        5.63916         12.4131        0.956726 
        5.65487         12.3618        0.949944 
         5.6706         12.2344        0.943219 
        5.68633         12.1514        0.936557 
        5.70203         12.0656        0.929973 
        5.71773         11.9797        0.923454 
        5.73344         11.8941        0.916993 
        5.74916         11.8088        0.910588 
        5.76486         11.7221        0.904253 
        5.78054         11.6345        0.897989 
        5.79626         11.5632        0.891765 
          5.812         11.4947        0.885595 
         5.8277         11.4015        0.879501 
        5.84339          11.312        0.873465 
        5.85911         11.2239        0.867473 
        5.87484         11.1595        0.861539 
        5.89053         11.0777        0.855671 
        5.90623         10.9874        0.849856 
        5.92195          10.908        0.844085 
        5.93767         10.8415         0.83837 
        5.95336         10.7908        0.832718 
        5.96905         10.6843         0.82712 
        5.98476         10.6153        0.821566 
        6.00048         10.5358         0.81606 
        6.01617         10.4782        0.810613 
        6.03185         10.4041        0.805222 
        6.04756         10.3081        0.799866 
        6.06331         10.2401        0.794549 
        6.07903         10.1758         0.78929 
        6.09473         10.1042        0.784084 
        6.11044         10.0323        0.778921 
        6.12616         9.97012        0.773804 
        6.14186         9.90227        0.768739 
        6.15755         9.84237        0.763719 
        6.17326         9.76146         0.75874 
        6.18898         9.69696        0.753804 
        6.20467         9.63406        0.748919 
        6.22036          9.5789        0.744079 
         6.2361         9.51889        0.739268 
         6.2518         9.46226        0.734508 
        6.26748         9.38496          0.7298 
        6.28319         9.32482         0.72512 
        6.29893         9.25051        0.720477 
        6.31463         9.19077        0.715883 
        6.33033         9.12222         0.71133 
        6.34604         9.07233        0.706814 
        6.36177         9.01413        0.702332 
        6.37747          8.9458        0.697898 
        6.39316         8.88938        0.693504 
        6.40888         8.81176         0.68914 
         6.4246         8.77464        0.684813 
        6.44031         8.72363        0.680525 
        6.45601         8.64887         0.67628 
        6.47172          8.6015        0.672065 
        6.48744         8.53548        0.667885 
        6.50313         8.47683        0.663748 
        6.51882          8.4353        0.659647 
        6.53452         8.36569        0.655577 
        6.55025         8.32252        0.651534 
        6.56597         8.26874         0.64753 
        6.58166         8.21737        0.643565 
        6.59736         8.16097        0.639631 
        6.61307         8.10657        0.635726 
         6.6288         8.06079        0.631852 
         6.6445         8.01207        0.628015 
         6.6602         7.94133         0.62421 
        6.67592         7.90864        0.620433 
        6.69164         7.84657        0.616688 
        6.70735         7.80386        0.612975 
        6.72304         7.74638        0.609297 
        6.73874         7.70314        0.605648 
        6.75446         7.64532        0.602024 
        6.77016         7.60735        0.598435 
        6.78585         7.56006        0.594875 
        6.80156         7.50212        0.591343 
        6.81729         7.45938        0.587834 
        6.83301          7.4018        0.584354 
         6.8487         7.37499        0.580909 
         6.8644         7.33139        0.577491 
        6.88012         7.26518        0.574096 
        6.89583         7.23018        0.570732 
        6.91151          7.1852        0.567399 
        6.92723         7.13792        0.564085 
        6.94296         7.08951        0.560796 
        6.95866         7.05652        0.557538 
        6.97436         7.00643        0.554307 
        6.99007          6.9603          0.5511 
        7.00578         6.92324        0.547919 
        7.02147         6.88005        0.544765 
        7.03718          6.8338        0.541634 
         7.0529         6.80102        0.538524 
        7.06863         6.74557        0.535437 
        7.08433         6.71267        0.532379 
        7.10004         6.67118        0.529346 
        7.11575         6.64178        0.526335 
        7.13145         6.60285        0.523349 
        7.14715         6.54179        0.520386 
        7.16284         6.50688         0.51745 
        7.17855         6.47818         0.51453 
        7.19428         6.43033         0.51163 
        7.20998         6.38685        0.508757 
        7.22568         6.36054        0.505907 
        7.24139         6.31782        0.503078 
        7.25711         6.27719        0.500269 
        7.27282         6.24287        0.497482 
        7.28852         6.19806        0.494719 
        7.30423         6.16949        0.491973 
        7.31995         6.13468         0.48925 
        7.33565          6.0928        0.486548 
        7.35135         6.05778        0.483866 
        7.36706         6.02388        0.481206 
        7.38277         5.98998        0.478563 
        7.39847         5.95251        0.475942 
        7.41419          5.9147        0.473338 
         7.4299         5.88617        0.470755 
        7.44561          5.8403        0.468191 
        7.46132         5.81639        0.465647 
        7.47701         5.78569        0.463124 
        7.49272          5.7523        0.460617 
        7.50842         5.71657         0.45813 
         7.5241         5.67579        0.455665 
        7.53981         5.64935        0.453213 
        7.55552         5.61766        0.450779 
        7.57125         5.57918        0.448361 
        7.58698         5.55379        0.445959 
        7.60268         5.51656        0.443581 
         7.6184         5.48916        0.441217 
        7.63411         5.45658         0.43887 
        7.64981          5.4183        0.436543 
        7.66552         5.39486        0.434232 
        7.68123         5.36255        0.431937 
        7.69695         5.33012        0.429657 
        7.71264         5.29863        0.427397 
        7.72834         5.27194        0.425153 
        7.74407          5.2463        0.422921 
        7.75978         5.21449        0.420707 
        7.77546         5.18696        0.418513 
        7.79116         5.15396        0.416333 
         7.8069         5.12192        0.414163 
         7.8226         5.10391        0.412013 
        7.83828         5.06809        0.409881 
        7.85399         5.03809        0.407762 
        7.86972         5.01377        0.405653 
        7.88543         4.98225        0.403563 
        7.90111         4.96236        0.401491 
        7.91681         4.92287         0.39943 
        7.93255          4.8975        0.397381 
        7.94828         4.87659        0.395346 
        7.96397         4.84198        0.393329 
        7.97967         4.81707        0.391327 
        7.99538         4.79383        0.389337 
         8.0111         4.76138         0.38736 
         8.0268         4.73932        0.385398 
        8.04248         4.72323        0.383453 
         8.0582         4.69302        0.381517 
        8.07393         4.66773        0.379592 
        8.08963         4.64325        0.377685 
        8.10533           4.618        0.375791 
        8.12104         4.58848        0.373908 
        8.13675         4.55876        0.372038 
        8.15245         4.53558        0.370183 
        8.16815         4.51756         0.36834 
        8.18387         4.48957        0.366507 
        8.19959         4.46768        0.364687 
         8.2153         4.44457         0.36288 
        8.23101          4.4228        0.361086 
        8.24672         4.39441        0.359303 
        8.26241         4.37437        0.357536 
         8.2781         4.35165         0.35578 
        8.29381          4.3276        0.354033 
        8.30952         4.30314        0.352298 
        8.32524         4.27785        0.350574 
        8.34095           4.256        0.348862 
        8.35666         4.23414        0.347162 
        8.37237         4.21033        0.345473 
        8.38808          4.1922        0.343796 
        8.40379         4.16884         0.34213 
         8.4195         4.14614        0.340475 
         8.4352          4.1234        0.338831 
        8.45091         4.10798        0.337198 
        8.46662          4.0835        0.335575 
        8.48232         4.06886        0.333964 
        8.49802          4.0432        0.332364 
        8.51374         4.02188        0.330772 
        8.52945         3.99747        0.329191 
        8.54515         3.98343        0.327623 
        8.56086         3.96595        0.326062 
        8.57658         3.93597        0.324512 
        8.59228         3.92737        0.322973 
        8.60799          3.9026        0.321443 
        8.62371         3.88608        0.319923 
        8.63942         3.85835        0.318413 
        8.65512         3.84244        0.316914 
        8.67082         3.82651        0.315424 
        8.68653         3.80359        0.313944 
        8.70224         3.78752        0.312472 
        8.71795         3.77237        0.311011 
        8.73365         3.74996        0.309559 
        8.74936         3.72782        0.308116 
        8.76506         3.70914        0.306683 
        8.78076         3.69001        0.305259 
        8.79646         3.67472        0.303844 
        8.81218         3.65677        0.302437 
        8.82791         3.63781        0.301037 
         8.8436          3.6209        0.299649 
         8.8593             3.6         0.29827 
        8.87503         3.58673        0.296896 
        8.89076         3.57046        0.295532 
        8.90644         3.55419         0.29418 
        8.92214           3.532        0.292835 
        8.93786         3.52009        0.291497 
        8.95357         3.50055        0.290168 
        8.96928         3.48435        0.288848 
        8.98498         3.47199        0.287536 
        9.00069         3.45049        0.286232 
        9.01639         3.42714        0.284935 
        9.03208         3.42077        0.283649 
        9.04778         3.40386        0.282369 
        9.06351         3.38632        0.281096 
        9.07923         3.37115        0.279831 
        9.09493         3.35778        0.278575 
        9.11062         3.34134        0.277327 
        9.12635         3.32428        0.276085 
        9.14207         3.31051         0.27485 
        9.15777         3.29381        0.273625 
        9.17346         3.27654        0.272408 
        9.18917         3.26532        0.271196 
         9.2049         3.24775        0.269991 
        9.22061         3.23571        0.268795 
        9.23631         3.21931        0.267606 
        9.25201         3.20465        0.266425 
        9.26773         3.19021         0.26525 
        9.28343         3.17234        0.264082 
        9.29913         3.16019        0.262922 
        9.31484         3.14644        0.261769 
        9.33057         3.13476         0.26062 
        9.34627          3.1192         0.25948 
        9.36197         3.10194        0.258348 
        9.37768         3.09057        0.257221 
        9.39338         3.07591        0.256102 
        9.40909         3.06206         0.25499 
        9.42479         3.05096        0.253884 
         9.4405         3.03489        0.252785 
        9.45621         3.01887        0.251691 
        9.47193         3.00871        0.250604 
        9.48763         2.99661        0.249525 
        9.50334         2.98082        0.248451 
        9.51906         2.96868        0.247384 
        9.53476         2.95916        0.246323 
        9.55045         2.94361        0.245269 
        9.56616          2.9349        0.244221 
        9.58188         2.92043        0.243177 
        9.59759         2.90533         0.24214 
         9.6133         2.89674        0.241109 
        9.62901         2.88422        0.240084 
        9.64471         2.87149        0.239065 
        9.66041         2.85762        0.238051 
        9.67612         2.84256        0.237042 
        9.69184         2.83122        0.236039 
        9.70754         2.82147        0.235043 
        9.72324         2.81106        0.234052 
        9.73895         2.79899        0.233068 
        9.75467          2.7852        0.232089 
        9.77038         2.77517        0.231117 
        9.78607          2.7643        0.230153 
        9.80177         2.75019        0.229195 
        9.81749          2.7422        0.228242 
         9.8332          2.7338        0.227297 
         9.8489         2.71872        0.226358 
        9.86463         2.70878        0.225423 
        9.88035         2.69492        0.224494 
        9.89606         2.68725         0.22357 
        9.91175         2.67665        0.222651 
        9.92745         2.66446        0.221734 
        9.94317         2.65484         0.22082 
        9.95888         2.64505        0.219908 
        9.97458         2.63605        0.218997 
        9.99029          2.6252        0.218087 
         10.006         2.61603        0.217526 
        10.0217         2.60273        0.217526 
        10.0374         2.59317        0.217526 
        10.0531         2.58439        0.217526 
        10.0688         2.57419        0.217526 
        10.0845         2.56409        0.217526 
        10.1002         2.55494        0.217526 
        10.1159         2.54385        0.217526 
        10.1317         2.53887        0.217526 
        10.1474         2.52146        0.217526 
        10.1631         2.51741        0.217526 
        10.1788         2.50817        0.217526 
        10.1945         2.49587        0.217526 
        10.2102         2.48736        0.217526 
        10.2259         2.47929        0.217526 
        10.2416         2.46907        0.217526 
        10.2573          2.4603        0.217526 
         10.273         2.45266        0.217526 
        10.2887         2.44425        0.217526 
        10.3044         2.43427        0.217526 
        10.3201          2.4265        0.217526 
        10.3359         2.41643        0.217526 
        10.3516         2.40909        0.217526 
        10.3673         2.40262        0.217526 
         10.383         2.39419        0.217526 
        10.3987         2.38586        0.217526 
        10.4144         2.37823        0.217526 
        10.4301         2.36679        0.217526 
        10.4458         2.35756        0.217526 
        10.4615         2.35143        0.217526 
        10.4772         2.34366        0.217526 
        10.4929         2.33791        0.217526 
        10.5086         2.32427        0.217526 
        10.5244          2.3198        0.217526 
        10.5401         2.31125        0.217526 
        10.5558         2.30606        0.217526 
        10.5715          2.2981        0.217526 
        10.5872         2.29057        0.217526 
        10.6029         2.28225        0.217526 
        10.6186         2.27681        0.217526 
        10.6343         2.27159        0.217526 
          10.65         2.25786        0.217526 
        10.6657         2.25519        0.217526 
        10.6814         2.25153        0.217526 
        10.6971         2.24279        0.217526 
        10.7129          2.2349        0.217526 
        10.7286         2.22689        0.217526 
        10.7443         2.22071        0.217526 
          10.76         2.21261        0.217526 
        10.7757         2.20953        0.217526 
        10.7914         2.20174        0.217526 
        10.8071          2.1944        0.217526 
        10.8228         2.18804        0.217526 
        10.8385         2.18422        0.217526 
        10.8542         2.17809        0.217526 
        10.8699         2.17216        0.217526 
        10.8856         2.16383        0.217526 
        10.9014         2.15897        0.217526 
        10.9171         2.15089        0.217526 
        10.9328         2.14669        0.217526 
        10.9485         2.14088        0.217526 
        10.9642         2.13663        0.217526 
        10.9799         2.12612        0.217526 
        10.9956         2.12472        0.217526 
        11.0113         2.11769        0.217526 
         11.027         2.11235        0.217526 
        11.0427         2.10651        0.217526 
        11.0584          2.1012        0.217526 
        11.0741         2.09632        0.217526 
        11.0898         2.09119        0.217526 
        11.1055         2.08573        0.217526 
        11.1212         2.07859        0.217526 
         11.137         2.07656        0.217526 
        11.1527         2.06986        0.217526 
        11.1684         2.06781        0.217526 
        11.1841         2.06152        0.217526 
        11.1998           2.056        0.217526 
        11.2155         2.05305        0.217526 
        11.2312         2.04956        0.217526 
        11.2469         2.04351        0.217526 
        11.2626         2.04022        0.217526 
        11.2783         2.03637        0.217526 
         11.294         2.02914        0.217526 
        11.3097           2.025        0.217526 
        11.3254         2.02218        0.217526 
        11.3412         2.01885        0.217526 
        11.3569         2.01536        0.217526 
        11.3726         2.01265        0.217526 
        11.3883         2.00653        0.217526 
         11.404          2.0015        0.217526 
        11.4197          2.0006        0.217526 
        11.4354         1.99748        0.217526 
        11.4511         1.99265        0.217526 
        11.4668         1.98988        0.217526 
        11.4825         1.98558        0.217526 
        11.4982         1.98217        0.217526 
         11.514         1.98029        0.217526 
        11.5297         1.97663        0.217526 
        11.5454         1.97084        0.217526 
        11.5611          1.9671        0.217526 
        11.5768         1.96607        0.217526 
        11.5925         1.96245        0.217526 
        11.6082         1.96206        0.217526 
        11.6239         1.95732        0.217526 
        11.6396         1.95441        0.217526 
        11.6553         1.95194        0.217526 
         11.671         1.94923        0.217526 
        11.6867         1.94652        0.217526 
        11.7024         1.94438        0.217526 
        11.7182         1.94278        0.217526 
        11.7339         1.94222        0.217526 
        11.7496          1.9376        0.217526 
        11.7653         1.93717        0.217526 
         11.781         1.93343        0.217526 
        11.7967         1.92951        0.217526 
        11.8124         1.92899        0.217526 
        11.8281         1.92844        0.217526 
        11.8438         1.92898        0.217526 
        11.8595         1.92682        0.217526 
        11.8752          1.9229        0.217526 
         11.891         1.92164        0.217526 
        11.9067         1.91903        0.217526 
        11.9224         1.91993        0.217526 
        11.9381         1.91956        0.217526 
        11.9538         1.91539        0.217526 
        11.9695         1.91731        0.217526 
        11.9852         1.91363        0.217526 
        12.0009         1.91602        0.217526 
        12.0166         1.91512        0.217526 
        12.0323         1.91247        0.217526 
         12.048         1.91145        0.217526 
        12.0637         1.90977        0.217526 
