#  k  (h/Mpc)          P(k)  (Mpc/h)^3     P_linear(k) (Mpc/h)^3
      0.0200456         29732.2         30266.4 
      0.0350414         24412.3           23732 
      0.0492313         18024.5           18803 
      0.0637834         14223.1         15289.8 
      0.0800726         10741.2           11550 
       0.096163         9253.15         9084.82 
       0.111083         7852.06         7690.28 
       0.126058         6290.53         6392.82 
       0.142273         5477.99         5202.07 
       0.158546         4622.04         4431.56 
        0.17375         4258.49         3855.61 
       0.188953          4078.6         3314.65 
       0.204907         3519.36          2869.3 
       0.220756         3223.07         2536.01 
        0.23588         2903.57         2252.52 
         0.2514         2662.94         1995.92 
       0.267535         2544.14         1780.02 
       0.283568         2316.37          1599.5 
       0.299022         2210.39         1444.39 
       0.314451         2288.67         1309.57 
       0.330372          2108.6         1190.72 
       0.346141         1958.71         1086.99 
       0.361624          1863.1         996.246 
       0.377134         1816.65         915.993 
       0.392932         1710.16         843.677 
       0.408854         1659.57         778.472 
       0.424564         1627.33         720.718 
       0.440253         1553.78         669.023 
       0.455999         1482.28         622.282 
       0.471626         1466.19         580.243 
        0.48727         1413.79         542.038 
       0.502856         1393.03         507.418 
       0.518488         1326.52         475.732 
       0.534347         1286.79         446.339 
       0.550082         1254.03         419.634 
       0.565732         1219.69         395.248 
       0.581496         1185.58         372.645 
       0.597222         1181.25         351.859 
       0.612804         1139.69         332.833 
       0.628434          1103.7         315.168 
       0.644267         1085.39         298.585 
       0.660051         1058.35         283.246 
       0.675724         1047.45         269.083 
       0.691403         1001.37         255.887 
       0.707174         982.783          243.51 
       0.722871         978.444         232.007 
        0.73838         939.293         221.374 
       0.754018          940.99         211.331 
       0.769845         910.196         201.802 
        0.78569         887.712         192.854 
       0.801365         871.322         184.538 
       0.817031         855.044         176.719 
       0.832809          838.21         169.304 
       0.848511          807.91         162.349 
       0.864097         800.496         155.833 
       0.879701         796.389          149.67 
       0.895507         779.701         143.769 
       0.911279          769.44         138.199 
        0.92691         753.316         132.972 
       0.942635         732.242         127.987 
       0.958396           732.1         123.248 
       0.974128         710.689         118.759 
       0.989692         700.357         114.539 
        1.00528         685.054         110.518 
        1.02113         671.612         106.629 
        1.03692         656.495         102.942 
        1.05264         650.712         99.4475 
        1.06832         641.108         96.1213 
        1.08405         627.809         92.9391 
        1.09979         618.277         89.8998 
        1.11537         600.993         87.0271 
        1.13105         594.492         84.2634 
        1.14679          586.63         81.6095 
        1.16256         577.015         79.0653 
        1.17828         571.026         76.6383 
        1.19395         557.246         74.3218 
         1.2097         543.416         72.0896 
        1.22537         537.193         69.9602 
          1.241         524.673         67.9236 
        1.25666         514.256         65.9633 
        1.27241         511.213         64.0714 
        1.28819          501.47         62.2508 
        1.30392         494.443         60.5065 
        1.31957         484.473         58.8369 
        1.33529          476.63         57.2245 
        1.35108         474.557         55.6663 
        1.36674         466.249         54.1775 
         1.3824         457.999         52.7446 
        1.39811         450.597          51.359 
        1.41389         445.633          50.018 
        1.42964         435.055         48.7273 
        1.44531         432.101         47.4886 
        1.46101         421.943         46.2905 
        1.47667         418.203         45.1373 
        1.49229         414.215         44.0267 
        1.50793         402.069         42.9523 
        1.52367         399.378         41.9069 
        1.53953          391.61         40.8894 
        1.55526          382.08         39.9139 
        1.57092         378.182         38.9743 
        1.58662         374.418         38.0629 
        1.60235         368.162         37.1789 
        1.61809         360.953         36.3226 
        1.63369         356.948         35.5009 
        1.64941         352.241         34.6989 
        1.66519         347.507         33.9188 
        1.68085         338.375         33.1683 
        1.69652         335.969         32.4403 
        1.71228         331.134         31.7301 
        1.72806         325.099         31.0406 
        1.74368         321.742         30.3786 
        1.75933         316.568         29.7347 
        1.77505         312.214         29.1064 
        1.79081         308.824         28.4952 
         1.8065         304.258         27.9042 
        1.82218         298.039         27.3305 
        1.83797         295.559          26.769 
        1.85367         290.921         26.2265 
        1.86928          286.32         25.7022 
        1.88497         282.074         25.1895 
        1.90073         279.093         24.6889 
        1.91647         275.127         24.2024 
        1.93218         271.231           23.73 
        1.94787         268.705          23.271 
        1.96363         264.822         22.8223 
        1.97935         258.848         22.3863 
        1.99499          257.68         21.9643 
        2.01064         252.744         21.5525 
         2.0264         249.087         21.1487 
        2.04216          245.73         20.7555 
        2.05781          240.51         20.3748 
        2.07353          239.46         20.0023 
        2.08928         235.018         19.6382 
        2.10499         233.895         19.2843 
        2.12065         230.536         18.9401 
        2.13633         226.509         18.6041 
        2.15211         223.519          18.274 
        2.16785         220.874         17.9529 
        2.18349         216.906         17.6415 
        2.19916         215.444         17.3369 
        2.21489          212.39         17.0385 
        2.23063         209.928         16.7469 
         2.2463         206.833         16.4634 
        2.26194         202.742         16.1872 
        2.27765         200.749          15.916 
        2.29341         198.802         15.6502 
        2.30914           195.6         15.3911 
        2.32486         195.024          15.138 
        2.34061         191.339         14.8902 
        2.35635         189.098         14.6481 
        2.37203         186.573         14.4123 
        2.38768         184.615         14.1822 
        2.40339         181.582         13.9562 
        2.41914         180.159         13.7347 
        2.43483         177.435         13.5187 
         2.4505         175.109         13.3078 
        2.46622         173.375         13.1007 
        2.48195         171.369         12.8979 
        2.49759         169.431         12.7005 
        2.51328         166.903         12.5068 
        2.52906         165.048         12.3158 
        2.54479         162.784         12.1296 
        2.56049         160.758         11.9476 
        2.57618          159.43         11.7695 
        2.59189         157.855         11.5947 
        2.60758         155.721         11.4238 
        2.62325         153.052         11.2565 
        2.63898          151.61          11.092 
        2.65468         149.988         10.9311 
        2.67044         148.495         10.7727 
        2.68618         146.413         10.6179 
        2.70184         145.239         10.4667 
        2.71755         142.777         10.3181 
        2.73329         141.597         10.1721 
        2.74897          140.03         10.0294 
        2.76462         138.377         9.88981 
        2.78034         137.029         9.75228 
        2.79607         135.061         9.61723 
        2.81179         133.023         9.48488 
        2.82749         132.115         9.35518 
        2.84321         130.726         9.22775 
        2.85893         128.853         9.10275 
        2.87462         127.391         8.98026 
        2.89033         126.683         8.85993 
        2.90605         124.454         8.74169 
        2.92176         123.691         8.62568 
        2.93747         121.992         8.51183 
        2.95318         120.535         8.40001 
        2.96891         119.561         8.29015 
        2.98456         118.062         8.18274 
        3.00023         117.239         8.07708 
        3.01596         116.192         7.97295 
        3.03164         114.524         7.87096 
        3.04738         113.148         7.77046 
         3.0631         111.935         7.67175 
        3.07883         110.944         7.57474 
        3.09456         109.738         7.47943 
        3.11026         108.362         7.38591 
        3.12596         107.579           7.294 
        3.14163         106.037         7.20386 
        3.15734         105.055         7.11504 
        3.17308         103.882          7.0275 
        3.18879           102.6         6.94167 
        3.20447         101.883          6.8574 
         3.2202         100.368         6.77427 
         3.2359         99.5506         6.69267 
        3.25157         98.7277          6.6126 
        3.26729         97.4778          6.5336 
        3.28304         96.7105         6.45574 
        3.29877          95.541         6.37925 
        3.31446         94.5364         6.30417 
        3.33014         93.6365         6.23036 
        3.34585         92.8908         6.15762 
        3.36158         91.6023         6.08593 
        3.37727         90.5454          6.0156 
        3.39294         90.0712         5.94646 
        3.40867         89.0186         5.87815 
        3.42439         88.1027         5.81095 
        3.44008         87.1659         5.74493 
        3.45578          86.471         5.67989 
        3.47153         85.6967         5.61572 
        3.48724         84.6768         5.55265 
        3.50292         83.9631         5.49069 
        3.51859         83.2791         5.42971 
        3.53431         82.0862         5.36946 
        3.55007         81.3164         5.30999 
        3.56577         80.5803         5.25164 
        3.58146         79.9335          5.1942 
        3.59719         78.9202         5.13749 
        3.61292         78.2629         5.08164 
        3.62859         77.3144         5.02683 
        3.64429         76.8405         4.97273 
        3.66003         76.0033         4.91925 
        3.67578         75.1684         4.86659 
        3.69146         74.5242         4.81489 
        3.70712         73.8293         4.76403 
        3.72284         73.1239         4.71373 
        3.73853         72.6278         4.66423 
        3.75422         71.8443         4.61543 
        3.76993         71.0326         4.56729 
        3.78564         70.4051         4.51985 
        3.80137         69.6901         4.47301 
        3.81707         68.8439         4.42692 
        3.83279         68.3253         4.38146 
        3.84853         67.9618         4.33655 
        3.86424         67.1323         4.29237 
        3.87992         66.4915         4.24886 
        3.89561         65.8673         4.20595 
        3.91134         65.3213         4.16355 
        3.92704         64.6759         4.12179 
        3.94273         64.1628         4.08063 
        3.95845         63.4191         4.03997 
        3.97418         63.1575         3.99985 
        3.98988         62.4376         3.96033 
        4.00554         61.7402         3.92145 
        4.02125         61.0672         3.88298 
        4.03698         60.5891         3.84496 
        4.05268         60.0945         3.80755 
        4.06839         59.4418          3.7706 
         4.0841         59.1174         3.73415 
        4.09983         58.5876         3.69814 
        4.11555           57.88         3.66261 
        4.13124         57.5133         3.62765 
        4.14693         56.7676         3.59311 
        4.16266         56.3407         3.55895 
        4.17839         55.8976         3.52524 
        4.19408         55.4442         3.49206 
        4.20977         54.9493         3.45928 
        4.22551         54.4485         3.42685 
        4.24123         53.9928         3.39486 
        4.25691         53.5864         3.36337 
        4.27259         53.0852         3.33227 
        4.28831         52.5224          3.3015 
        4.30404         52.0991         3.27109 
        4.31974         51.6597         3.24113 
        4.33543         51.2741         3.21156 
        4.35116         50.8066         3.18229 
        4.36688         50.3137         3.15339 
        4.38255         49.9349         3.12496 
        4.39825         49.5693         3.09682 
        4.41398         49.0506         3.06897 
         4.4297         48.7029          3.0415 
        4.44541          48.221         3.01436 
        4.46111         47.7322         2.98757 
        4.47683         47.4564          2.9611 
        4.49251         47.0113         2.93499 
        4.50819         46.6858         2.90921 
         4.5239         46.1604          2.8837 
        4.53962         45.9104         2.85846 
        4.55535         45.5248         2.83351 
        4.57106          45.109          2.8089 
        4.58678         44.8032         2.78457 
         4.6025         44.2772         2.76053 
        4.61821         43.9064         2.73677 
        4.63391         43.5852         2.71333 
         4.6496         43.2429         2.69017 
        4.66532         42.8358         2.66724 
        4.68103         42.5354         2.64459 
        4.69673         42.1995         2.62222 
        4.71241         41.8405         2.60014 
        4.72811         41.4917         2.57827 
        4.74384         41.1842         2.55663 
        4.75955         40.7686         2.53526 
        4.77525         40.4656         2.51416 
        4.79096         40.1108         2.49327 
        4.80669         39.7653          2.4726 
         4.8224         39.5284         2.45219 
        4.83809         39.1381         2.43204 
        4.85379          38.983          2.4121 
         4.8695         38.4184         2.39236 
        4.88521         38.2555         2.37286 
        4.90093         37.9072         2.35357 
        4.91663         37.6281         2.33451 
        4.93234         37.3053         2.31564 
        4.94807         37.0748         2.29697 
        4.96377         36.7102         2.27854 
        4.97943         36.4181         2.26035 
        4.99514          36.197         2.24231 
        5.01086         35.8697         2.22445 
        5.02654         35.6038         2.20684 
        5.04227         35.3146         2.18936 
          5.058         34.9817         2.17206 
        5.07371         34.7677         2.15499 
        5.08942         34.4486         2.13809 
        5.10513         34.2665         2.12138 
        5.12084         33.9994         2.10483 
        5.13656         33.7123         2.08847 
        5.15225         33.4386         2.07231 
        5.16796         33.2162         2.05629 
        5.18369         32.9254         2.04042 
         5.1994         32.6338         2.02476 
        5.21509         32.4795         2.00927 
        5.23079         32.1575         1.99392 
        5.24649         31.9104         1.97875 
        5.26217         31.6564         1.96374 
        5.27788         31.4558         1.94887 
        5.29359          31.098         1.93415 
        5.30933          30.933         1.91957 
        5.32504         30.6883         1.90515 
        5.34073          30.427          1.8909 
        5.35646         30.2246         1.87677 
        5.37218         29.9947         1.86278 
        5.38789         29.8129         1.84895 
        5.40357          29.565         1.83528 
        5.41929         29.3434         1.82172 
        5.43502         29.0565         1.80829 
         5.4507         28.9068         1.79503 
        5.46639         28.6544         1.78191 
        5.48212         28.4021         1.76888 
        5.49786         28.2647         1.75597 
        5.51353         28.0342         1.74325 
        5.52921         27.8064         1.73064 
        5.54495         27.5581         1.71812 
        5.56066         27.3916         1.70574 
        5.57637         27.1964         1.69348 
        5.59207         26.9956         1.68135 
        5.60778         26.8059         1.66934 
        5.62346         26.5977         1.65746 
        5.63916         26.4274         1.64568 
        5.65487         26.2294         1.63402 
         5.6706         25.9999         1.62245 
        5.68633         25.8266         1.61099 
        5.70203         25.6535         1.59967 
        5.71773         25.4494         1.58845 
        5.73344         25.2453         1.57734 
        5.74916         25.0951         1.56632 
        5.76486         24.9091         1.55543 
        5.78054         24.6806         1.54465 
        5.79626         24.5198         1.53394 
          5.812          24.316         1.52333 
         5.8277         24.1826         1.51285 
        5.84339         23.9648         1.50246 
        5.85911         23.7947         1.49216 
        5.87484         23.6512         1.48195 
        5.89053         23.4879         1.47186 
        5.90623         23.2589         1.46186 
        5.92195          23.194         1.45193 
        5.93767          22.953          1.4421 
        5.95336         22.7823         1.43238 
        5.96905         22.6257         1.42275 
        5.98476          22.494         1.41319 
        6.00048         22.3346         1.40372 
        6.01617         22.1608         1.39435 
        6.03185         22.0037         1.38508 
        6.04756         21.8422         1.37587 
        6.06331         21.6727         1.36672 
        6.07903         21.5693         1.35767 
        6.09473         21.3897         1.34872 
        6.11044         21.2454         1.33984 
        6.12616         21.1326         1.33104 
        6.14186         20.9639         1.32232 
        6.15755         20.7816         1.31369 
        6.17326         20.6432         1.30513 
        6.18898         20.5161         1.29663 
        6.20467         20.4323         1.28823 
        6.22036          20.196         1.27991 
         6.2361         20.0597         1.27163 
         6.2518         19.9386         1.26344 
        6.26748         19.8285         1.25534 
        6.28319         19.6607         1.24729 
        6.29893         19.5263         1.23931 
        6.31463         19.4141         1.23141 
        6.33033         19.2783         1.22357 
        6.34604         19.1456          1.2158 
        6.36177         18.9895          1.2081 
        6.37747         18.8599         1.20047 
        6.39316         18.7079         1.19291 
        6.40888         18.6387          1.1854 
         6.4246         18.4488         1.17796 
        6.44031         18.3205         1.17059 
        6.45601         18.1889         1.16328 
        6.47172         18.0906         1.15603 
        6.48744         17.9588         1.14884 
        6.50313         17.8295         1.14173 
        6.51882          17.703         1.13467 
        6.53452         17.6114         1.12767 
        6.55025         17.4807         1.12072 
        6.56597         17.3527         1.11383 
        6.58166         17.2695         1.10701 
        6.59736         17.1269         1.10024 
        6.61307         17.0156         1.09353 
         6.6288         16.9082         1.08686 
         6.6445         16.7646         1.08026 
         6.6602         16.6724         1.07372 
        6.67592         16.5561         1.06722 
        6.69164         16.4312         1.06078 
        6.70735         16.3468         1.05439 
        6.72304         16.2476         1.04806 
        6.73874         16.1055         1.04179 
        6.75446         16.0168         1.03555 
        6.77016         15.9056         1.02938 
        6.78585         15.7812         1.02326 
        6.80156         15.7133         1.01718 
        6.81729         15.5718         1.01115 
        6.83301         15.4842         1.00516 
         6.8487         15.3954        0.999235 
         6.8644         15.2783        0.993354 
        6.88012         15.1807        0.987515 
        6.89583         15.0811        0.981728 
        6.91151         14.9902        0.975995 
        6.92723         14.8529        0.970294 
        6.94296         14.7692        0.964636 
        6.95866         14.6665        0.959034 
        6.97436         14.5649        0.953476 
        6.99007         14.5064        0.947959 
        7.00578         14.3941        0.942486 
        7.02147         14.2968        0.937062 
        7.03718         14.2076        0.931676 
         7.0529         14.1082        0.926327 
        7.06863         14.0021        0.921017 
        7.08433         13.9346        0.915757 
        7.10004         13.8641        0.910539 
        7.11575         13.7492         0.90536 
        7.13145         13.6568        0.900223 
        7.14715         13.5576        0.895127 
        7.16284         13.4787        0.890076 
        7.17855         13.4038        0.885053 
        7.19428           13.32        0.880065 
        7.20998         13.2094        0.875124 
        7.22568         13.1289        0.870222 
        7.24139         13.0381        0.865355 
        7.25711         12.9926        0.860523 
        7.27282         12.8661        0.855728 
        7.28852         12.7972        0.850976 
        7.30423          12.708        0.846254 
        7.31995         12.6235        0.841569 
        7.33565         12.5581        0.836921 
        7.35135         12.4709        0.832309 
        7.36706          12.414        0.827732 
        7.38277         12.3149        0.823186 
        7.39847         12.2513        0.818677 
        7.41419         12.1722        0.814199 
         7.4299         12.0941        0.809755 
        7.44561         12.0338        0.805345 
        7.46132         11.9507        0.800969 
        7.47701         11.8473        0.796629 
        7.49272         11.7804        0.792317 
        7.50842         11.7256        0.788039 
         7.5241         11.6428        0.783798 
        7.53981         11.5582        0.779582 
        7.55552         11.4766        0.775395 
        7.57125         11.4024        0.771235 
        7.58698           11.34        0.767104 
        7.60268         11.2927        0.763012 
         7.6184         11.1931        0.758946 
        7.63411         11.1489         0.75491 
        7.64981         11.0586        0.750906 
        7.66552         11.0149        0.746932 
        7.68123         10.9442        0.742983 
        7.69695         10.8509        0.739062 
        7.71264         10.7927        0.735175 
        7.72834         10.7367        0.731315 
        7.74407         10.6476        0.727476 
        7.75978         10.5857        0.723666 
        7.77546         10.5281        0.719893 
        7.79116         10.4481        0.716143 
         7.8069          10.396        0.712411 
         7.8226         10.3462        0.708712 
        7.83828         10.2549        0.705045 
        7.85399         10.1985        0.701399 
        7.86972         10.1303        0.697772 
        7.88543         10.0689        0.694177 
        7.90111         10.0199        0.690613 
        7.91681          9.9616        0.687069 
        7.93255         9.88245        0.683543 
        7.94828         9.82849        0.680043 
        7.96397         9.75892        0.676574 
        7.97967         9.70308        0.673129 
        7.99538          9.6452        0.669706 
         8.0111         9.58911        0.666306 
         8.0268         9.54227        0.662932 
        8.04248          9.4706        0.659585 
         8.0582         9.41209        0.656255 
        8.07393          9.3603        0.652945 
        8.08963         9.30756        0.649663 
        8.10533          9.2418        0.646405 
        8.12104         9.20114        0.643167 
        8.13675          9.1175        0.639951 
        8.15245         9.07892        0.636759 
        8.16815         9.03187        0.633589 
        8.18387          8.9633        0.630437 
        8.19959         8.91342        0.627305 
         8.2153         8.85579        0.624198 
        8.23101         8.79543        0.621111 
        8.24672         8.75554        0.618045 
        8.26241         8.69556        0.615005 
         8.2781         8.63416        0.611984 
        8.29381         8.58684        0.608979 
        8.30952         8.54468        0.605996 
        8.32524          8.4931        0.603029 
        8.34095         8.43999        0.600085 
        8.35666         8.38864        0.597161 
        8.37237         8.34074        0.594256 
        8.38808         8.28971         0.59137 
        8.40379         8.23934        0.588504 
         8.4195         8.19007        0.585658 
         8.4352         8.13821         0.58283 
        8.45091         8.10573        0.580021 
        8.46662         8.04138         0.57723 
        8.48232         7.99771        0.574459 
        8.49802         7.95006        0.571706 
        8.51374           7.901        0.568968 
        8.52945         7.85857        0.566249 
        8.54515          7.8133        0.563551 
        8.56086         7.76029        0.560866 
        8.57658         7.71539          0.5582 
        8.59228          7.6659        0.555553 
        8.60799         7.63521        0.552921 
        8.62371         7.57453        0.550307 
        8.63942         7.53141         0.54771 
        8.65512         7.49555        0.545131 
        8.67082         7.43835        0.542568 
        8.68653         7.39895        0.540021 
        8.70224         7.36792         0.53749 
        8.71795          7.3139        0.534976 
        8.73365         7.27354        0.532478 
        8.74936         7.23334        0.529996 
        8.76506         7.19141        0.527532 
        8.78076         7.13916        0.525082 
        8.79646         7.10921        0.522648 
        8.81218         7.06456        0.520227 
        8.82791         7.02544         0.51782 
         8.8436         6.97011        0.515432 
         8.8593         6.94368        0.513061 
        8.87503         6.89675        0.510698 
        8.89076         6.85645        0.508351 
        8.90644         6.81501        0.506025 
        8.92214         6.78008        0.503712 
        8.93786         6.72898         0.50141 
        8.95357         6.69458        0.499124 
        8.96928         6.66723        0.496853 
        8.98498         6.62062        0.494596 
        9.00069         6.57885        0.492353 
        9.01639         6.53551        0.490123 
        9.03208         6.50355        0.487911 
        9.04778         6.47857         0.48571 
        9.06351          6.4329        0.483519 
        9.07923         6.39741        0.481343 
        9.09493         6.36054        0.479182 
        9.11062          6.3206        0.477036 
        9.12635         6.27825          0.4749 
        9.14207         6.24695        0.472776 
        9.15777         6.21488        0.470668 
        9.17346         6.18032        0.468574 
        9.18917         6.14673        0.466491 
         9.2049         6.11327        0.464418 
        9.22061         6.06881         0.46236 
        9.23631         6.04909        0.460315 
        9.25201         6.00093        0.458283 
        9.26773         5.96982        0.456262 
        9.28343         5.93551        0.454253 
        9.29913         5.90684        0.452258 
        9.31484         5.87788        0.450274 
        9.33057          5.8328        0.448298 
        9.34627         5.80255        0.446337 
        9.36197         5.76861         0.44439 
        9.37768         5.74027        0.442452 
        9.39338         5.70278        0.440527 
        9.40909         5.67654        0.438613 
        9.42479         5.64211        0.436711 
         9.4405         5.60635         0.43482 
        9.45621         5.57386        0.432939 
        9.47193         5.54325         0.43107 
        9.48763         5.51852        0.429213 
        9.50334         5.48904        0.427366 
        9.51906         5.44306         0.42553 
        9.53476         5.42389        0.423706 
        9.55045         5.38882        0.421893 
        9.56616         5.35846         0.42009 
        9.58188         5.33516        0.418294 
        9.59759         5.29751        0.416511 
         9.6133         5.26837        0.414737 
        9.62901         5.24641        0.412973 
        9.64471         5.20934         0.41122 
        9.66041         5.18248        0.409477 
        9.67612         5.15506        0.407741 
        9.69184         5.12979        0.406015 
        9.70754         5.09155        0.404302 
        9.72324         5.06642        0.402599 
        9.73895         5.04316        0.400905 
        9.75467         5.01597        0.399222 
        9.77038         4.98793         0.39755 
        9.78607         4.96493        0.395891 
        9.80177          4.9284        0.394243 
        9.81749         4.90042        0.392604 
         9.8332         4.87275        0.390978 
         9.8489         4.85007        0.389363 
        9.86463         4.82577        0.387755 
        9.88035         4.80357        0.386157 
        9.89606         4.76983        0.384568 
        9.91175           4.745        0.382986 
        9.92745          4.7174         0.38141 
        9.94317         4.69519        0.379837 
        9.95888         4.66418        0.378268 
        9.97458         4.64497        0.376702 
        9.99029         4.61238        0.375137 
         10.006          4.5947         0.37417 
        10.0217          4.5702         0.37417 
        10.0374         4.53594         0.37417 
        10.0531         4.51661         0.37417 
        10.0688         4.48996         0.37417 
        10.0845         4.46738         0.37417 
        10.1002         4.43482         0.37417 
        10.1159         4.42152         0.37417 
        10.1317          4.3902         0.37417 
        10.1474         4.37302         0.37417 
        10.1631         4.34751         0.37417 
        10.1788          4.3218         0.37417 
        10.1945         4.29924         0.37417 
        10.2102         4.27471         0.37417 
        10.2259         4.24915         0.37417 
        10.2416         4.23015         0.37417 
        10.2573         4.20878         0.37417 
         10.273         4.18596         0.37417 
        10.2887         4.16056         0.37417 
        10.3044         4.13972         0.37417 
        10.3201         4.11857         0.37417 
        10.3359          4.0937         0.37417 
        10.3516           4.072         0.37417 
        10.3673         4.04984         0.37417 
         10.383         4.03031         0.37417 
        10.3987         4.00594         0.37417 
        10.4144         3.99168         0.37417 
        10.4301         3.96115         0.37417 
        10.4458         3.94335         0.37417 
        10.4615         3.92431         0.37417 
        10.4772         3.90251         0.37417 
        10.4929         3.88102         0.37417 
        10.5086         3.86321         0.37417 
        10.5244         3.83682         0.37417 
        10.5401         3.81787         0.37417 
        10.5558         3.80134         0.37417 
        10.5715         3.78169         0.37417 
        10.5872         3.76017         0.37417 
        10.6029         3.73544         0.37417 
        10.6186         3.72075         0.37417 
        10.6343         3.69719         0.37417 
          10.65         3.68034         0.37417 
        10.6657         3.66031         0.37417 
        10.6814         3.63905         0.37417 
        10.6971         3.62481         0.37417 
        10.7129         3.60262         0.37417 
        10.7286         3.58474         0.37417 
        10.7443         3.56445         0.37417 
          10.76         3.54735         0.37417 
        10.7757         3.52728         0.37417 
        10.7914         3.51027         0.37417 
        10.8071          3.4884         0.37417 
        10.8228         3.46897         0.37417 
        10.8385         3.45159         0.37417 
        10.8542         3.43648         0.37417 
        10.8699         3.41352         0.37417 
        10.8856         3.39994         0.37417 
        10.9014         3.37891         0.37417 
        10.9171         3.36347         0.37417 
        10.9328         3.34917         0.37417 
        10.9485         3.33061         0.37417 
        10.9642         3.30879         0.37417 
        10.9799         3.29426         0.37417 
        10.9956         3.27796         0.37417 
        11.0113         3.25828         0.37417 
         11.027         3.24697         0.37417 
        11.0427         3.22505         0.37417 
        11.0584         3.20916         0.37417 
        11.0741         3.19234         0.37417 
        11.0898         3.17446         0.37417 
        11.1055         3.15983         0.37417 
        11.1212         3.14339         0.37417 
         11.137         3.12794         0.37417 
        11.1527         3.11072         0.37417 
        11.1684         3.09376         0.37417 
        11.1841         3.07669         0.37417 
        11.1998         3.06524         0.37417 
        11.2155         3.04894         0.37417 
        11.2312         3.02556         0.37417 
        11.2469         3.01782         0.37417 
        11.2626         2.99993         0.37417 
        11.2783         2.98778         0.37417 
         11.294         2.96753         0.37417 
        11.3097         2.95469         0.37417 
        11.3254         2.93818         0.37417 
        11.3412         2.92043         0.37417 
        11.3569         2.90578         0.37417 
        11.3726         2.89561         0.37417 
        11.3883         2.88136         0.37417 
         11.404         2.86495         0.37417 
        11.4197          2.8498         0.37417 
        11.4354         2.83616         0.37417 
        11.4511         2.82216         0.37417 
        11.4668         2.80921         0.37417 
        11.4825          2.7924         0.37417 
        11.4982         2.77814         0.37417 
         11.514         2.76334         0.37417 
        11.5297         2.75014         0.37417 
        11.5454         2.73607         0.37417 
        11.5611         2.72421         0.37417 
        11.5768         2.70902         0.37417 
        11.5925         2.69461         0.37417 
        11.6082         2.68249         0.37417 
        11.6239         2.66622         0.37417 
        11.6396          2.6561         0.37417 
        11.6553         2.63924         0.37417 
         11.671         2.62744         0.37417 
        11.6867          2.6118         0.37417 
        11.7024         2.59965         0.37417 
        11.7182         2.58562         0.37417 
        11.7339         2.57372         0.37417 
        11.7496         2.56016         0.37417 
        11.7653         2.54798         0.37417 
         11.781         2.53523         0.37417 
        11.7967         2.52141         0.37417 
        11.8124         2.51094         0.37417 
        11.8281         2.49829         0.37417 
        11.8438         2.48467         0.37417 
        11.8595         2.47235         0.37417 
        11.8752         2.45737         0.37417 
         11.891         2.44881         0.37417 
        11.9067         2.43556         0.37417 
        11.9224         2.42502         0.37417 
        11.9381         2.40876         0.37417 
        11.9538         2.39988         0.37417 
        11.9695         2.38597         0.37417 
        11.9852         2.37483         0.37417 
        12.0009         2.36415         0.37417 
        12.0166         2.35082         0.37417 
        12.0323         2.33703         0.37417 
         12.048         2.32549         0.37417 
        12.0637         2.31594         0.37417 
