9.9900e-04 4.5435e-01 1.0797e-03
1.0059e-03 4.5526e-01 1.0796e-03
1.0129e-03 4.5616e-01 1.0795e-03
1.0199e-03 4.5706e-01 1.0794e-03
1.0270e-03 4.5796e-01 1.0793e-03
1.0341e-03 4.5886e-01 1.0792e-03
1.0413e-03 4.5975e-01 1.0791e-03
1.0486e-03 4.6065e-01 1.0789e-03
1.0558e-03 4.6153e-01 1.0788e-03
1.0632e-03 4.6242e-01 1.0787e-03
1.0705e-03 4.6330e-01 1.0785e-03
1.0780e-03 4.6418e-01 1.0784e-03
1.0854e-03 4.6506e-01 1.0782e-03
1.0930e-03 4.6594e-01 1.0780e-03
1.1006e-03 4.6681e-01 1.0778e-03
1.1082e-03 4.6768e-01 1.0777e-03
1.1159e-03 4.6854e-01 1.0775e-03
1.1236e-03 4.6941e-01 1.0773e-03
1.1314e-03 4.7027e-01 1.0771e-03
1.1393e-03 4.7113e-01 1.0768e-03
1.1472e-03 4.7198e-01 1.0766e-03
1.1551e-03 4.7283e-01 1.0764e-03
1.1632e-03 4.7368e-01 1.0762e-03
1.1712e-03 4.7453e-01 1.0759e-03
1.1794e-03 4.7537e-01 1.0757e-03
1.1875e-03 4.7621e-01 1.0754e-03
1.1958e-03 4.7705e-01 1.0752e-03
1.2041e-03 4.7789e-01 1.0749e-03
1.2124e-03 4.7872e-01 1.0746e-03
1.2209e-03 4.7955e-01 1.0743e-03
1.2293e-03 4.8037e-01 1.0741e-03
1.2379e-03 4.8120e-01 1.0738e-03
1.2465e-03 4.8202e-01 1.0735e-03
1.2551e-03 4.8283e-01 1.0732e-03
1.2638e-03 4.8365e-01 1.0729e-03
1.2726e-03 4.8446e-01 1.0725e-03
1.2814e-03 4.8527e-01 1.0722e-03
1.2903e-03 4.8608e-01 1.0719e-03
1.2993e-03 4.8688e-01 1.0716e-03
1.3083e-03 4.8768e-01 1.0712e-03
1.3174e-03 4.8848e-01 1.0709e-03
1.3265e-03 4.8927e-01 1.0705e-03
1.3357e-03 4.9006e-01 1.0702e-03
1.3450e-03 4.9085e-01 1.0698e-03
1.3543e-03 4.9164e-01 1.0694e-03
1.3637e-03 4.9242e-01 1.0691e-03
1.3732e-03 4.9320e-01 1.0687e-03
1.3827e-03 4.9398e-01 1.0683e-03
1.3923e-03 4.9475e-01 1.0679e-03
1.4020e-03 4.9552e-01 1.0675e-03
1.4117e-03 4.9629e-01 1.0671e-03
1.4215e-03 4.9705e-01 1.0667e-03
1.4313e-03 4.9781e-01 1.0663e-03
1.4413e-03 4.9857e-01 1.0659e-03
1.4513e-03 4.9933e-01 1.0655e-03
1.4614e-03 5.0008e-01 1.0650e-03
1.4715e-03 5.0083e-01 1.0646e-03
1.4817e-03 5.0158e-01 1.0642e-03
1.4920e-03 5.0232e-01 1.0637e-03
1.5023e-03 5.0306e-01 1.0633e-03
1.5128e-03 5.0380e-01 1.0628e-03
1.5233e-03 5.0454e-01 1.0624e-03
1.5338e-03 5.0527e-01 1.0619e-03
1.5445e-03 5.0600e-01 1.0615e-03
1.5552e-03 5.0673e-01 1.0610e-03
1.5660e-03 5.0745e-01 1.0605e-03
1.5769e-03 5.0817e-01 1.0601e-03
1.5878e-03 5.0889e-01 1.0596e-03
1.5988e-03 5.0960e-01 1.0591e-03
1.6099e-03 5.1031e-01 1.0586e-03
1.6211e-03 5.1102e-01 1.0581e-03
1.6323e-03 5.1173e-01 1.0576e-03
1.6437e-03 5.1243e-01 1.0571e-03
1.6551e-03 5.1313e-01 1.0566e-03
1.6666e-03 5.1383e-01 1.0561e-03
1.6781e-03 5.1452e-01 1.0556e-03
1.6898e-03 5.1521e-01 1.0551e-03
1.7015e-03 5.1590e-01 1.0546e-03
1.7133e-03 5.1659e-01 1.0541e-03
1.7252e-03 5.1727e-01 1.0535e-03
1.7372e-03 5.1795e-01 1.0530e-03
1.7492e-03 5.1862e-01 1.0525e-03
1.7614e-03 5.1930e-01 1.0520e-03
1.7736e-03 5.1997e-01 1.0514e-03
1.7859e-03 5.2064e-01 1.0509e-03
1.7983e-03 5.2130e-01 1.0503e-03
1.8108e-03 5.2196e-01 1.0498e-03
1.8233e-03 5.2262e-01 1.0492e-03
1.8360e-03 5.2328e-01 1.0487e-03
1.8487e-03 5.2393e-01 1.0481e-03
1.8616e-03 5.2458e-01 1.0476e-03
1.8745e-03 5.2523e-01 1.0470e-03
1.8875e-03 5.2587e-01 1.0464e-03
1.9006e-03 5.2651e-01 1.0459e-03
1.9138e-03 5.2715e-01 1.0453e-03
1.9270e-03 5.2779e-01 1.0447e-03
1.9404e-03 5.2842e-01 1.0442e-03
1.9539e-03 5.2905e-01 1.0436e-03
1.9674e-03 5.2968e-01 1.0430e-03
1.9811e-03 5.3030e-01 1.0424e-03
1.9948e-03 5.3092e-01 1.0418e-03
2.0087e-03 5.3154e-01 1.0413e-03
2.0226e-03 5.3216e-01 1.0407e-03
2.0367e-03 5.3277e-01 1.0401e-03
2.0508e-03 5.3338e-01 1.0395e-03
2.0650e-03 5.3399e-01 1.0389e-03
2.0794e-03 5.3459e-01 1.0383e-03
2.0938e-03 5.3520e-01 1.0377e-03
2.1083e-03 5.3579e-01 1.0371e-03
2.1230e-03 5.3639e-01 1.0365e-03
2.1377e-03 5.3698e-01 1.0359e-03
2.1525e-03 5.3757e-01 1.0353e-03
2.1675e-03 5.3816e-01 1.0347e-03
2.1825e-03 5.3875e-01 1.0341e-03
2.1976e-03 5.3933e-01 1.0334e-03
2.2129e-03 5.3991e-01 1.0328e-03
2.2283e-03 5.4048e-01 1.0322e-03
2.2437e-03 5.4106e-01 1.0316e-03
2.2593e-03 5.4163e-01 1.0310e-03
2.2750e-03 5.4220e-01 1.0304e-03
2.2908e-03 5.4276e-01 1.0297e-03
2.3067e-03 5.4333e-01 1.0291e-03
2.3227e-03 5.4389e-01 1.0285e-03
2.3388e-03 5.4444e-01 1.0279e-03
2.3550e-03 5.4500e-01 1.0273e-03
2.3713e-03 5.4555e-01 1.0266e-03
2.3878e-03 5.4610e-01 1.0260e-03
2.4044e-03 5.4665e-01 1.0254e-03
2.4211e-03 5.4719e-01 1.0247e-03
2.4379e-03 5.4773e-01 1.0241e-03
2.4548e-03 5.4827e-01 1.0235e-03
2.4718e-03 5.4881e-01 1.0228e-03
2.4890e-03 5.4934e-01 1.0222e-03
2.5062e-03 5.4987e-01 1.0216e-03
2.5236e-03 5.5040e-01 1.0209e-03
2.5411e-03 5.5092e-01 1.0203e-03
2.5588e-03 5.5145e-01 1.0197e-03
2.5765e-03 5.5197e-01 1.0190e-03
2.5944e-03 5.5248e-01 1.0184e-03
2.6124e-03 5.5300e-01 1.0178e-03
2.6306e-03 5.5351e-01 1.0171e-03
2.6488e-03 5.5402e-01 1.0165e-03
2.6672e-03 5.5453e-01 1.0159e-03
2.6857e-03 5.5503e-01 1.0152e-03
2.7043e-03 5.5553e-01 1.0146e-03
2.7231e-03 5.5603e-01 1.0139e-03
2.7420e-03 5.5653e-01 1.0133e-03
2.7610e-03 5.5702e-01 1.0127e-03
2.7802e-03 5.5751e-01 1.0120e-03
2.7995e-03 5.5800e-01 1.0114e-03
2.8189e-03 5.5849e-01 1.0107e-03
2.8385e-03 5.5897e-01 1.0101e-03
2.8582e-03 5.5946e-01 1.0095e-03
2.8780e-03 5.5994e-01 1.0088e-03
2.8980e-03 5.6041e-01 1.0082e-03
2.9181e-03 5.6089e-01 1.0075e-03
2.9383e-03 5.6136e-01 1.0069e-03
2.9587e-03 5.6183e-01 1.0063e-03
2.9793e-03 5.6229e-01 1.0056e-03
2.9999e-03 5.6276e-01 1.0050e-03
3.0208e-03 5.6322e-01 1.0044e-03
3.0417e-03 5.6368e-01 1.0037e-03
3.0628e-03 5.6414e-01 1.0031e-03
3.0841e-03 5.6459e-01 1.0024e-03
3.1055e-03 5.6504e-01 1.0018e-03
3.1270e-03 5.6549e-01 1.0012e-03
3.1487e-03 5.6594e-01 1.0005e-03
3.1706e-03 5.6639e-01 9.9991e-04
3.1926e-03 5.6683e-01 9.9928e-04
3.2147e-03 5.6727e-01 9.9864e-04
3.2371e-03 5.6771e-01 9.9801e-04
3.2595e-03 5.6814e-01 9.9738e-04
3.2821e-03 5.6857e-01 9.9675e-04
3.3049e-03 5.6901e-01 9.9612e-04
3.3279e-03 5.6943e-01 9.9549e-04
3.3509e-03 5.6986e-01 9.9486e-04
3.3742e-03 5.7028e-01 9.9424e-04
3.3976e-03 5.7071e-01 9.9361e-04
3.4212e-03 5.7113e-01 9.9299e-04
3.4449e-03 5.7154e-01 9.9236e-04
3.4688e-03 5.7196e-01 9.9174e-04
3.4929e-03 5.7237e-01 9.9112e-04
3.5172e-03 5.7278e-01 9.9050e-04
3.5416e-03 5.7319e-01 9.8988e-04
3.5661e-03 5.7359e-01 9.8926e-04
3.5909e-03 5.7400e-01 9.8864e-04
3.6158e-03 5.7440e-01 9.8803e-04
3.6409e-03 5.7480e-01 9.8741e-04
3.6662e-03 5.7520e-01 9.8680e-04
3.6916e-03 5.7559e-01 9.8618e-04
3.7172e-03 5.7598e-01 9.8557e-04
3.7430e-03 5.7637e-01 9.8496e-04
3.7690e-03 5.7676e-01 9.8436e-04
3.7952e-03 5.7715e-01 9.8375e-04
3.8215e-03 5.7753e-01 9.8314e-04
3.8480e-03 5.7791e-01 9.8254e-04
3.8747e-03 5.7829e-01 9.8194e-04
3.9016e-03 5.7867e-01 9.8134e-04
3.9287e-03 5.7905e-01 9.8074e-04
3.9559e-03 5.7942e-01 9.8014e-04
3.9834e-03 5.7979e-01 9.7954e-04
4.0110e-03 5.8016e-01 9.7895e-04
4.0389e-03 5.8053e-01 9.7836e-04
4.0669e-03 5.8089e-01 9.7776e-04
4.0951e-03 5.8126e-01 9.7717e-04
4.1235e-03 5.8162e-01 9.7659e-04
4.1522e-03 5.8198e-01 9.7600e-04
4.1810e-03 5.8233e-01 9.7542e-04
4.2100e-03 5.8269e-01 9.7483e-04
4.2392e-03 5.8304e-01 9.7425e-04
4.2686e-03 5.8339e-01 9.7367e-04
4.2982e-03 5.8374e-01 9.7310e-04
4.3281e-03 5.8409e-01 9.7252e-04
4.3581e-03 5.8443e-01 9.7195e-04
4.3884e-03 5.8477e-01 9.7137e-04
4.4188e-03 5.8512e-01 9.7080e-04
4.4495e-03 5.8545e-01 9.7024e-04
4.4803e-03 5.8579e-01 9.6967e-04
4.5114e-03 5.8613e-01 9.6911e-04
4.5427e-03 5.8646e-01 9.6854e-04
4.5743e-03 5.8679e-01 9.6798e-04
4.6060e-03 5.8712e-01 9.6743e-04
4.6380e-03 5.8745e-01 9.6687e-04
4.6702e-03 5.8777e-01 9.6632e-04
4.7026e-03 5.8810e-01 9.6577e-04
4.7352e-03 5.8842e-01 9.6522e-04
4.7681e-03 5.8874e-01 9.6467e-04
4.8012e-03 5.8906e-01 9.6412e-04
4.8345e-03 5.8937e-01 9.6358e-04
4.8680e-03 5.8969e-01 9.6304e-04
4.9018e-03 5.9000e-01 9.6250e-04
4.9358e-03 5.9031e-01 9.6196e-04
4.9701e-03 5.9062e-01 9.6143e-04
5.0046e-03 5.9093e-01 9.6089e-04
5.0393e-03 5.9123e-01 9.6036e-04
5.0743e-03 5.9154e-01 9.5984e-04
5.1095e-03 5.9184e-01 9.5931e-04
5.1449e-03 5.9214e-01 9.5879e-04
5.1806e-03 5.9244e-01 9.5827e-04
5.2166e-03 5.9273e-01 9.5775e-04
5.2528e-03 5.9303e-01 9.5723e-04
5.2893e-03 5.9332e-01 9.5672e-04
5.3260e-03 5.9361e-01 9.5621e-04
5.3629e-03 5.9390e-01 9.5570e-04
5.4001e-03 5.9419e-01 9.5519e-04
5.4376e-03 5.9448e-01 9.5468e-04
5.4753e-03 5.9476e-01 9.5418e-04
5.5133e-03 5.9504e-01 9.5368e-04
5.5516e-03 5.9533e-01 9.5318e-04
5.5901e-03 5.9561e-01 9.5269e-04
5.6289e-03 5.9588e-01 9.5220e-04
5.6680e-03 5.9616e-01 9.5171e-04
5.7073e-03 5.9643e-01 9.5122e-04
5.7469e-03 5.9671e-01 9.5073e-04
5.7868e-03 5.9698e-01 9.5025e-04
5.8270e-03 5.9725e-01 9.4977e-04
5.8674e-03 5.9752e-01 9.4929e-04
5.9081e-03 5.9778e-01 9.4882e-04
5.9491e-03 5.9805e-01 9.4834e-04
5.9904e-03 5.9831e-01 9.4787e-04
6.0320e-03 5.9857e-01 9.4740e-04
6.0738e-03 5.9883e-01 9.4694e-04
6.1160e-03 5.9909e-01 9.4648e-04
6.1584e-03 5.9935e-01 9.4602e-04
6.2012e-03 5.9960e-01 9.4556e-04
6.2442e-03 5.9986e-01 9.4510e-04
6.2875e-03 6.0011e-01 9.4465e-04
6.3312e-03 6.0036e-01 9.4420e-04
6.3751e-03 6.0061e-01 9.4375e-04
6.4193e-03 6.0086e-01 9.4331e-04
6.4639e-03 6.0110e-01 9.4286e-04
6.5087e-03 6.0135e-01 9.4242e-04
6.5539e-03 6.0159e-01 9.4199e-04
6.5994e-03 6.0184e-01 9.4155e-04
6.6452e-03 6.0208e-01 9.4112e-04
6.6913e-03 6.0231e-01 9.4069e-04
6.7377e-03 6.0255e-01 9.4026e-04
6.7845e-03 6.0279e-01 9.3984e-04
6.8316e-03 6.0302e-01 9.3942e-04
6.8790e-03 6.0326e-01 9.3900e-04
6.9267e-03 6.0349e-01 9.3858e-04
6.9748e-03 6.0372e-01 9.3817e-04
7.0232e-03 6.0395e-01 9.3776e-04
7.0719e-03 6.0418e-01 9.3735e-04
7.1210e-03 6.0440e-01 9.3694e-04
7.1704e-03 6.0463e-01 9.3654e-04
7.2202e-03 6.0485e-01 9.3614e-04
7.2703e-03 6.0507e-01 9.3574e-04
7.3208e-03 6.0529e-01 9.3534e-04
7.3716e-03 6.0551e-01 9.3495e-04
7.4227e-03 6.0573e-01 9.3456e-04
7.4742e-03 6.0595e-01 9.3417e-04
7.5261e-03 6.0616e-01 9.3379e-04
7.5783e-03 6.0638e-01 9.3340e-04
7.6309e-03 6.0659e-01 9.3302e-04
7.6839e-03 6.0680e-01 9.3265e-04
7.7372e-03 6.0701e-01 9.3227e-04
7.7909e-03 6.0722e-01 9.3190e-04
7.8450e-03 6.0743e-01 9.3153e-04
7.8994e-03 6.0763e-01 9.3117e-04
7.9542e-03 6.0784e-01 9.3080e-04
8.0094e-03 6.0804e-01 9.3044e-04
8.0650e-03 6.0825e-01 9.3008e-04
8.1210e-03 6.0845e-01 9.2973e-04
8.1773e-03 6.0865e-01 9.2937e-04
8.2341e-03 6.0885e-01 9.2902e-04
8.2912e-03 6.0904e-01 9.2868e-04
8.3487e-03 6.0924e-01 9.2833e-04
8.4067e-03 6.0944e-01 9.2799e-04
8.4650e-03 6.0963e-01 9.2765e-04
8.5238e-03 6.0982e-01 9.2731e-04
8.5829e-03 6.1001e-01 9.2698e-04
8.6425e-03 6.1020e-01 9.2664e-04
8.7025e-03 6.1039e-01 9.2631e-04
8.7628e-03 6.1058e-01 9.2599e-04
8.8237e-03 6.1077e-01 9.2566e-04
8.8849e-03 6.1095e-01 9.2534e-04
8.9466e-03 6.1114e-01 9.2502e-04
9.0086e-03 6.1132e-01 9.2471e-04
9.0712e-03 6.1150e-01 9.2439e-04
9.1341e-03 6.1169e-01 9.2408e-04
9.1975e-03 6.1187e-01 9.2377e-04
9.2613e-03 6.1204e-01 9.2347e-04
9.3256e-03 6.1222e-01 9.2317e-04
9.3903e-03 6.1240e-01 9.2286e-04
9.4555e-03 6.1258e-01 9.2257e-04
9.5211e-03 6.1275e-01 9.2227e-04
9.5872e-03 6.1292e-01 9.2198e-04
9.6537e-03 6.1310e-01 9.2169e-04
9.7207e-03 6.1327e-01 9.2140e-04
9.7881e-03 6.1344e-01 9.2112e-04
9.8561e-03 6.1361e-01 9.2084e-04
9.9245e-03 6.1377e-01 9.2056e-04
9.9933e-03 6.1394e-01 9.2028e-04
1.0063e-02 6.1411e-01 9.2001e-04
1.0133e-02 6.1427e-01 9.1973e-04
1.0203e-02 6.1444e-01 9.1946e-04
1.0274e-02 6.1460e-01 9.1920e-04
1.0345e-02 6.1476e-01 9.1893e-04
1.0417e-02 6.1492e-01 9.1867e-04
1.0489e-02 6.1508e-01 9.1841e-04
1.0562e-02 6.1524e-01 9.1816e-04
1.0635e-02 6.1540e-01 9.1791e-04
1.0709e-02 6.1556e-01 9.1765e-04
1.0783e-02 6.1571e-01 9.1741e-04
1.0858e-02 6.1587e-01 9.1716e-04
1.0933e-02 6.1602e-01 9.1692e-04
1.1009e-02 6.1617e-01 9.1668e-04
1.1086e-02 6.1633e-01 9.1644e-04
1.1163e-02 6.1648e-01 9.1621e-04
1.1240e-02 6.1663e-01 9.1597e-04
1.1318e-02 6.1678e-01 9.1574e-04
1.1397e-02 6.1692e-01 9.1552e-04
1.1476e-02 6.1707e-01 9.1529e-04
1.1555e-02 6.1722e-01 9.1507e-04
1.1636e-02 6.1736e-01 9.1485e-04
1.1716e-02 6.1751e-01 9.1463e-04
1.1798e-02 6.1765e-01 9.1442e-04
1.1879e-02 6.1780e-01 9.1421e-04
1.1962e-02 6.1794e-01 9.1400e-04
1.2045e-02 6.1808e-01 9.1379e-04
1.2128e-02 6.1822e-01 9.1359e-04
1.2213e-02 6.1836e-01 9.1338e-04
1.2297e-02 6.1850e-01 9.1319e-04
1.2383e-02 6.1863e-01 9.1299e-04
1.2469e-02 6.1877e-01 9.1280e-04
1.2555e-02 6.1891e-01 9.1260e-04
1.2642e-02 6.1904e-01 9.1242e-04
1.2730e-02 6.1918e-01 9.1223e-04
1.2818e-02 6.1931e-01 9.1205e-04
1.2907e-02 6.1944e-01 9.1187e-04
1.2997e-02 6.1957e-01 9.1169e-04
1.3087e-02 6.1970e-01 9.1151e-04
1.3178e-02 6.1983e-01 9.1134e-04
1.3269e-02 6.1996e-01 9.1117e-04
1.3361e-02 6.2009e-01 9.1100e-04
1.3454e-02 6.2022e-01 9.1084e-04
1.3548e-02 6.2035e-01 9.1068e-04
1.3642e-02 6.2047e-01 9.1052e-04
1.3736e-02 6.2060e-01 9.1036e-04
1.3832e-02 6.2072e-01 9.1021e-04
1.3928e-02 6.2085e-01 9.1005e-04
1.4024e-02 6.2097e-01 9.0991e-04
1.4122e-02 6.2109e-01 9.0976e-04
1.4220e-02 6.2121e-01 9.0962e-04
1.4318e-02 6.2133e-01 9.0947e-04
1.4418e-02 6.2145e-01 9.0934e-04
1.4518e-02 6.2157e-01 9.0920e-04
1.4618e-02 6.2169e-01 9.0907e-04
1.4720e-02 6.2181e-01 9.0894e-04
1.4822e-02 6.2192e-01 9.0881e-04
1.4925e-02 6.2204e-01 9.0869e-04
1.5028e-02 6.2216e-01 9.0856e-04
1.5133e-02 6.2227e-01 9.0845e-04
1.5238e-02 6.2239e-01 9.0833e-04
1.5343e-02 6.2250e-01 9.0822e-04
1.5450e-02 6.2261e-01 9.0810e-04
1.5557e-02 6.2272e-01 9.0800e-04
1.5665e-02 6.2283e-01 9.0789e-04
1.5774e-02 6.2295e-01 9.0779e-04
1.5883e-02 6.2306e-01 9.0769e-04
1.5994e-02 6.2316e-01 9.0759e-04
1.6105e-02 6.2327e-01 9.0750e-04
1.6216e-02 6.2338e-01 9.0741e-04
1.6329e-02 6.2349e-01 9.0732e-04
1.6442e-02 6.2360e-01 9.0724e-04
1.6556e-02 6.2370e-01 9.0715e-04
1.6671e-02 6.2381e-01 9.0707e-04
1.6787e-02 6.2391e-01 9.0700e-04
1.6903e-02 6.2402e-01 9.0693e-04
1.7021e-02 6.2412e-01 9.0685e-04
1.7139e-02 6.2422e-01 9.0679e-04
1.7258e-02 6.2432e-01 9.0672e-04
1.7377e-02 6.2442e-01 9.0666e-04
1.7498e-02 6.2453e-01 9.0660e-04
1.7619e-02 6.2463e-01 9.0655e-04
1.7742e-02 6.2473e-01 9.0650e-04
1.7865e-02 6.2482e-01 9.0645e-04
1.7989e-02 6.2492e-01 9.0640e-04
1.8114e-02 6.2502e-01 9.0636e-04
1.8239e-02 6.2512e-01 9.0632e-04
1.8366e-02 6.2522e-01 9.0629e-04
1.8493e-02 6.2531e-01 9.0626e-04
1.8622e-02 6.2541e-01 9.0623e-04
1.8751e-02 6.2550e-01 9.0620e-04
1.8881e-02 6.2560e-01 9.0618e-04
1.9012e-02 6.2569e-01 9.0616e-04
1.9144e-02 6.2578e-01 9.0614e-04
1.9277e-02 6.2588e-01 9.0613e-04
1.9411e-02 6.2597e-01 9.0612e-04
1.9545e-02 6.2606e-01 9.0612e-04
1.9681e-02 6.2615e-01 9.0612e-04
1.9818e-02 6.2624e-01 9.0612e-04
1.9955e-02 6.2633e-01 9.0613e-04
2.0094e-02 6.2642e-01 9.0614e-04
2.0233e-02 6.2651e-01 9.0615e-04
2.0373e-02 6.2660e-01 9.0617e-04
2.0515e-02 6.2669e-01 9.0619e-04
2.0657e-02 6.2677e-01 9.0621e-04
2.0801e-02 6.2686e-01 9.0624e-04
2.0945e-02 6.2695e-01 9.0627e-04
2.1090e-02 6.2703e-01 9.0631e-04
2.1237e-02 6.2712e-01 9.0635e-04
2.1384e-02 6.2720e-01 9.0640e-04
2.1532e-02 6.2729e-01 9.0644e-04
2.1682e-02 6.2737e-01 9.0650e-04
2.1832e-02 6.2745e-01 9.0656e-04
2.1984e-02 6.2754e-01 9.0662e-04
2.2136e-02 6.2762e-01 9.0668e-04
2.2290e-02 6.2770e-01 9.0675e-04
2.2445e-02 6.2778e-01 9.0683e-04
2.2600e-02 6.2786e-01 9.0691e-04
2.2757e-02 6.2794e-01 9.0699e-04
2.2915e-02 6.2802e-01 9.0708e-04
2.3074e-02 6.2810e-01 9.0718e-04
2.3234e-02 6.2818e-01 9.0727e-04
2.3396e-02 6.2826e-01 9.0738e-04
2.3558e-02 6.2834e-01 9.0749e-04
2.3721e-02 6.2842e-01 9.0760e-04
2.3886e-02 6.2849e-01 9.0772e-04
2.4052e-02 6.2857e-01 9.0784e-04
2.4219e-02 6.2865e-01 9.0797e-04
2.4387e-02 6.2872e-01 9.0810e-04
2.4556e-02 6.2880e-01 9.0824e-04
2.4726e-02 6.2888e-01 9.0839e-04
2.4898e-02 6.2895e-01 9.0854e-04
2.5071e-02 6.2902e-01 9.0869e-04
2.5245e-02 6.2910e-01 9.0886e-04
2.5420e-02 6.2917e-01 9.0902e-04
2.5596e-02 6.2925e-01 9.0920e-04
2.5774e-02 6.2932e-01 9.0938e-04
2.5953e-02 6.2939e-01 9.0956e-04
2.6133e-02 6.2946e-01 9.0976e-04
2.6314e-02 6.2953e-01 9.0995e-04
2.6497e-02 6.2960e-01 9.1016e-04
2.6681e-02 6.2968e-01 9.1037e-04
2.6866e-02 6.2975e-01 9.1059e-04
2.7052e-02 6.2982e-01 9.1081e-04
2.7240e-02 6.2989e-01 9.1104e-04
2.7429e-02 6.2996e-01 9.1128e-04
2.7620e-02 6.3002e-01 9.1153e-04
2.7811e-02 6.3009e-01 9.1178e-04
2.8004e-02 6.3016e-01 9.1204e-04
2.8199e-02 6.3023e-01 9.1231e-04
2.8394e-02 6.3030e-01 9.1258e-04
2.8591e-02 6.3036e-01 9.1287e-04
2.8790e-02 6.3043e-01 9.1316e-04
2.8989e-02 6.3050e-01 9.1346e-04
2.9191e-02 6.3056e-01 9.1376e-04
2.9393e-02 6.3063e-01 9.1408e-04
2.9597e-02 6.3069e-01 9.1440e-04
2.9803e-02 6.3076e-01 9.1474e-04
3.0009e-02 6.3082e-01 9.1508e-04
3.0218e-02 6.3089e-01 9.1543e-04
3.0427e-02 6.3095e-01 9.1579e-04
3.0638e-02 6.3102e-01 9.1615e-04
3.0851e-02 6.3108e-01 9.1653e-04
3.1065e-02 6.3114e-01 9.1692e-04
3.1281e-02 6.3121e-01 9.1732e-04
3.1498e-02 6.3127e-01 9.1772e-04
3.1716e-02 6.3133e-01 9.1814e-04
3.1937e-02 6.3139e-01 9.1857e-04
3.2158e-02 6.3145e-01 9.1901e-04
3.2381e-02 6.3151e-01 9.1946e-04
3.2606e-02 6.3158e-01 9.1992e-04
3.2832e-02 6.3164e-01 9.2039e-04
3.3060e-02 6.3170e-01 9.2087e-04
3.3290e-02 6.3176e-01 9.2136e-04
3.3521e-02 6.3182e-01 9.2187e-04
3.3753e-02 6.3188e-01 9.2239e-04
3.3987e-02 6.3194e-01 9.2292e-04
3.4223e-02 6.3199e-01 9.2346e-04
3.4461e-02 6.3205e-01 9.2401e-04
3.4700e-02 6.3211e-01 9.2458e-04
3.4941e-02 6.3217e-01 9.2516e-04
3.5183e-02 6.3223e-01 9.2576e-04
3.5427e-02 6.3228e-01 9.2637e-04
3.5673e-02 6.3234e-01 9.2699e-04
3.5921e-02 6.3240e-01 9.2762e-04
3.6170e-02 6.3246e-01 9.2827e-04
3.6421e-02 6.3251e-01 9.2894e-04
3.6674e-02 6.3257e-01 9.2962e-04
3.6928e-02 6.3262e-01 9.3032e-04
3.7185e-02 6.3268e-01 9.3103e-04
3.7443e-02 6.3274e-01 9.3176e-04
3.7703e-02 6.3279e-01 9.3250e-04
3.7964e-02 6.3285e-01 9.3326e-04
3.8228e-02 6.3290e-01 9.3404e-04
3.8493e-02 6.3296e-01 9.3484e-04
3.8760e-02 6.3301e-01 9.3565e-04
3.9029e-02 6.3306e-01 9.3648e-04
3.9300e-02 6.3312e-01 9.3733e-04
3.9573e-02 6.3317e-01 9.3820e-04
3.9847e-02 6.3322e-01 9.3909e-04
4.0124e-02 6.3328e-01 9.4000e-04
4.0402e-02 6.3333e-01 9.4092e-04
4.0683e-02 6.3338e-01 9.4187e-04
4.0965e-02 6.3343e-01 9.4284e-04
4.1249e-02 6.3349e-01 9.4383e-04
4.1535e-02 6.3354e-01 9.4484e-04
4.1824e-02 6.3359e-01 9.4587e-04
4.2114e-02 6.3364e-01 9.4692e-04
4.2406e-02 6.3369e-01 9.4800e-04
4.2700e-02 6.3374e-01 9.4910e-04
4.2997e-02 6.3379e-01 9.5023e-04
4.3295e-02 6.3384e-01 9.5138e-04
4.3596e-02 6.3389e-01 9.5255e-04
4.3898e-02 6.3394e-01 9.5376e-04
4.4203e-02 6.3399e-01 9.5498e-04
4.4510e-02 6.3404e-01 9.5623e-04
4.4818e-02 6.3409e-01 9.5751e-04
4.5129e-02 6.3414e-01 9.5882e-04
4.5443e-02 6.3419e-01 9.6015e-04
4.5758e-02 6.3424e-01 9.6151e-04
4.6076e-02 6.3429e-01 9.6290e-04
4.6395e-02 6.3434e-01 9.6433e-04
4.6717e-02 6.3438e-01 9.6578e-04
4.7041e-02 6.3443e-01 9.6726e-04
4.7368e-02 6.3448e-01 9.6878e-04
4.7697e-02 6.3453e-01 9.7033e-04
4.8028e-02 6.3457e-01 9.7191e-04
4.8361e-02 6.3462e-01 9.7352e-04
4.8697e-02 6.3467e-01 9.7517e-04
4.9034e-02 6.3471e-01 9.7685e-04
4.9375e-02 6.3476e-01 9.7857e-04
4.9717e-02 6.3481e-01 9.8032e-04
5.0062e-02 6.3485e-01 9.8211e-04
5.0410e-02 6.3490e-01 9.8395e-04
5.0760e-02 6.3494e-01 9.8582e-04
5.1112e-02 6.3499e-01 9.8773e-04
5.1467e-02 6.3503e-01 9.8968e-04
5.1824e-02 6.3508e-01 9.9167e-04
5.2183e-02 6.3512e-01 9.9370e-04
5.2546e-02 6.3517e-01 9.9577e-04
5.2910e-02 6.3521e-01 9.9789e-04
5.3277e-02 6.3525e-01 1.0001e-03
5.3647e-02 6.3530e-01 1.0023e-03
5.4019e-02 6.3534e-01 1.0045e-03
5.4394e-02 6.3538e-01 1.0068e-03
5.4772e-02 6.3543e-01 1.0092e-03
5.5152e-02 6.3547e-01 1.0116e-03
5.5535e-02 6.3551e-01 1.0140e-03
5.5920e-02 6.3555e-01 1.0165e-03
5.6308e-02 6.3559e-01 1.0191e-03
5.6699e-02 6.3564e-01 1.0217e-03
5.7092e-02 6.3568e-01 1.0244e-03
5.7488e-02 6.3572e-01 1.0271e-03
5.7887e-02 6.3576e-01 1.0299e-03
5.8289e-02 6.3580e-01 1.0327e-03
5.8694e-02 6.3584e-01 1.0356e-03
5.9101e-02 6.3588e-01 1.0386e-03
5.9511e-02 6.3592e-01 1.0416e-03
5.9924e-02 6.3596e-01 1.0447e-03
6.0340e-02 6.3600e-01 1.0478e-03
6.0759e-02 6.3604e-01 1.0510e-03
6.1180e-02 6.3607e-01 1.0543e-03
6.1605e-02 6.3611e-01 1.0577e-03
6.2032e-02 6.3615e-01 1.0611e-03
6.2463e-02 6.3619e-01 1.0646e-03
6.2896e-02 6.3623e-01 1.0681e-03
6.3333e-02 6.3626e-01 1.0718e-03
6.3772e-02 6.3630e-01 1.0755e-03
6.4215e-02 6.3634e-01 1.0793e-03
6.4660e-02 6.3637e-01 1.0832e-03
6.5109e-02 6.3641e-01 1.0871e-03
6.5561e-02 6.3644e-01 1.0912e-03
6.6016e-02 6.3648e-01 1.0953e-03
6.6474e-02 6.3651e-01 1.0995e-03
6.6935e-02 6.3655e-01 1.1038e-03
6.7400e-02 6.3658e-01 1.1082e-03
6.7868e-02 6.3661e-01 1.1127e-03
6.8339e-02 6.3665e-01 1.1172e-03
6.8813e-02 6.3668e-01 1.1219e-03
6.9290e-02 6.3671e-01 1.1267e-03
6.9771e-02 6.3674e-01 1.1315e-03
7.0255e-02 6.3678e-01 1.1365e-03
7.0743e-02 6.3681e-01 1.1416e-03
7.1234e-02 6.3684e-01 1.1468e-03
7.1728e-02 6.3687e-01 1.1520e-03
7.2226e-02 6.3690e-01 1.1574e-03
7.2727e-02 6.3693e-01 1.1630e-03
7.3232e-02 6.3696e-01 1.1686e-03
7.3740e-02 6.3699e-01 1.1743e-03
7.4252e-02 6.3702e-01 1.1802e-03
7.4767e-02 6.3704e-01 1.1862e-03
7.5286e-02 6.3707e-01 1.1923e-03
7.5808e-02 6.3710e-01 1.1985e-03
7.6335e-02 6.3713e-01 1.2049e-03
7.6864e-02 6.3715e-01 1.2114e-03
7.7398e-02 6.3718e-01 1.2181e-03
7.7935e-02 6.3720e-01 1.2248e-03
7.8476e-02 6.3723e-01 1.2318e-03
7.9020e-02 6.3725e-01 1.2388e-03
7.9569e-02 6.3728e-01 1.2461e-03
8.0121e-02 6.3730e-01 1.2534e-03
8.0677e-02 6.3732e-01 1.2609e-03
8.1237e-02 6.3735e-01 1.2686e-03
8.1800e-02 6.3737e-01 1.2765e-03
8.2368e-02 6.3739e-01 1.2845e-03
8.2940e-02 6.3741e-01 1.2926e-03
8.3515e-02 6.3743e-01 1.3010e-03
8.4095e-02 6.3745e-01 1.3095e-03
8.4678e-02 6.3747e-01 1.3182e-03
8.5266e-02 6.3749e-01 1.3271e-03
8.5858e-02 6.3751e-01 1.3361e-03
8.6454e-02 6.3753e-01 1.3454e-03
8.7054e-02 6.3754e-01 1.3548e-03
8.7658e-02 6.3756e-01 1.3645e-03
8.8266e-02 6.3758e-01 1.3743e-03
8.8879e-02 6.3759e-01 1.3844e-03
8.9495e-02 6.3761e-01 1.3947e-03
9.0116e-02 6.3763e-01 1.4051e-03
9.0742e-02 6.3764e-01 1.4158e-03
9.1371e-02 6.3765e-01 1.4268e-03
9.2006e-02 6.3767e-01 1.4379e-03
9.2644e-02 6.3768e-01 1.4493e-03
9.3287e-02 6.3769e-01 1.4609e-03
9.3934e-02 6.3770e-01 1.4728e-03
9.4586e-02 6.3771e-01 1.4849e-03
9.5243e-02 6.3773e-01 1.4972e-03
9.5904e-02 6.3774e-01 1.5099e-03
9.6569e-02 6.3775e-01 1.5228e-03
9.7239e-02 6.3775e-01 1.5359e-03
9.7914e-02 6.3776e-01 1.5494e-03
9.8594e-02 6.3777e-01 1.5631e-03
9.9278e-02 6.3778e-01 1.5771e-03
9.9967e-02 6.3779e-01 1.5914e-03
1.0066e-01 6.3779e-01 1.6060e-03
1.0136e-01 6.3780e-01 1.6209e-03
1.0206e-01 6.3780e-01 1.6361e-03
1.0277e-01 6.3781e-01 1.6517e-03
1.0348e-01 6.3781e-01 1.6675e-03
1.0420e-01 6.3782e-01 1.6837e-03
1.0493e-01 6.3782e-01 1.7002e-03
1.0565e-01 6.3782e-01 1.7171e-03
1.0639e-01 6.3783e-01 1.7344e-03
1.0712e-01 6.3783e-01 1.7520e-03
1.0787e-01 6.3783e-01 1.7700e-03
1.0862e-01 6.3783e-01 1.7883e-03
1.0937e-01 6.3783e-01 1.8070e-03
1.1013e-01 6.3783e-01 1.8262e-03
1.1089e-01 6.3783e-01 1.8457e-03
1.1166e-01 6.3783e-01 1.8656e-03
1.1244e-01 6.3783e-01 1.8860e-03
1.1322e-01 6.3783e-01 1.9067e-03
1.1400e-01 6.3783e-01 1.9279e-03
1.1480e-01 6.3783e-01 1.9496e-03
1.1559e-01 6.3782e-01 1.9717e-03
1.1639e-01 6.3782e-01 1.9942e-03
1.1720e-01 6.3782e-01 2.0173e-03
1.1802e-01 6.3782e-01 2.0408e-03
1.1883e-01 6.3781e-01 2.0649e-03
1.1966e-01 6.3781e-01 2.0894e-03
1.2049e-01 6.3780e-01 2.1145e-03
1.2133e-01 6.3780e-01 2.1400e-03
1.2217e-01 6.3780e-01 2.1662e-03
1.2302e-01 6.3779e-01 2.1928e-03
1.2387e-01 6.3779e-01 2.2200e-03
1.2473e-01 6.3778e-01 2.2478e-03
1.2559e-01 6.3778e-01 2.2761e-03
1.2647e-01 6.3777e-01 2.3051e-03
1.2734e-01 6.3777e-01 2.3346e-03
1.2823e-01 6.3776e-01 2.3648e-03
1.2912e-01 6.3776e-01 2.3956e-03
1.3001e-01 6.3775e-01 2.4271e-03
1.3091e-01 6.3774e-01 2.4592e-03
1.3182e-01 6.3774e-01 2.4920e-03
1.3274e-01 6.3773e-01 2.5255e-03
1.3366e-01 6.3773e-01 2.5597e-03
1.3459e-01 6.3772e-01 2.5947e-03
1.3552e-01 6.3772e-01 2.6303e-03
1.3646e-01 6.3772e-01 2.6668e-03
1.3741e-01 6.3771e-01 2.7039e-03
1.3836e-01 6.3771e-01 2.7419e-03
1.3932e-01 6.3770e-01 2.7806e-03
1.4029e-01 6.3770e-01 2.8201e-03
1.4126e-01 6.3769e-01 2.8605e-03
1.4224e-01 6.3769e-01 2.9017e-03
1.4323e-01 6.3769e-01 2.9437e-03
1.4422e-01 6.3769e-01 2.9867e-03
1.4522e-01 6.3768e-01 3.0305e-03
1.4623e-01 6.3768e-01 3.0753e-03
1.4725e-01 6.3768e-01 3.1211e-03
1.4827e-01 6.3768e-01 3.1678e-03
1.4930e-01 6.3768e-01 3.2155e-03
1.5033e-01 6.3768e-01 3.2642e-03
1.5138e-01 6.3768e-01 3.3140e-03
1.5243e-01 6.3769e-01 3.3648e-03
1.5349e-01 6.3769e-01 3.4166e-03
1.5455e-01 6.3769e-01 3.4695e-03
1.5562e-01 6.3770e-01 3.5236e-03
1.5670e-01 6.3770e-01 3.5787e-03
1.5779e-01 6.3771e-01 3.6349e-03
1.5889e-01 6.3772e-01 3.6924e-03
1.5999e-01 6.3772e-01 3.7510e-03
1.6110e-01 6.3773e-01 3.8109e-03
1.6222e-01 6.3774e-01 3.8721e-03
1.6334e-01 6.3775e-01 3.9346e-03
1.6448e-01 6.3777e-01 3.9984e-03
1.6562e-01 6.3778e-01 4.0635e-03
1.6677e-01 6.3780e-01 4.1300e-03
1.6792e-01 6.3781e-01 4.1980e-03
1.6909e-01 6.3783e-01 4.2673e-03
1.7026e-01 6.3785e-01 4.3382e-03
1.7144e-01 6.3787e-01 4.4105e-03
1.7263e-01 6.3789e-01 4.4843e-03
1.7383e-01 6.3792e-01 4.5597e-03
1.7504e-01 6.3794e-01 4.6367e-03
1.7625e-01 6.3797e-01 4.7152e-03
1.7748e-01 6.3800e-01 4.7953e-03
1.7871e-01 6.3803e-01 4.8771e-03
1.7995e-01 6.3806e-01 4.9606e-03
1.8120e-01 6.3809e-01 5.0459e-03
1.8245e-01 6.3813e-01 5.1330e-03
1.8372e-01 6.3817e-01 5.2220e-03
1.8500e-01 6.3821e-01 5.3128e-03
1.8628e-01 6.3825e-01 5.4056e-03
1.8757e-01 6.3829e-01 5.5003e-03
1.8887e-01 6.3834e-01 5.5971e-03
1.9018e-01 6.3839e-01 5.6959e-03
1.9150e-01 6.3844e-01 5.7968e-03
1.9283e-01 6.3850e-01 5.8998e-03
1.9417e-01 6.3855e-01 6.0050e-03
1.9552e-01 6.3861e-01 6.1123e-03
1.9688e-01 6.3868e-01 6.2220e-03
1.9824e-01 6.3874e-01 6.3338e-03
1.9962e-01 6.3881e-01 6.4480e-03
2.0100e-01 6.3888e-01 6.5645e-03
2.0240e-01 6.3895e-01 6.6835e-03
2.0380e-01 6.3903e-01 6.8049e-03
2.0522e-01 6.3911e-01 6.9290e-03
2.0664e-01 6.3919e-01 7.0556e-03
2.0807e-01 6.3928e-01 7.1850e-03
2.0952e-01 6.3937e-01 7.3171e-03
2.1097e-01 6.3946e-01 7.4520e-03
2.1244e-01 6.3956e-01 7.5898e-03
2.1391e-01 6.3966e-01 7.7305e-03
2.1540e-01 6.3977e-01 7.8742e-03
2.1689e-01 6.3988e-01 8.0209e-03
2.1840e-01 6.3999e-01 8.1708e-03
2.1991e-01 6.4011e-01 8.3237e-03
2.2144e-01 6.4023e-01 8.4799e-03
2.2297e-01 6.4036e-01 8.6393e-03
2.2452e-01 6.4049e-01 8.8021e-03
2.2608e-01 6.4063e-01 8.9682e-03
2.2765e-01 6.4077e-01 9.1377e-03
2.2923e-01 6.4091e-01 9.3107e-03
2.3082e-01 6.4106e-01 9.4873e-03
2.3242e-01 6.4121e-01 9.6677e-03
2.3403e-01 6.4137e-01 9.8518e-03
2.3566e-01 6.4154e-01 1.0040e-02
2.3729e-01 6.4171e-01 1.0232e-02
2.3894e-01 6.4188e-01 1.0428e-02
2.4060e-01 6.4206e-01 1.0629e-02
2.4227e-01 6.4225e-01 1.0833e-02
2.4395e-01 6.4245e-01 1.1042e-02
2.4564e-01 6.4265e-01 1.1256e-02
2.4735e-01 6.4285e-01 1.1473e-02
2.4906e-01 6.4307e-01 1.1696e-02
2.5079e-01 6.4329e-01 1.1923e-02
2.5253e-01 6.4351e-01 1.2155e-02
2.5428e-01 6.4375e-01 1.2392e-02
2.5605e-01 6.4399e-01 1.2633e-02
2.5783e-01 6.4423e-01 1.2880e-02
2.5961e-01 6.4449e-01 1.3132e-02
2.6142e-01 6.4475e-01 1.3388e-02
2.6323e-01 6.4502e-01 1.3651e-02
2.6506e-01 6.4529e-01 1.3918e-02
2.6690e-01 6.4558e-01 1.4192e-02
2.6875e-01 6.4587e-01 1.4471e-02
2.7061e-01 6.4617e-01 1.4756e-02
2.7249e-01 6.4648e-01 1.5047e-02
2.7438e-01 6.4680e-01 1.5345e-02
2.7629e-01 6.4713e-01 1.5649e-02
2.7820e-01 6.4747e-01 1.5959e-02
2.8014e-01 6.4782e-01 1.6275e-02
2.8208e-01 6.4818e-01 1.6599e-02
2.8404e-01 6.4854e-01 1.6929e-02
2.8601e-01 6.4892e-01 1.7266e-02
2.8799e-01 6.4931e-01 1.7610e-02
2.8999e-01 6.4971e-01 1.7962e-02
2.9200e-01 6.5012e-01 1.8320e-02
2.9403e-01 6.5054e-01 1.8687e-02
2.9607e-01 6.5097e-01 1.9060e-02
2.9813e-01 6.5141e-01 1.9441e-02
3.0019e-01 6.5186e-01 1.9831e-02
3.0228e-01 6.5233e-01 2.0228e-02
3.0437e-01 6.5281e-01 2.0633e-02
3.0649e-01 6.5330e-01 2.1048e-02
3.0861e-01 6.5380e-01 2.1471e-02
3.1076e-01 6.5432e-01 2.1903e-02
3.1291e-01 6.5485e-01 2.2344e-02
3.1508e-01 6.5539e-01 2.2794e-02
3.1727e-01 6.5595e-01 2.3254e-02
3.1947e-01 6.5652e-01 2.3724e-02
3.2169e-01 6.5711e-01 2.4204e-02
3.2392e-01 6.5772e-01 2.4694e-02
3.2617e-01 6.5834e-01 2.5194e-02
3.2843e-01 6.5897e-01 2.5704e-02
3.3071e-01 6.5962e-01 2.6225e-02
3.3301e-01 6.6029e-01 2.6757e-02
3.3532e-01 6.6097e-01 2.7300e-02
3.3764e-01 6.6167e-01 2.7854e-02
3.3999e-01 6.6239e-01 2.8420e-02
3.4235e-01 6.6312e-01 2.8997e-02
3.4472e-01 6.6387e-01 2.9586e-02
3.4712e-01 6.6464e-01 3.0187e-02
3.4952e-01 6.6542e-01 3.0801e-02
3.5195e-01 6.6623e-01 3.1427e-02
3.5439e-01 6.6706e-01 3.2067e-02
3.5685e-01 6.6791e-01 3.2721e-02
3.5933e-01 6.6877e-01 3.3388e-02
3.6182e-01 6.6966e-01 3.4069e-02
3.6433e-01 6.7058e-01 3.4765e-02
3.6686e-01 6.7151e-01 3.5475e-02
3.6941e-01 6.7247e-01 3.6200e-02
3.7197e-01 6.7345e-01 3.6941e-02
3.7455e-01 6.7445e-01 3.7697e-02
3.7715e-01 6.7548e-01 3.8468e-02
3.7977e-01 6.7653e-01 3.9255e-02
3.8240e-01 6.7760e-01 4.0059e-02
3.8506e-01 6.7870e-01 4.0879e-02
3.8773e-01 6.7983e-01 4.1717e-02
3.9042e-01 6.8098e-01 4.2571e-02
3.9313e-01 6.8215e-01 4.3442e-02
3.9586e-01 6.8335e-01 4.4332e-02
3.9861e-01 6.8458e-01 4.5239e-02
4.0137e-01 6.8584e-01 4.6166e-02
4.0416e-01 6.8712e-01 4.7111e-02
4.0696e-01 6.8844e-01 4.8077e-02
4.0979e-01 6.8978e-01 4.9063e-02
4.1263e-01 6.9116e-01 5.0069e-02
4.1549e-01 6.9257e-01 5.1097e-02
4.1838e-01 6.9401e-01 5.2146e-02
4.2128e-01 6.9548e-01 5.3217e-02
4.2420e-01 6.9699e-01 5.4310e-02
4.2715e-01 6.9853e-01 5.5426e-02
4.3011e-01 7.0011e-01 5.6564e-02
4.3310e-01 7.0172e-01 5.7727e-02
4.3610e-01 7.0337e-01 5.8913e-02
4.3913e-01 7.0505e-01 6.0123e-02
4.4218e-01 7.0677e-01 6.1358e-02
4.4524e-01 7.0853e-01 6.2618e-02
4.4833e-01 7.1032e-01 6.3904e-02
4.5144e-01 7.1215e-01 6.5216e-02
4.5458e-01 7.1402e-01 6.6554e-02
4.5773e-01 7.1593e-01 6.7919e-02
4.6091e-01 7.1787e-01 6.9312e-02
4.6411e-01 7.1986e-01 7.0733e-02
4.6733e-01 7.2190e-01 7.2184e-02
4.7057e-01 7.2398e-01 7.3665e-02
4.7384e-01 7.2610e-01 7.5176e-02
4.7713e-01 7.2827e-01 7.6718e-02
4.8044e-01 7.3048e-01 7.8292e-02
4.8377e-01 7.3274e-01 7.9899e-02
4.8713e-01 7.3505e-01 8.1538e-02
4.9051e-01 7.3741e-01 8.3211e-02
4.9391e-01 7.3982e-01 8.4917e-02
4.9734e-01 7.4228e-01 8.6659e-02
5.0079e-01 7.4479e-01 8.8435e-02
5.0427e-01 7.4735e-01 9.0248e-02
5.0777e-01 7.4996e-01 9.2097e-02
5.1129e-01 7.5263e-01 9.3983e-02
5.1484e-01 7.5535e-01 9.5906e-02
5.1841e-01 7.5812e-01 9.7868e-02
5.2201e-01 7.6094e-01 9.9868e-02
5.2563e-01 7.6382e-01 1.0191e-01
5.2928e-01 7.6675e-01 1.0399e-01
5.3295e-01 7.6974e-01 1.0611e-01
5.3665e-01 7.7279e-01 1.0827e-01
5.4037e-01 7.7590e-01 1.1048e-01
5.4412e-01 7.7907e-01 1.1273e-01
5.4790e-01 7.8231e-01 1.1503e-01
5.5170e-01 7.8561e-01 1.1737e-01
5.5553e-01 7.8897e-01 1.1976e-01
5.5939e-01 7.9240e-01 1.2220e-01
5.6327e-01 7.9590e-01 1.2468e-01
5.6718e-01 7.9947e-01 1.2722e-01
5.7111e-01 8.0310e-01 1.2981e-01
5.7508e-01 8.0680e-01 1.3244e-01
5.7907e-01 8.1058e-01 1.3513e-01
5.8309e-01 8.1442e-01 1.3788e-01
5.8713e-01 8.1834e-01 1.4067e-01
5.9121e-01 8.2233e-01 1.4352e-01
5.9531e-01 8.2639e-01 1.4643e-01
5.9944e-01 8.3052e-01 1.4939e-01
6.0360e-01 8.3472e-01 1.5241e-01
6.0779e-01 8.3900e-01 1.5548e-01
6.1201e-01 8.4335e-01 1.5862e-01
6.1625e-01 8.4777e-01 1.6181e-01
6.2053e-01 8.5227e-01 1.6507e-01
6.2484e-01 8.5685e-01 1.6838e-01
6.2917e-01 8.6151e-01 1.7176e-01
6.3354e-01 8.6625e-01 1.7521e-01
6.3794e-01 8.7107e-01 1.7872e-01
6.4236e-01 8.7598e-01 1.8230e-01
6.4682e-01 8.8097e-01 1.8595e-01
6.5131e-01 8.8604e-01 1.8966e-01
6.5583e-01 8.9120e-01 1.9345e-01
6.6038e-01 8.9645e-01 1.9731e-01
6.6496e-01 9.0179e-01 2.0124e-01
6.6958e-01 9.0721e-01 2.0525e-01
6.7422e-01 9.1272e-01 2.0933e-01
6.7890e-01 9.1833e-01 2.1349e-01
6.8361e-01 9.2402e-01 2.1772e-01
6.8836e-01 9.2980e-01 2.2204e-01
6.9313e-01 9.3568e-01 2.2643e-01
6.9795e-01 9.4164e-01 2.3091e-01
7.0279e-01 9.4769e-01 2.3546e-01
7.0767e-01 9.5383e-01 2.4010e-01
7.1258e-01 9.6005e-01 2.4482e-01
7.1752e-01 9.6637e-01 2.4963e-01
7.2250e-01 9.7278e-01 2.5452e-01
7.2751e-01 9.7927e-01 2.5950e-01
7.3256e-01 9.8586e-01 2.6456e-01
7.3765e-01 9.9254e-01 2.6972e-01
7.4277e-01 9.9931e-01 2.7497e-01
7.4792e-01 1.0062e+00 2.8031e-01
7.5311e-01 1.0131e+00 2.8575e-01
7.5834e-01 1.0202e+00 2.9128e-01
7.6360e-01 1.0273e+00 2.9691e-01
7.6890e-01 1.0346e+00 3.0264e-01
7.7424e-01 1.0419e+00 3.0847e-01
7.7961e-01 1.0493e+00 3.1440e-01
7.8502e-01 1.0569e+00 3.2043e-01
7.9047e-01 1.0645e+00 3.2657e-01
7.9595e-01 1.0722e+00 3.3281e-01
8.0148e-01 1.0800e+00 3.3916e-01
8.0704e-01 1.0879e+00 3.4562e-01
8.1264e-01 1.0959e+00 3.5218e-01
8.1828e-01 1.1040e+00 3.5885e-01
8.2396e-01 1.1121e+00 3.6564e-01
8.2967e-01 1.1204e+00 3.7253e-01
8.3543e-01 1.1287e+00 3.7954e-01
8.4123e-01 1.1371e+00 3.8666e-01
8.4707e-01 1.1456e+00 3.9389e-01
8.5294e-01 1.1542e+00 4.0125e-01
8.5886e-01 1.1628e+00 4.0871e-01
8.6482e-01 1.1716e+00 4.1630e-01
8.7083e-01 1.1804e+00 4.2401e-01
8.7687e-01 1.1893e+00 4.3184e-01
8.8295e-01 1.1982e+00 4.3979e-01
8.8908e-01 1.2073e+00 4.4787e-01
8.9525e-01 1.2164e+00 4.5607e-01
9.0146e-01 1.2255e+00 4.6439e-01
9.0772e-01 1.2348e+00 4.7284e-01
9.1402e-01 1.2441e+00 4.8143e-01
9.2036e-01 1.2534e+00 4.9013e-01
9.2675e-01 1.2629e+00 4.9897e-01
9.3318e-01 1.2723e+00 5.0794e-01
9.3966e-01 1.2819e+00 5.1704e-01
9.4618e-01 1.2914e+00 5.2627e-01
9.5274e-01 1.3011e+00 5.3564e-01
9.5936e-01 1.3107e+00 5.4514e-01
9.6601e-01 1.3205e+00 5.5477e-01
9.7272e-01 1.3302e+00 5.6454e-01
9.7947e-01 1.3400e+00 5.7444e-01
9.8626e-01 1.3498e+00 5.8448e-01
9.9311e-01 1.3596e+00 5.9465e-01
1.0000e+00 1.3695e+00 6.0496e-01
