# k  (h/Mpc)    Pcb(k)  (Mpc/h)^3    Pcb_linear(k) (Mpc/h)^3   ShotnoiseSubtracted = true
      0.0200456         21672.9         22190.7 
      0.0350414         16528.9         17399.8 
      0.0492313         13352.3           13786 
      0.0637834         11342.3         11210.2 
      0.0800726         8613.41         8468.23 
       0.096163         6329.08          6660.8 
       0.111083         5306.67         5638.36 
       0.126058         4709.52         4687.08 
       0.142273         3984.35         3814.05 
       0.158546         3653.59         3249.13 
        0.17375         2968.53         2826.85 
       0.188953         2862.44         2430.23 
       0.204907         2680.97         2103.71 
       0.220756         2358.79         1859.35 
        0.23588         2117.21          1651.5 
         0.2514         1849.25         1463.36 
       0.267535         1855.25         1305.07 
       0.283568         1686.28         1172.72 
       0.299022         1600.72            1059 
       0.314451         1526.72          960.15 
       0.330372         1401.47          873.01 
       0.346141         1362.95         796.957 
       0.361624         1307.28         730.427 
       0.377134         1219.81         671.587 
       0.392932         1175.35         618.566 
       0.408854          1152.6          570.76 
       0.424564         1067.79         528.415 
       0.440253         1046.94         490.514 
       0.455999         1023.63         456.244 
       0.471626         982.496         425.422 
        0.48727         946.689         397.411 
       0.502856         916.504         372.028 
       0.518488         910.347         348.797 
       0.534347          855.06         327.247 
       0.550082         839.005         307.667 
       0.565732         832.405         289.787 
       0.581496         789.939         273.216 
       0.597222         774.328         257.975 
       0.612804         762.661         244.026 
       0.628434         742.382         231.075 
       0.644267         722.624         218.917 
       0.660051         702.695          207.67 
       0.675724         697.786         197.286 
       0.691403         674.137         187.611 
       0.707174         653.956         178.537 
       0.722871         644.328         170.103 
        0.73838         631.067         162.307 
       0.754018         621.275         154.943 
       0.769845         609.246         147.957 
        0.78569         598.107         141.397 
       0.801365         583.047         135.299 
       0.817031         570.089         129.566 
       0.832809         564.215          124.13 
       0.848511         550.899         119.031 
       0.864097         534.212         114.254 
       0.879701          527.37         109.735 
       0.895507          526.16         105.408 
       0.911279         512.064         101.325 
        0.92691         505.845         97.4919 
       0.942635         491.201         93.8372 
       0.958396         478.138         90.3628 
       0.974128         473.463         87.0715 
       0.989692          468.67         83.9773 
        1.00528         453.972         81.0298 
        1.02113         453.078         78.1782 
        1.03692         439.954         75.4751 
        1.05264         435.725         72.9128 
        1.06832         424.402         70.4741 
        1.08405          420.21          68.141 
        1.09979         413.745         65.9126 
        1.11537         405.494         63.8064 
        1.13105         399.553         61.7801 
        1.14679          390.11         59.8344 
        1.16256         379.442          57.969 
        1.17828         380.899         56.1896 
        1.19395         371.916         54.4912 
         1.2097          364.16         52.8546 
        1.22537         356.897         51.2934 
          1.241         352.459         49.8002 
        1.25666         346.572         48.3629 
        1.27241         341.627         46.9758 
        1.28819         335.419          45.641 
        1.30392         329.187         44.3621 
        1.31957         325.344          43.138 
        1.33529         321.599         41.9558 
        1.35108          314.26         40.8134 
        1.36674         307.939         39.7218 
         1.3824         305.981         38.6713 
        1.39811         299.816         37.6554 
        1.41389         296.897         36.6722 
        1.42964         292.865         35.7259 
        1.44531         288.388         34.8177 
        1.46101         281.988         33.9392 
        1.47667         278.871         33.0937 
        1.49229         274.843         32.2795 
        1.50793         268.723         31.4917 
        1.52367         267.074         30.7253 
        1.53953         261.695         29.9793 
        1.55526         257.688          29.264 
        1.57092         256.116         28.5752 
        1.58662         252.242         27.9069 
        1.60235         247.197         27.2588 
        1.61809         243.736          26.631 
        1.63369         241.092         26.0285 
        1.64941          236.63         25.4405 
        1.66519           233.9         24.8685 
        1.68085         231.478         24.3183 
        1.69652         227.022         23.7845 
        1.71228         221.446         23.2638 
        1.72806         219.167         22.7583 
        1.74368         216.423          22.273 
        1.75933         213.384         21.8008 
        1.77505         211.519         21.3402 
        1.79081         208.382         20.8921 
         1.8065         204.065         20.4587 
        1.82218         202.042         20.0381 
        1.83797          200.88         19.6265 
        1.85367         196.939         19.2287 
        1.86928         193.288         18.8443 
        1.88497         191.383         18.4684 
        1.90073         188.796         18.1014 
        1.91647         186.585         17.7447 
        1.93218         183.473         17.3983 
        1.94787         179.742         17.0618 
        1.96363         177.552         16.7328 
        1.97935         176.115         16.4132 
        1.99499         173.718         16.1037 
        2.01064         171.422         15.8018 
         2.0264         170.048         15.5058 
        2.04216         167.371         15.2175 
        2.05781         164.779         14.9384 
        2.07353         162.264         14.6652 
        2.08928         160.308         14.3983 
        2.10499         158.573         14.1388 
        2.12065         156.202         13.8865 
        2.13633         154.042         13.6401 
        2.15211         151.956         13.3981 
        2.16785         150.356         13.1627 
        2.18349         148.383         12.9344 
        2.19916         146.354         12.7111 
        2.21489          144.98         12.4922 
        2.23063         142.849         12.2785 
         2.2463         140.059         12.0706 
        2.26194         138.554         11.8681 
        2.27765         137.068         11.6692 
        2.29341         135.705         11.4744 
        2.30914          133.84         11.2844 
        2.32486         132.181         11.0989 
        2.34061         130.325         10.9172 
        2.35635          128.53         10.7397 
        2.37203          127.33         10.5668 
        2.38768         125.362         10.3981 
        2.40339         123.935         10.2324 
        2.41914         122.302           10.07 
        2.43483          121.37         9.91166 
         2.4505         119.765           9.757 
        2.46622         118.209         9.60512 
        2.48195         116.314         9.45647 
        2.49759         114.887         9.31176 
        2.51328         114.117          9.1697 
        2.52906         112.433         9.02971 
        2.54479          110.78         8.89317 
        2.56049         109.614         8.75971 
        2.57618         108.417         8.62912 
        2.59189         107.782         8.50099 
        2.60758         105.918         8.37567 
        2.62325         104.613         8.25302 
        2.63898         103.264         8.13241 
        2.65468         102.113         8.01446 
        2.67044         100.947         7.89835 
        2.68618         99.9427         7.78481 
        2.70184         98.9225         7.67396 
        2.71755         97.6177         7.56499 
        2.73329         96.1935         7.45797 
        2.74897         95.5887         7.35337 
        2.76462         94.2006           7.251 
        2.78034         93.2802         7.15017 
        2.79607         92.0907         7.05115 
        2.81179         91.3108         6.95412 
        2.82749         90.1483         6.85902 
        2.84321         88.9764          6.7656 
        2.85893         87.9466         6.67394 
        2.87462         86.9328         6.58414 
        2.89033         86.0696         6.49591 
        2.90605         85.3848         6.40923 
        2.92176         83.9244         6.32417 
        2.93747         83.3369         6.24069 
        2.95318         82.3873         6.15871 
        2.96891         81.7054         6.07816 
        2.98456         80.6105         5.99941 
        3.00023          79.659         5.92194 
        3.01596         78.5099          5.8456 
        3.03164         77.9997         5.77083 
        3.04738          77.052         5.69714 
         3.0631          76.208         5.62476 
        3.07883         75.3893         5.55364 
        3.09456          74.892         5.48376 
        3.11026         73.7482         5.41519 
        3.12596          73.063         5.34781 
        3.14163         72.3274         5.28172 
        3.15734         71.5558          5.2166 
        3.17308         70.7468         5.15241 
        3.18879         69.9596         5.08949 
        3.20447         69.3708          5.0277 
         3.2202         68.5353         4.96675 
         3.2359         67.7457         4.90692 
        3.25157         67.0013         4.84822 
        3.26729         66.5588          4.7903 
        3.28304         65.7412         4.73321 
        3.29877         64.9497         4.67713 
        3.31446         64.2914         4.62208 
        3.33014         63.6132         4.56797 
        3.34585         62.9017         4.51463 
        3.36158         62.3213         4.46207 
        3.37727         61.8855         4.41051 
        3.39294         61.0874         4.35982 
        3.40867         60.6493         4.30974 
        3.42439         59.8806         4.26047 
        3.44008         59.3399         4.21207 
        3.45578         58.5585         4.16438 
        3.47153         58.0787         4.11733 
        3.48724         57.7689         4.07108 
        3.50292         57.1728         4.02566 
        3.51859         56.4856         3.98095 
        3.53431         55.9821         3.93678 
        3.55007         55.5144         3.89317 
        3.56577         54.8885         3.85039 
        3.58146         54.2939         3.80828 
        3.59719         53.9115          3.7667 
        3.61292         53.2961         3.72575 
        3.62859         52.6934         3.68557 
        3.64429         52.2248          3.6459 
        3.66003         51.8169         3.60669 
        3.67578         51.4126         3.56808 
        3.69146         50.7606         3.53017 
        3.70712         50.2845         3.49289 
        3.72284         49.8442         3.45601 
        3.73853         49.3731         3.41972 
        3.75422          48.831         3.38394 
        3.76993         48.3491         3.34864 
        3.78564         47.9444         3.31386 
        3.80137         47.5724         3.27951 
        3.81707         47.0524         3.24573 
        3.83279         46.5207         3.21239 
        3.84853          46.342         3.17947 
        3.86424         45.8897         3.14707 
        3.87992         45.3212         3.11517 
        3.89561          44.912         3.08372 
        3.91134         44.5266         3.05263 
        3.92704         44.1392         3.02201 
        3.94273         43.5572         2.99184 
        3.95845         43.2267         2.96202 
        3.97418         42.9488          2.9326 
        3.98988         42.5242         2.90363 
        4.00554         42.1746         2.87512 
        4.02125         41.7211         2.84692 
        4.03698         41.3933         2.81905 
        4.05268         40.8397         2.79161 
        4.06839         40.5906         2.76452 
         4.0841         40.3027          2.7378 
        4.09983         40.0073          2.7114 
        4.11555         39.5558         2.68535 
        4.13124         39.1787         2.65971 
        4.14693         38.9031         2.63439 
        4.16266         38.5799         2.60934 
        4.17839         38.2239         2.58464 
        4.19408         37.7762          2.5603 
        4.20977         37.5494         2.53627 
        4.22551         37.0969         2.51249 
        4.24123         36.8104         2.48904 
        4.25691         36.4738         2.46595 
        4.27259          36.156         2.44315 
        4.28831         35.9199         2.42059 
        4.30404         35.5909          2.3983 
        4.31974         35.2861         2.37633 
        4.33543         34.8565         2.35465 
        4.35116          34.682         2.33319 
        4.36688         34.4643           2.312 
        4.38255         34.0323         2.29116 
        4.39825         33.7518         2.27053 
        4.41398         33.5243         2.25011 
         4.4297         33.1898         2.22996 
        4.44541         33.0307         2.21007 
        4.46111         32.6426         2.19043 
        4.47683         32.3114         2.17101 
        4.49251         32.0873         2.15187 
        4.50819         31.7824         2.13297 
         4.5239         31.6014         2.11427 
        4.53962         31.2902         2.09576 
        4.55535         31.0237         2.07747 
        4.57106         30.7819         2.05943 
        4.58678         30.5377         2.04159 
         4.6025          30.198         2.02396 
        4.61821         29.9906         2.00655 
        4.63391         29.7486         1.98936 
         4.6496         29.4756         1.97237 
        4.66532         29.2587         1.95556 
        4.68103         29.1012         1.93896 
        4.69673         28.7445         1.92256 
        4.71241         28.5933         1.90637 
        4.72811         28.2954         1.89033 
        4.74384         28.0493         1.87447 
        4.75955         27.7987          1.8588 
        4.77525         27.6226         1.84333 
        4.79096         27.4794         1.82801 
        4.80669         27.1104         1.81286 
         4.8224         26.9938          1.7979 
        4.83809         26.7345         1.78312 
        4.85379         26.5311          1.7685 
         4.8695         26.2635         1.75403 
        4.88521         26.0837         1.73973 
        4.90093         25.8909         1.72559 
        4.91663         25.6631         1.71161 
        4.93234         25.4509         1.69778 
        4.94807         25.3063         1.68409 
        4.96377         25.0543         1.67058 
        4.97943         24.9203         1.65724 
        4.99514         24.6952         1.64401 
        5.01086         24.4763         1.63092 
        5.02654         24.2897         1.61801 
        5.04227         24.1057         1.60519 
          5.058         23.9196         1.59251 
        5.07371         23.7228         1.57999 
        5.08942         23.5249         1.56761 
        5.10513         23.3326         1.55535 
        5.12084         23.1914         1.54322 
        5.13656         23.0257         1.53122 
        5.15225         22.8722         1.51937 
        5.16796          22.648         1.50763 
        5.18369         22.4363           1.496 
         5.1994         22.3092         1.48451 
        5.21509         22.1426         1.47315 
        5.23079         21.9267          1.4619 
        5.24649         21.7826         1.45078 
        5.26217         21.5793         1.43978 
        5.27788         21.4663         1.42887 
        5.29359         21.3178         1.41808 
        5.30933         21.1472         1.40739 
        5.32504         20.9692         1.39682 
        5.34073         20.8017         1.38637 
        5.35646          20.692         1.37601 
        5.37218         20.4884         1.36575 
        5.38789         20.3295         1.35561 
        5.40357         20.1808         1.34559 
        5.41929         20.0437         1.33565 
        5.43502         19.8941          1.3258 
         5.4507         19.7673         1.31608 
        5.46639         19.5753         1.30646 
        5.48212         19.4372          1.2969 
        5.49786         19.3053         1.28744 
        5.51353         19.1212         1.27811 
        5.52921         18.9987         1.26887 
        5.54495         18.8678         1.25969 
        5.56066         18.7197         1.25061 
        5.57637         18.5765         1.24162 
        5.59207         18.4287         1.23273 
        5.60778         18.2904         1.22392 
        5.62346         18.1661         1.21521 
        5.63916         18.0995         1.20658 
        5.65487         17.9145         1.19803 
         5.6706         17.8174         1.18955 
        5.68633          17.636         1.18115 
        5.70203          17.507         1.17284 
        5.71773         17.4208         1.16462 
        5.73344         17.2967         1.15647 
        5.74916         17.1433         1.14839 
        5.76486         17.0334         1.14041 
        5.78054          16.885          1.1325 
        5.79626         16.7965         1.12466 
          5.812         16.6844         1.11687 
         5.8277         16.5813         1.10919 
        5.84339         16.4605         1.10158 
        5.85911         16.3231         1.09402 
        5.87484         16.2111         1.08654 
        5.89053         16.0967         1.07914 
        5.90623         15.9941          1.0718 
        5.92195         15.9001         1.06452 
        5.93767         15.7407         1.05732 
        5.95336         15.6462         1.05019 
        5.96905         15.5499         1.04313 
        5.98476         15.4306         1.03612 
        6.00048         15.3346         1.02918 
        6.01617         15.2301         1.02231 
        6.03185          15.113         1.01551 
        6.04756         14.9894         1.00876 
        6.06331         14.8938         1.00205 
        6.07903         14.8046        0.995419 
        6.09473         14.6882        0.988853 
        6.11044         14.5639        0.982341 
        6.12616          14.477        0.975888 
        6.14186          14.372          0.9695 
        6.15755         14.2988        0.963169 
        6.17326         14.1742         0.95689 
        6.18898         14.1031        0.950664 
        6.20467          14.007        0.944505 
        6.22036         13.9008          0.9384 
         6.2361         13.8016        0.932333 
         6.2518         13.6937        0.926329 
        6.26748         13.6039        0.920392 
        6.28319         13.5212         0.91449 
        6.29893         13.4217        0.908635 
        6.31463         13.3263         0.90284 
        6.33033          13.254        0.897099 
        6.34604         13.1445        0.891403 
        6.36177         13.0737        0.885751 
        6.37747         12.9731        0.880158 
        6.39316         12.8812        0.874617 
        6.40888         12.7888        0.869113 
         6.4246         12.7315        0.863656 
        6.44031         12.6528        0.858249 
        6.45601         12.5547        0.852895 
        6.47172         12.4526         0.84758 
        6.48744         12.3875        0.842308 
        6.50313         12.3041         0.83709 
        6.51882         12.2073        0.831918 
        6.53452         12.1265        0.826785 
        6.55025         12.0727        0.821686 
        6.56597          11.977        0.816637 
        6.58166         11.9148        0.811636 
        6.59736         11.8189        0.806675 
        6.61307         11.7443         0.80175 
         6.6288         11.6573        0.796864 
         6.6445         11.5622        0.792025 
         6.6602         11.5051        0.787227 
        6.67592         11.4355        0.782463 
        6.69164         11.3463        0.777741 
        6.70735         11.2675        0.773058 
        6.72304         11.2063        0.768419 
        6.73874         11.1433        0.763817 
        6.75446         11.0461        0.759247 
        6.77016          10.986         0.75472 
        6.78585         10.9262        0.750231 
        6.80156         10.8624        0.745777 
        6.81729           10.79         0.74135 
        6.83301         10.7122        0.736961 
         6.8487          10.655        0.732618 
         6.8644         10.5731        0.728306 
        6.88012         10.4907        0.724025 
        6.89583          10.436        0.719782 
        6.91151         10.3695        0.715579 
        6.92723         10.2891        0.711399 
        6.94296         10.2558        0.707251 
        6.95866         10.1715        0.703143 
        6.97436         10.0995        0.699068 
        6.99007         10.0543        0.695023 
        7.00578         9.98118        0.691011 
        7.02147         9.93258        0.687034 
        7.03718          9.8662        0.683085 
         7.0529         9.78941        0.679163 
        7.06863          9.7323         0.67527 
        7.08433         9.67641        0.671414 
        7.10004         9.60721        0.667588 
        7.11575         9.55076        0.663791 
        7.13145         9.50253        0.660025 
        7.14715         9.43355        0.656288 
        7.16284         9.36973        0.652585 
        7.17855         9.33239        0.648903 
        7.19428          9.2602        0.645245 
        7.20998         9.20906        0.641623 
        7.22568         9.15006        0.638029 
        7.24139         9.07324         0.63446 
        7.25711         9.04408        0.630918 
        7.27282         8.98206        0.627402 
        7.28852         8.93402        0.623918 
        7.30423         8.88059        0.620456 
        7.31995         8.81084        0.617021 
        7.33565         8.76528        0.613613 
        7.35135         8.71219        0.610231 
        7.36706         8.65686        0.606876 
        7.38277         8.59509        0.603543 
        7.39847         8.55202        0.600237 
        7.41419         8.50877        0.596954 
         7.4299         8.45036        0.593696 
        7.44561         8.40646        0.590462 
        7.46132         8.35083        0.587253 
        7.47701          8.3066        0.584072 
        7.49272          8.2481         0.58091 
        7.50842         8.19577        0.577774 
         7.5241           8.152        0.574664 
        7.53981         8.09402        0.571573 
        7.55552         8.05789        0.568503 
        7.57125         8.01082        0.565453 
        7.58698         7.96357        0.562425 
        7.60268         7.90775        0.559425 
         7.6184         7.86482        0.556443 
        7.63411         7.80696        0.553484 
        7.64981         7.78045        0.550549 
        7.66552         7.72262        0.547635 
        7.68123         7.68369         0.54474 
        7.69695         7.63146        0.541865 
        7.71264         7.59865        0.539015 
        7.72834          7.5503        0.536185 
        7.74407         7.50266         0.53337 
        7.75978         7.46477        0.530577 
        7.77546         7.41192        0.527811 
        7.79116         7.37462        0.525061 
         7.8069         7.34447        0.522325 
         7.8226         7.29273        0.519612 
        7.83828          7.2458        0.516924 
        7.85399         7.20308        0.514251 
        7.86972         7.15213        0.511592 
        7.88543         7.13514        0.508956 
        7.90111         7.08222        0.506343 
        7.91681         7.03821        0.503744 
        7.93255         7.00545        0.501159 
        7.94828         6.96144        0.498593 
        7.96397         6.92484         0.49605 
        7.97967         6.87616        0.493524 
        7.99538         6.84221        0.491015 
         8.0111         6.80525        0.488522 
         8.0268         6.77244        0.486048 
        8.04248         6.73373        0.483594 
         8.0582         6.69269        0.481153 
        8.07393         6.64763        0.478725 
        8.08963         6.61477         0.47632 
        8.10533         6.57549        0.473931 
        8.12104         6.53778        0.471557 
        8.13675         6.50832        0.469198 
        8.15245         6.46944        0.466858 
        8.16815         6.43237        0.464534 
        8.18387         6.39588        0.462223 
        8.19959         6.36915        0.459927 
         8.2153          6.3251        0.457649 
        8.23101         6.28938        0.455385 
        8.24672         6.25651        0.453138 
        8.26241          6.2268        0.450908 
         8.2781         6.18655        0.448694 
        8.29381         6.15321        0.446491 
        8.30952         6.12009        0.444303 
        8.32524          6.0877        0.442128 
        8.34095         6.05485         0.43997 
        8.35666         6.02317        0.437826 
        8.37237         5.99651        0.435696 
        8.38808         5.95076         0.43358 
        8.40379         5.91969        0.431479 
         8.4195         5.89821        0.429392 
         8.4352         5.85528        0.427319 
        8.45091         5.82326         0.42526 
        8.46662         5.79997        0.423213 
        8.48232         5.76059        0.421181 
        8.49802         5.73929        0.419163 
        8.51374           5.706        0.417155 
        8.52945         5.67318        0.415162 
        8.54515         5.63937        0.413183 
        8.56086          5.6091        0.411215 
        8.57658         5.58497        0.409261 
        8.59228         5.54817         0.40732 
        8.60799         5.52333         0.40539 
        8.62371         5.49184        0.403473 
        8.63942         5.46302        0.401569 
        8.65512         5.43591        0.399678 
        8.67082         5.41489          0.3978 
        8.68653         5.38199        0.395932 
        8.70224         5.34847        0.394076 
        8.71795         5.32521        0.392233 
        8.73365         5.28905        0.390402 
        8.74936         5.26834        0.388582 
        8.76506         5.23714        0.386775 
        8.78076          5.2114        0.384979 
        8.79646         5.18642        0.383195 
        8.81218         5.15781         0.38142 
        8.82791         5.13557        0.379654 
         8.8436          5.1039        0.377904 
         8.8593         5.07583        0.376165 
        8.87503         5.04989        0.374433 
        8.89076         5.02338        0.372712 
        8.90644         4.99695        0.371007 
        8.92214          4.9754        0.369311 
        8.93786         4.95465        0.367624 
        8.95357         4.92919        0.365947 
        8.96928         4.89719        0.364282 
        8.98498         4.87704        0.362628 
        9.00069         4.85774        0.360983 
        9.01639         4.82796        0.359348 
        9.03208         4.80897        0.357726 
        9.04778         4.77978        0.356112 
        9.06351         4.75455        0.354506 
        9.07923         4.72673         0.35291 
        9.09493          4.7012        0.351326 
        9.11062         4.68273        0.349753 
        9.12635         4.66478        0.348186 
        9.14207         4.63432        0.346629 
        9.15777         4.61789        0.345084 
        9.17346         4.58918        0.343549 
        9.18917         4.56536        0.342021 
         9.2049         4.54006        0.340501 
        9.22061         4.52667        0.338992 
        9.23631         4.49941        0.337493 
        9.25201         4.48639        0.336004 
        9.26773         4.46524        0.334521 
        9.28343         4.43565        0.333049 
        9.29913         4.41749        0.331586 
        9.31484         4.39214        0.330131 
        9.33057         4.37444        0.328683 
        9.34627         4.35618        0.327245 
        9.36197         4.33159        0.325818 
        9.37768         4.31428        0.324396 
        9.39338         4.29715        0.322985 
        9.40909         4.27093        0.321582 
        9.42479         4.25297        0.320187 
         9.4405         4.23012        0.318801 
        9.45621         4.20936        0.317422 
        9.47193         4.19038        0.316052 
        9.48763         4.17559         0.31469 
        9.50334         4.15023        0.313336 
        9.51906         4.13237         0.31199 
        9.53476         4.11425        0.310652 
        9.55045         4.09494        0.309323 
        9.56616         4.07958        0.308001 
        9.58188         4.05552        0.306685 
        9.59759         4.04198        0.305377 
         9.6133         4.01871        0.304077 
        9.62901         4.00302        0.302783 
        9.64471         3.98527        0.301498 
        9.66041         3.96556         0.30022 
        9.67612         3.95142        0.298947 
        9.69184         3.92427        0.297682 
        9.70754         3.90861        0.296426 
        9.72324         3.89206        0.295177 
        9.73895         3.87433        0.293935 
        9.75467         3.85845        0.292701 
        9.77038         3.83774        0.291475 
        9.78607          3.8241        0.290259 
        9.80177         3.80409        0.289051 
        9.81749         3.79248        0.287849 
         9.8332         3.77594        0.286657 
         9.8489         3.75691        0.285473 
        9.86463         3.74398        0.284294 
        9.88035         3.72267        0.283122 
        9.89606         3.70448        0.281957 
        9.91175         3.69964        0.280797 
        9.92745         3.67665        0.279642 
        9.94317         3.66159        0.278488 
        9.95888         3.64668        0.277338 
        9.97458         3.62935         0.27619 
        9.99029         3.61388        0.275042 
         10.006         3.60031        0.274334 
        10.0217         3.58081        0.274334 
        10.0374         3.56944        0.274334 
        10.0531          3.5496        0.274334 
        10.0688         3.53557        0.274334 
        10.0845         3.51978        0.274334 
        10.1002         3.51029        0.274334 
        10.1159         3.49283        0.274334 
        10.1317         3.48378        0.274334 
        10.1474         3.46744        0.274334 
        10.1631         3.45219        0.274334 
        10.1788         3.43635        0.274334 
        10.1945         3.42136        0.274334 
        10.2102         3.40691        0.274334 
        10.2259         3.39687        0.274334 
        10.2416         3.38135        0.274334 
        10.2573          3.3699        0.274334 
         10.273         3.35763        0.274334 
        10.2887         3.34194        0.274334 
        10.3044         3.33068        0.274334 
        10.3201         3.31572        0.274334 
        10.3359         3.30154        0.274334 
        10.3516         3.28675        0.274334 
        10.3673         3.27796        0.274334 
         10.383         3.26436        0.274334 
        10.3987          3.2495        0.274334 
        10.4144         3.23961        0.274334 
        10.4301         3.23042        0.274334 
        10.4458         3.21301        0.274334 
        10.4615         3.20043        0.274334 
        10.4772          3.1892        0.274334 
        10.4929         3.17849        0.274334 
        10.5086         3.16554        0.274334 
        10.5244         3.15378        0.274334 
        10.5401         3.14192        0.274334 
        10.5558         3.13389        0.274334 
        10.5715         3.11914        0.274334 
        10.5872         3.10903        0.274334 
        10.6029         3.09653        0.274334 
        10.6186         3.08881        0.274334 
        10.6343         3.07642        0.274334 
          10.65         3.06771        0.274334 
        10.6657         3.05401        0.274334 
        10.6814         3.04196        0.274334 
        10.6971         3.03362        0.274334 
        10.7129         3.02222        0.274334 
        10.7286         3.01398        0.274334 
        10.7443          3.0027        0.274334 
          10.76         2.99125        0.274334 
        10.7757         2.97961        0.274334 
        10.7914         2.97028        0.274334 
        10.8071         2.96121        0.274334 
        10.8228         2.95305        0.274334 
        10.8385         2.94407        0.274334 
        10.8542         2.93109        0.274334 
        10.8699         2.92533        0.274334 
        10.8856          2.9129        0.274334 
        10.9014         2.90783        0.274334 
        10.9171         2.89911        0.274334 
        10.9328          2.8868        0.274334 
        10.9485         2.87513        0.274334 
        10.9642         2.86928        0.274334 
        10.9799         2.85885        0.274334 
        10.9956         2.85045        0.274334 
        11.0113         2.84529        0.274334 
         11.027         2.83608        0.274334 
        11.0427         2.82286        0.274334 
        11.0584         2.81616        0.274334 
        11.0741         2.81064        0.274334 
        11.0898         2.80029        0.274334 
        11.1055         2.79144        0.274334 
        11.1212          2.7846        0.274334 
         11.137         2.77776        0.274334 
        11.1527         2.76684        0.274334 
        11.1684         2.76307        0.274334 
        11.1841         2.75486        0.274334 
        11.1998         2.74666        0.274334 
        11.2155         2.73989        0.274334 
        11.2312         2.73395        0.274334 
        11.2469         2.72531        0.274334 
        11.2626         2.71937        0.274334 
        11.2783         2.70877        0.274334 
         11.294         2.70351        0.274334 
        11.3097         2.69991        0.274334 
        11.3254         2.69005        0.274334 
        11.3412         2.68383        0.274334 
        11.3569         2.67675        0.274334 
        11.3726         2.67134        0.274334 
        11.3883          2.6668        0.274334 
         11.404         2.66108        0.274334 
        11.4197         2.65499        0.274334 
        11.4354         2.64788        0.274334 
        11.4511         2.64335        0.274334 
        11.4668         2.63778        0.274334 
        11.4825         2.63075        0.274334 
        11.4982          2.6284        0.274334 
         11.514         2.61814        0.274334 
        11.5297         2.61511        0.274334 
        11.5454         2.61029        0.274334 
        11.5611         2.60464        0.274334 
        11.5768         2.60192        0.274334 
        11.5925         2.59234        0.274334 
        11.6082          2.5894        0.274334 
        11.6239         2.58204        0.274334 
        11.6396         2.57712        0.274334 
        11.6553         2.57547        0.274334 
         11.671         2.57218        0.274334 
        11.6867         2.56813        0.274334 
        11.7024         2.56349        0.274334 
        11.7182          2.5554        0.274334 
        11.7339         2.55267        0.274334 
        11.7496         2.55123        0.274334 
        11.7653         2.54602        0.274334 
         11.781         2.54038        0.274334 
        11.7967         2.53912        0.274334 
        11.8124         2.53378        0.274334 
        11.8281         2.53053        0.274334 
        11.8438         2.52914        0.274334 
        11.8595         2.52632        0.274334 
        11.8752         2.52098        0.274334 
         11.891         2.52133        0.274334 
        11.9067         2.51836        0.274334 
        11.9224         2.51399        0.274334 
        11.9381         2.50888        0.274334 
        11.9538         2.50602        0.274334 
        11.9695         2.50639        0.274334 
        11.9852         2.50561        0.274334 
        12.0009         2.50043        0.274334 
        12.0166         2.50223        0.274334 
        12.0323         2.49599        0.274334 
         12.048         2.49609        0.274334 
        12.0637         2.49409        0.274334 
