# k  (h/Mpc)    Pcb(k)  (Mpc/h)^3    Pcb_linear(k) (Mpc/h)^3   ShotnoiseSubtracted = true
      0.0200456         75.4047         76.2746 
      0.0350414          59.818          59.807 
      0.0492313         47.4408         47.3856 
      0.0637834         38.5955          38.532 
      0.0800726         29.3261         29.1072 
       0.096163         22.9177         22.8947 
       0.111083         19.2963         19.3803 
       0.126058         16.1402         16.1106 
       0.142273         13.1904         13.1098 
       0.158546         11.1878          11.168 
        0.17375         9.68472         9.71654 
       0.188953         8.36663         8.35326 
       0.204907         7.30226         7.23094 
       0.220756         6.40589           6.391 
        0.23588         5.68876          5.6766 
         0.2514         5.03438         5.02992 
       0.267535          4.4908         4.48583 
       0.283568         4.03775         4.03091 
       0.299022         3.65084         3.64002 
       0.314451         3.28853         3.30026 
       0.330372         3.00093         3.00074 
       0.346141         2.73928         2.73932 
       0.361624         2.51564         2.51064 
       0.377134         2.31826          2.3084 
       0.392932         2.10962         2.12616 
       0.408854         1.96875         1.96183 
       0.424564         1.81373         1.81629 
       0.440253         1.68611         1.68601 
       0.455999          1.5746         1.56822 
       0.471626          1.4709         1.46227 
        0.48727         1.36665         1.36599 
       0.502856         1.27723         1.27875 
       0.518488         1.20729          1.1989 
       0.534347         1.13677         1.12482 
       0.550082         1.05804         1.05752 
       0.565732        0.988994        0.996066 
       0.581496        0.942254        0.939105 
       0.597222        0.890994        0.886721 
       0.612804        0.840294        0.838775 
       0.628434        0.800216        0.794258 
       0.644267        0.754737        0.752467 
       0.660051          0.7146         0.71381 
       0.675724        0.680935        0.678118 
       0.691403        0.649252        0.644864 
       0.707174        0.616199        0.613672 
       0.722871        0.584177        0.584683 
        0.73838        0.561483        0.557887 
       0.754018        0.537908        0.532575 
       0.769845        0.513015        0.508563 
        0.78569        0.489084        0.486014 
       0.801365        0.467243        0.465055 
       0.817031        0.448049         0.44535 
       0.832809        0.429453        0.426664 
       0.848511        0.411043        0.409136 
       0.864097        0.393019        0.392716 
       0.879701        0.377162        0.377185 
       0.895507        0.365139        0.362313 
       0.911279        0.350527        0.348276 
        0.92691        0.336403        0.335102 
       0.942635        0.324425         0.32254 
       0.958396        0.311611        0.310598 
       0.974128        0.300276        0.299285 
       0.989692        0.290191        0.288649 
        1.00528        0.280763        0.278518 
        1.02113        0.268821        0.268716 
        1.03692        0.260625        0.259425 
        1.05264        0.251901        0.250618 
        1.06832        0.243616        0.242236 
        1.08405        0.234622        0.234216 
        1.09979        0.226891        0.226557 
        1.11537        0.221236        0.219317 
        1.13105        0.213833        0.212353 
        1.14679        0.207828        0.205665 
        1.16256        0.199675        0.199253 
        1.17828        0.193694        0.193137 
        1.19395        0.187469        0.187299 
         1.2097        0.181803        0.181673 
        1.22537        0.177554        0.176307 
          1.241        0.171963        0.171175 
        1.25666        0.167481        0.166234 
        1.27241        0.162205        0.161467 
        1.28819        0.157622        0.156879 
        1.30392        0.153065        0.152483 
        1.31957        0.149053        0.148275 
        1.33529        0.144543        0.144212 
        1.35108         0.14082        0.140285 
        1.36674          0.1361        0.136533 
         1.3824        0.133998        0.132922 
        1.39811        0.129786         0.12943 
        1.41389        0.126434        0.126051 
        1.42964        0.123725        0.122798 
        1.44531        0.119792        0.119676 
        1.46101        0.117127        0.116657 
        1.47667        0.113628        0.113751 
        1.49229        0.111139        0.110952 
        1.50793        0.108141        0.108244 
        1.52367        0.105727         0.10561 
        1.53953        0.103534        0.103046 
        1.55526        0.101002        0.100587 
        1.57092       0.0979401       0.0982195 
        1.58662       0.0960823       0.0959225 
        1.60235       0.0941618       0.0936947 
        1.61809       0.0913181       0.0915368 
        1.63369       0.0896313       0.0894661 
        1.64941       0.0877231       0.0874449 
        1.66519       0.0855085       0.0854789 
        1.68085       0.0834194       0.0835876 
        1.69652       0.0815009        0.081753 
        1.71228       0.0802097       0.0799632 
        1.72806       0.0778705       0.0782257 
        1.74368       0.0765718       0.0765574 
        1.75933       0.0749465       0.0749345 
        1.77505       0.0732493       0.0733511 
        1.79081       0.0719251       0.0718108 
         1.8065       0.0699828       0.0703214 
        1.82218       0.0688054       0.0688757 
        1.83797       0.0672842       0.0674608 
        1.85367       0.0659016       0.0660935 
        1.86928       0.0647387       0.0647724 
        1.88497       0.0635358       0.0634803 
        1.90073       0.0621517       0.0622187 
        1.91647       0.0607517       0.0609925 
        1.93218       0.0595257       0.0598021 
        1.94787       0.0583109       0.0586453 
        1.96363       0.0573875       0.0575145 
        1.97935        0.056089       0.0564159 
        1.99499        0.055107       0.0553523 
        2.01064       0.0542108       0.0543146 
         2.0264       0.0532182        0.053297 
        2.04216       0.0520997       0.0523061 
        2.05781       0.0511753       0.0513466 
        2.07353       0.0499744       0.0504078 
        2.08928       0.0491861       0.0494905 
        2.10499        0.048113       0.0485984 
        2.12065       0.0474749       0.0477311 
        2.13633       0.0464088       0.0468842 
        2.15211       0.0458949       0.0460525 
        2.16785       0.0450499       0.0452432 
        2.18349         0.04398       0.0444585 
        2.19916       0.0435611       0.0436908 
        2.21489       0.0428502       0.0429388 
        2.23063       0.0419373       0.0422039 
         2.2463       0.0410637       0.0414895 
        2.26194       0.0403827       0.0407935 
        2.27765       0.0397204       0.0401099 
        2.29341       0.0392288       0.0394402 
        2.30914       0.0384133       0.0387872 
        2.32486       0.0377827       0.0381494 
        2.34061       0.0372256       0.0375248 
        2.35635       0.0365325       0.0369148 
        2.37203       0.0359883       0.0363205 
        2.38768       0.0353253       0.0357406 
        2.40339       0.0347577       0.0351712 
        2.41914       0.0343528       0.0346129 
        2.43483       0.0335698       0.0340687 
         2.4505       0.0331097       0.0335371 
        2.46622       0.0326178        0.033015 
        2.48195       0.0320231       0.0325041 
        2.49759       0.0316177       0.0320067 
        2.51328       0.0312491       0.0315184 
        2.52906       0.0306645       0.0310372 
        2.54479       0.0302157       0.0305679 
        2.56049       0.0297453       0.0301092 
        2.57618       0.0292915       0.0296603 
        2.59189       0.0288359       0.0292199 
        2.60758       0.0284747       0.0287891 
        2.62325        0.027998       0.0283676 
        2.63898       0.0275513        0.027953 
        2.65468       0.0271528       0.0275476 
        2.67044       0.0268495       0.0271485 
        2.68618       0.0264125       0.0267582 
        2.70184       0.0260139       0.0263772 
        2.71755       0.0255541       0.0260026 
        2.73329       0.0252108       0.0256348 
        2.74897       0.0249691       0.0252752 
        2.76462       0.0245278       0.0249234 
        2.78034       0.0241706       0.0245768 
        2.79607        0.023908       0.0242364 
        2.81179       0.0235178       0.0239029 
        2.82749       0.0231956        0.023576 
        2.84321       0.0228865       0.0232549 
        2.85893       0.0225485       0.0229399 
        2.87462       0.0222995       0.0226312 
        2.89033       0.0220163        0.022328 
        2.90605       0.0216271         0.02203 
        2.92176       0.0214478       0.0217376 
        2.93747       0.0211066       0.0214507 
        2.95318       0.0207838       0.0211689 
        2.96891       0.0205656       0.0208921 
        2.98456       0.0203519       0.0206214 
        3.00023        0.019994       0.0203551 
        3.01596       0.0196957       0.0200927 
        3.03164       0.0195593       0.0198357 
        3.04738       0.0192538       0.0195824 
         3.0631       0.0189294       0.0193336 
        3.07883       0.0187084       0.0190892 
        3.09456       0.0185764        0.018849 
        3.11026        0.018292       0.0186133 
        3.12596       0.0181145       0.0183816 
        3.14163       0.0178301       0.0181545 
        3.15734       0.0176401       0.0179306 
        3.17308       0.0173854         0.01771 
        3.18879       0.0172056       0.0174937 
        3.20447       0.0170148       0.0172814 
         3.2202       0.0167969       0.0170719 
         3.2359       0.0166132       0.0168662 
        3.25157       0.0163779       0.0166645 
        3.26729       0.0162408       0.0164654 
        3.28304       0.0159963       0.0162692 
        3.29877       0.0158436       0.0160764 
        3.31446       0.0156504       0.0158872 
        3.33014       0.0154278       0.0157012 
        3.34585       0.0152482       0.0155178 
        3.36158       0.0150906       0.0153372 
        3.37727       0.0149322         0.01516 
        3.39294       0.0147726       0.0149857 
        3.40867       0.0146238       0.0148136 
        3.42439       0.0144827       0.0146442 
        3.44008       0.0143058       0.0144778 
        3.45578       0.0141455       0.0143139 
        3.47153       0.0139721       0.0141522 
        3.48724        0.013883       0.0139933 
        3.50292       0.0136378       0.0138371 
        3.51859       0.0134983       0.0136834 
        3.53431       0.0134155       0.0135316 
        3.55007       0.0132873       0.0133817 
        3.56577       0.0131628       0.0132347 
        3.58146       0.0129384       0.0130899 
        3.59719       0.0128297        0.012947 
        3.61292       0.0126808       0.0128063 
        3.62859       0.0125726       0.0126681 
        3.64429       0.0124619       0.0125318 
        3.66003       0.0123366        0.012397 
        3.67578       0.0122101       0.0122643 
        3.69146       0.0121179        0.012134 
        3.70712       0.0120014       0.0120059 
        3.72284       0.0118563       0.0118791 
        3.73853       0.0117177       0.0117544 
        3.75422       0.0116654       0.0116314 
        3.76993       0.0115082         0.01151 
        3.78564         0.01146       0.0113905 
        3.80137       0.0113297       0.0112724 
        3.81707       0.0111897       0.0111563 
        3.83279       0.0110921       0.0110417 
        3.84853       0.0110137       0.0109286 
        3.86424       0.0108884       0.0108172 
        3.87992       0.0107897       0.0107076 
        3.89561       0.0107218       0.0105995 
        3.91134       0.0106348       0.0104926 
        3.92704        0.010489       0.0103873 
        3.94273       0.0104401       0.0102836 
        3.95845       0.0103239       0.0101811 
        3.97418       0.0102168         0.01008 
        3.98988       0.0101546      0.00998044 
        4.00554       0.0100173      0.00988246 
        4.02125      0.00991396      0.00978551 
        4.03698      0.00982271      0.00968972 
        4.05268      0.00970291      0.00959542 
        4.06839      0.00956732      0.00950231 
         4.0841      0.00948252      0.00941046 
        4.09983      0.00934438      0.00931969 
        4.11555      0.00925857      0.00923017 
        4.13124      0.00914632      0.00914206 
        4.14693      0.00905221      0.00905502 
        4.16266      0.00892707      0.00896892 
        4.17839      0.00885646      0.00888399 
        4.19408        0.008764      0.00880035 
        4.20977       0.0086817      0.00871775 
        4.22551      0.00859863      0.00863601 
        4.24123      0.00849638      0.00855541 
        4.25691      0.00842285      0.00847605 
        4.27259      0.00835355      0.00839768 
        4.28831      0.00830343      0.00832013 
        4.30404      0.00820906       0.0082435 
        4.31974       0.0081353      0.00816799 
        4.33543      0.00806733      0.00809347 
        4.35116      0.00800477      0.00801971 
        4.36688       0.0079403      0.00794689 
        4.38255      0.00789638      0.00787524 
        4.39825      0.00786587      0.00780433 
        4.41398      0.00782951      0.00773414 
         4.4297      0.00778971      0.00766489 
        4.44541      0.00773189       0.0075965 
        4.46111      0.00767103        0.007529 
        4.47683      0.00766577      0.00746227 
        4.49251       0.0076083      0.00739649 
        4.50819      0.00759735      0.00733151 
         4.5239      0.00758161      0.00726722 
        4.53962      0.00755397      0.00720362 
        4.55535      0.00752986      0.00714075 
        4.57106      0.00754247      0.00707873 
        4.58678      0.00750203      0.00701742 
         4.6025       0.0075157      0.00695683 
        4.61821      0.00751835      0.00689696 
        4.63391      0.00749386      0.00683787 
         4.6496      0.00750353       0.0067795 
        4.66532        0.007497      0.00672172 
        4.68103      0.00751312      0.00666464 
        4.69673      0.00750475      0.00660828 
        4.71241      0.00753203      0.00655262 
        4.72811      0.00753083      0.00649751 
        4.74384      0.00757138      0.00644297 
        4.75955      0.00757836      0.00638914 
        4.77525      0.00761886      0.00633594 
        4.79096      0.00765732      0.00628329 
        4.80669      0.00765456      0.00623122 
         4.8224      0.00770952      0.00617979 
        4.83809      0.00771695      0.00612899 
        4.85379      0.00779611      0.00607874 
         4.8695      0.00783865      0.00602901 
        4.88521      0.00787616      0.00597985 
        4.90093      0.00793009      0.00593124 
        4.91663      0.00802191      0.00588321 
        4.93234      0.00804411      0.00583566 
        4.94807      0.00812094      0.00578861 
        4.96377      0.00818392      0.00574216 
        4.97943      0.00823771      0.00569631 
        4.99514       0.0083333      0.00565085 
        5.01086      0.00839323      0.00560586 
        5.02654      0.00849608      0.00556146 
        5.04227      0.00858034      0.00551742 
          5.058      0.00866664      0.00547383 
        5.07371      0.00876727       0.0054308 
        5.08942       0.0088796      0.00538822 
        5.10513      0.00892857       0.0053461 
        5.12084      0.00905867      0.00530441 
        5.13656      0.00913991      0.00526316 
        5.15225      0.00925285      0.00522243 
        5.16796      0.00939222      0.00518206 
        5.18369      0.00953447      0.00514208 
         5.1994      0.00965405       0.0051026 
        5.21509      0.00983514      0.00506357 
        5.23079      0.00988913       0.0050249 
        5.24649       0.0100978      0.00498666 
        5.26217       0.0102019      0.00494884 
        5.27788        0.010406      0.00491137 
        5.29359       0.0105438      0.00487427 
        5.30933       0.0107243      0.00483751 
        5.32504       0.0108582      0.00480119 
        5.34073       0.0110815      0.00476527 
        5.35646       0.0112201      0.00472966 
        5.37218       0.0113841       0.0046944 
        5.38789       0.0116257      0.00465956 
        5.40357       0.0117626      0.00462511 
        5.41929       0.0119658      0.00459093 
        5.43502       0.0122087      0.00455709 
         5.4507       0.0124716      0.00452368 
        5.46639       0.0127166      0.00449059 
        5.48212       0.0127962      0.00445776 
        5.49786       0.0131459      0.00442522 
        5.51353        0.013391      0.00439316 
        5.52921       0.0136275      0.00436139 
        5.54495       0.0139134      0.00432984 
        5.56066       0.0141662      0.00429864 
        5.57637       0.0144455      0.00426774 
        5.59207       0.0146934      0.00423718 
        5.60778       0.0150043      0.00420691 
        5.62346       0.0153628      0.00417697 
        5.63916       0.0156085       0.0041473 
        5.65487       0.0159553       0.0041179 
         5.6706       0.0161926      0.00408875 
        5.68633       0.0166188      0.00405987 
        5.70203       0.0169529      0.00403133 
        5.71773       0.0173607      0.00400307 
        5.73344       0.0176539      0.00397506 
        5.74916       0.0180995       0.0039473 
        5.76486       0.0184854      0.00391984 
        5.78054       0.0188595      0.00389268 
        5.79626       0.0191789       0.0038657 
          5.812       0.0197223      0.00383896 
         5.8277       0.0200966      0.00381254 
        5.84339       0.0205646      0.00378637 
        5.85911       0.0211411       0.0037604 
        5.87484       0.0215923      0.00373467 
        5.89053       0.0221065      0.00370924 
        5.90623       0.0227549      0.00368403 
        5.92195       0.0231966      0.00365901 
        5.93767       0.0237063      0.00363424 
        5.95336       0.0241887      0.00360974 
        5.96905       0.0249515      0.00358547 
        5.98476        0.025325      0.00356139 
        6.00048       0.0259409      0.00353753 
        6.01617       0.0266115      0.00351391 
        6.03185       0.0271589      0.00349054 
        6.04756       0.0279625      0.00346733 
        6.06331       0.0285039      0.00344428 
        6.07903       0.0293588      0.00342148 
        6.09473       0.0298481      0.00339892 
        6.11044       0.0308902      0.00337653 
        6.12616       0.0317123      0.00335435 
        6.14186       0.0322407       0.0033324 
        6.15755       0.0330879      0.00331064 
        6.17326       0.0338381      0.00328905 
        6.18898       0.0349874      0.00326765 
        6.20467       0.0359138      0.00324648 
        6.22036       0.0367605       0.0032255 
         6.2361       0.0376814      0.00320464 
         6.2518       0.0387752      0.00318401 
        6.26748       0.0394111       0.0031636 
        6.28319        0.040743      0.00314331 
        6.29893       0.0417355      0.00312319 
        6.31463       0.0430236      0.00310327 
        6.33033       0.0440651      0.00308354 
        6.34604       0.0452457      0.00306396 
        6.36177       0.0465266      0.00304453 
        6.37747       0.0477534      0.00302531 
        6.39316       0.0490279      0.00300626 
        6.40888       0.0506531      0.00298734 
         6.4246       0.0520708      0.00296859 
        6.44031       0.0533809         0.00295 
        6.45601       0.0550408       0.0029316 
        6.47172       0.0558137      0.00291333 
        6.48744       0.0581065      0.00289521 
        6.50313       0.0590861      0.00287727 
        6.51882       0.0617116       0.0028595 
        6.53452       0.0633143      0.00284185 
        6.55025       0.0653215      0.00282432 
        6.56597       0.0663254      0.00280697 
        6.58166       0.0691171      0.00278978 
        6.59736       0.0712139      0.00277273 
        6.61307       0.0733116       0.0027558 
         6.6288       0.0748439      0.00273901 
         6.6445       0.0772678      0.00272237 
         6.6602       0.0797605      0.00270588 
        6.67592       0.0824185      0.00268951 
        6.69164       0.0849477      0.00267327 
        6.70735       0.0871523      0.00265718 
        6.72304       0.0898506      0.00264123 
        6.73874       0.0929852      0.00262541 
        6.75446       0.0957582      0.00260971 
        6.77016       0.0994209      0.00259415 
        6.78585          0.1021      0.00257872 
        6.80156         0.10553      0.00256341 
        6.81729        0.108065      0.00254819 
        6.83301        0.111934      0.00253311 
         6.8487        0.115888      0.00251818 
         6.8644        0.119978      0.00250336 
        6.88012        0.124954      0.00248864 
        6.89583        0.128365      0.00247406 
        6.91151        0.133854      0.00245961 
        6.92723        0.136472      0.00244524 
        6.94296         0.14184      0.00243099 
        6.95866         0.14724      0.00241687 
        6.97436        0.153085      0.00240286 
        6.99007        0.156215      0.00238896 
        7.00578        0.163927      0.00237516 
        7.02147         0.16996       0.0023615 
        7.03718        0.174617      0.00234792 
         7.0529        0.181668      0.00233444 
        7.06863        0.185951      0.00232106 
        7.08433        0.194976       0.0023078 
        7.10004        0.200873      0.00229465 
        7.11575        0.209846       0.0022816 
        7.13145        0.216547      0.00226866 
        7.14715        0.223768      0.00225581 
        7.16284        0.233225      0.00224309 
        7.17855        0.243843      0.00223043 
        7.19428        0.253663      0.00221786 
        7.20998         0.26195      0.00220541 
        7.22568        0.269893      0.00219305 
        7.24139        0.283702      0.00218079 
        7.25711        0.292618      0.00216861 
        7.27282        0.308532      0.00215653 
        7.28852        0.322278      0.00214455 
        7.30423        0.331325      0.00213265 
        7.31995        0.347275      0.00212084 
        7.33565        0.360566      0.00210913 
        7.35135        0.376834      0.00209751 
        7.36706        0.387503      0.00208597 
        7.38277        0.405336      0.00207452 
        7.39847        0.423831      0.00206315 
        7.41419        0.442196      0.00205187 
         7.4299        0.463383      0.00204067 
        7.44561        0.476703      0.00202956 
        7.46132        0.497861      0.00201853 
        7.47701        0.527776      0.00200759 
        7.49272        0.545725      0.00199672 
        7.50842        0.579387      0.00198594 
         7.5241         0.59308      0.00197525 
        7.53981        0.629182      0.00196463 
        7.55552        0.641772      0.00195408 
        7.57125        0.696302      0.00194359 
        7.58698        0.720482      0.00193318 
        7.60268        0.748701      0.00192287 
         7.6184        0.780675      0.00191262 
        7.63411        0.819572      0.00190245 
        7.64981        0.880455      0.00189236 
        7.66552        0.887824      0.00188235 
        7.68123        0.933508       0.0018724 
        7.69695         0.96162      0.00186251 
        7.71264         1.01083      0.00185272 
        7.72834          1.0687      0.00184299 
        7.74407         1.09881      0.00183332 
        7.75978         1.15192      0.00182372 
        7.77546         1.20747      0.00181421 
        7.79116         1.25775      0.00180476 
         7.8069         1.29381      0.00179535 
         7.8226         1.34634      0.00178603 
        7.83828         1.39923      0.00177679 
        7.85399         1.50962       0.0017676 
        7.86972         1.56304      0.00175846 
        7.88543         1.55698       0.0017494 
        7.90111         1.58951      0.00174042 
        7.91681         1.68025      0.00173149 
        7.93255         1.78055       0.0017226 
        7.94828          1.8113      0.00171378 
        7.96397         1.85061      0.00170504 
        7.97967         1.88499      0.00169636 
        7.99538          1.9108      0.00168773 
         8.0111         2.02853      0.00167916 
         8.0268         2.00171      0.00167066 
        8.04248         1.99433      0.00166222 
         8.0582          1.9188      0.00165383 
        8.07393         1.94017      0.00164549 
        8.08963          1.9306      0.00163722 
        8.10533         1.86606      0.00162901 
        8.12104          1.7224      0.00162085 
        8.13675         1.68469      0.00161274 
        8.15245         1.61729       0.0016047 
        8.16815          1.6283      0.00159671 
        8.18387         1.53659      0.00158877 
        8.19959          1.4728      0.00158088 
         8.2153         1.42456      0.00157304 
        8.23101         1.39058      0.00156527 
        8.24672         1.33697      0.00155754 
        8.26241         1.25085      0.00154988 
         8.2781          1.2266      0.00154226 
        8.29381         1.17815      0.00153469 
        8.30952         1.13745      0.00152717 
        8.32524         1.07686       0.0015197 
        8.34095         1.06613      0.00151228 
        8.35666         1.03969      0.00150491 
        8.37237        0.981384      0.00149759 
        8.38808        0.957273      0.00149032 
        8.40379         0.92378      0.00148309 
         8.4195        0.877838      0.00147592 
         8.4352        0.848537      0.00146879 
        8.45091        0.819119      0.00146172 
        8.46662          0.8006      0.00145468 
        8.48232        0.779099       0.0014477 
        8.49802        0.742118      0.00144076 
        8.51374        0.738046      0.00143386 
        8.52945        0.693094      0.00142701 
        8.54515        0.676843      0.00142021 
        8.56086        0.653735      0.00141344 
        8.57658        0.637877      0.00140672 
        8.59228         0.61348      0.00140005 
        8.60799         0.59319      0.00139342 
        8.62371         0.57679      0.00138683 
        8.63942        0.556794      0.00138029 
        8.65512        0.545303      0.00137379 
        8.67082        0.523438      0.00136733 
        8.68653        0.521669      0.00136091 
        8.70224        0.507927      0.00135453 
        8.71795        0.493759       0.0013482 
        8.73365        0.473689       0.0013419 
        8.74936         0.46486      0.00133565 
        8.76506         0.44744      0.00132944 
        8.78076        0.441829      0.00132326 
        8.79646        0.429487      0.00131713 
        8.81218        0.417847      0.00131103 
        8.82791        0.412116      0.00130496 
         8.8436         0.40161      0.00129894 
         8.8593        0.391696      0.00129297 
        8.87503        0.381621      0.00128701 
        8.89076        0.376025       0.0012811 
        8.90644         0.36513      0.00127524 
        8.92214        0.355528      0.00126941 
        8.93786        0.348875      0.00126361 
        8.95357        0.342721      0.00125785 
        8.96928         0.33769      0.00125212 
        8.98498        0.331216      0.00124644 
        9.00069        0.322343      0.00124078 
        9.01639        0.316989      0.00123516 
        9.03208         0.30962      0.00122959 
        9.04778        0.304915      0.00122404 
        9.06351        0.299222      0.00121852 
        9.07923         0.29509      0.00121303 
        9.09493        0.292236      0.00120759 
        9.11062        0.287132      0.00120218 
        9.12635        0.280362       0.0011968 
        9.14207        0.274471      0.00119145 
        9.15777        0.273195      0.00118613 
        9.17346         0.26918      0.00118086 
        9.18917         0.26473      0.00117561 
         9.2049        0.261697      0.00117038 
        9.22061        0.257312       0.0011652 
        9.23631        0.253607      0.00116004 
        9.25201        0.250963      0.00115492 
        9.26773        0.247487      0.00114983 
        9.28343        0.246414      0.00114477 
        9.29913        0.241486      0.00113974 
        9.31484        0.240432      0.00113474 
        9.33057        0.237564      0.00112976 
        9.34627         0.23668      0.00112482 
        9.36197        0.234503      0.00111991 
        9.37768        0.231277      0.00111503 
        9.39338        0.230504      0.00111017 
        9.40909        0.227912      0.00110535 
        9.42479        0.227313      0.00110056 
         9.4405        0.225369      0.00109579 
        9.45621        0.223091      0.00109105 
        9.47193        0.222925      0.00108634 
        9.48763        0.220255      0.00108166 
        9.50334        0.221588      0.00107701 
        9.51906        0.220337      0.00107238 
        9.53476        0.218705      0.00106778 
        9.55045        0.219223      0.00106322 
        9.56616        0.216805      0.00105867 
        9.58188        0.219419      0.00105415 
        9.59759        0.216923      0.00104965 
         9.6133        0.217109      0.00104518 
        9.62901        0.218001      0.00104074 
        9.64471        0.216422      0.00103632 
        9.66041        0.219653      0.00103192 
        9.67612        0.217304      0.00102755 
        9.69184        0.220149       0.0010232 
        9.70754        0.220083      0.00101888 
        9.72324         0.21883      0.00101459 
        9.73895        0.222056      0.00101032 
        9.75467        0.220139      0.00100608 
        9.77038        0.225847      0.00100187 
        9.78607        0.223655     0.000997688 
        9.80177        0.225766     0.000993534 
        9.81749        0.228032     0.000989404 
         9.8332        0.225932     0.000985305 
         9.8489        0.235079     0.000981236 
        9.86463        0.230996     0.000977185 
        9.88035        0.236152     0.000973155 
        9.89606        0.237784     0.000969151 
        9.91175        0.237058     0.000965166 
        9.92745        0.245315     0.000961193 
        9.94317        0.241366     0.000957229 
        9.95888        0.249796     0.000953275 
        9.97458        0.249496     0.000949329 
        9.99029        0.252559     0.000945384 
         10.006        0.258485     0.000942949 
        10.0217        0.255466     0.000942949 
        10.0374         0.26842     0.000942949 
        10.0531         0.26484     0.000942949 
        10.0688        0.272769     0.000942949 
        10.0845        0.276201     0.000942949 
        10.1002        0.275363     0.000942949 
        10.1159         0.29045     0.000942949 
        10.1317        0.285828     0.000942949 
        10.1474        0.298408     0.000942949 
        10.1631        0.299751     0.000942949 
        10.1788        0.300738     0.000942949 
        10.1945        0.313301     0.000942949 
        10.2102        0.308907     0.000942949 
        10.2259        0.329409     0.000942949 
        10.2416        0.323522     0.000942949 
        10.2573        0.335162     0.000942949 
         10.273        0.343299     0.000942949 
        10.2887        0.336602     0.000942949 
        10.3044        0.367664     0.000942949 
        10.3201        0.354119     0.000942949 
        10.3359        0.375411     0.000942949 
        10.3516         0.37589     0.000942949 
        10.3673        0.379472     0.000942949 
         10.383        0.402964     0.000942949 
        10.3987        0.389377     0.000942949 
        10.4144        0.423942     0.000942949 
        10.4301        0.416171     0.000942949 
        10.4458        0.431163     0.000942949 
        10.4615        0.445779     0.000942949 
        10.4772        0.426054     0.000942949 
        10.4929        0.483242     0.000942949 
        10.5086        0.459741     0.000942949 
        10.5244        0.489314     0.000942949 
        10.5401        0.494111     0.000942949 
        10.5558        0.488088     0.000942949 
        10.5715        0.543146     0.000942949 
        10.5872        0.506453     0.000942949 
        10.6029         0.56485     0.000942949 
        10.6186        0.552478     0.000942949 
        10.6343        0.563115     0.000942949 
          10.65        0.596771     0.000942949 
        10.6657        0.558419     0.000942949 
        10.6814        0.646816     0.000942949 
        10.6971        0.602985     0.000942949 
        10.7129        0.646853     0.000942949 
        10.7286         0.65983     0.000942949 
        10.7443        0.632423     0.000942949 
          10.76        0.727352     0.000942949 
        10.7757        0.661415     0.000942949 
        10.7914        0.748822     0.000942949 
        10.8071        0.724837     0.000942949 
        10.8228        0.731351     0.000942949 
        10.8385         0.80479     0.000942949 
        10.8542         0.71803     0.000942949 
        10.8699        0.866897     0.000942949 
        10.8856        0.790595     0.000942949 
        10.9014        0.852455     0.000942949 
        10.9171        0.863919     0.000942949 
        10.9328        0.785328     0.000942949 
        10.9485        0.986203     0.000942949 
        10.9642        0.847791     0.000942949 
        10.9799        0.979729     0.000942949 
        10.9956        0.922111     0.000942949 
        11.0113        0.916104     0.000942949 
         11.027         1.03397     0.000942949 
        11.0427        0.890434     0.000942949 
        11.0584         1.09575     0.000942949 
        11.0741         0.96821     0.000942949 
        11.0898         1.05538     0.000942949 
        11.1055         1.08341     0.000942949 
        11.1212         0.95399     0.000942949 
         11.137         1.21135     0.000942949 
        11.1527         1.00583     0.000942949 
        11.1684         1.17275     0.000942949 
        11.1841         1.08824     0.000942949 
        11.1998         1.06558     0.000942949 
        11.2155         1.24946     0.000942949 
        11.2312         1.03121     0.000942949 
        11.2469         1.26407     0.000942949 
        11.2626         1.10539     0.000942949 
        11.2783         1.16037     0.000942949 
         11.294         1.20937     0.000942949 
        11.3097         1.04265     0.000942949 
        11.3254         1.32447     0.000942949 
        11.3412         1.09962     0.000942949 
        11.3569         1.24266     0.000942949 
        11.3726         1.17115     0.000942949 
        11.3883         1.05334     0.000942949 
         11.404          1.3152     0.000942949 
        11.4197         1.06729     0.000942949 
        11.4354         1.24877     0.000942949 
        11.4511          1.1182     0.000942949 
        11.4668         1.11556     0.000942949 
        11.4825         1.19001     0.000942949 
        11.4982         1.01145     0.000942949 
         11.514         1.22872     0.000942949 
        11.5297         1.04055     0.000942949 
        11.5454         1.11009     0.000942949 
        11.5611         1.10414     0.000942949 
        11.5768        0.963852     0.000942949 
        11.5925         1.17685     0.000942949 
        11.6082        0.978094     0.000942949 
        11.6239         1.08361     0.000942949 
        11.6396         1.01423     0.000942949 
        11.6553        0.954656     0.000942949 
         11.671         1.06593     0.000942949 
        11.6867        0.914104     0.000942949 
        11.7024         1.02547     0.000942949 
        11.7182        0.929496     0.000942949 
        11.7339        0.933304     0.000942949 
        11.7496        0.951697     0.000942949 
        11.7653        0.853012     0.000942949 
         11.781        0.972579     0.000942949 
        11.7967        0.858595     0.000942949 
        11.8124        0.885924     0.000942949 
        11.8281        0.873233     0.000942949 
        11.8438        0.804817     0.000942949 
        11.8595        0.891933     0.000942949 
        11.8752        0.796159     0.000942949 
         11.891        0.842762     0.000942949 
        11.9067        0.791254     0.000942949 
        11.9224        0.775453     0.000942949 
        11.9381         0.81161     0.000942949 
        11.9538        0.731468     0.000942949 
        11.9695        0.795195     0.000942949 
        11.9852        0.733954     0.000942949 
        12.0009        0.734924     0.000942949 
        12.0166        0.737096     0.000942949 
        12.0323        0.679405     0.000942949 
         12.048        0.738008     0.000942949 
        12.0637         0.67877     0.000942949 
