# k  (h/Mpc)    Pcb(k)  (Mpc/h)^3    Pcb_linear(k) (Mpc/h)^3   ShotnoiseSubtracted = true
      0.0200456         17680.2         17942.4 
      0.0350414         14426.8         14068.7 
      0.0492313         10862.6         11146.7 
      0.0637834         8586.88         9064.05 
      0.0800726         6489.28         6847.02 
       0.096163         5490.85         5385.62 
       0.111083         4687.35         4558.91 
       0.126058         3727.02         3789.76 
       0.142273          3183.2         3083.87 
       0.158546         2719.67         2627.09 
        0.17375         2453.91         2285.66 
       0.188953          2271.5         1964.97 
       0.204907         1948.33         1700.96 
       0.220756         1771.36         1503.38 
        0.23588         1593.11         1335.33 
         0.2514         1437.64         1183.21 
       0.267535          1386.7         1055.22 
       0.283568         1234.88         948.207 
       0.299022         1182.93         856.257 
       0.314451         1224.32         776.333 
       0.330372         1075.38         705.876 
       0.346141         991.214         644.382 
       0.361624         952.356         590.589 
       0.377134         909.403         543.014 
       0.392932         874.968         500.144 
       0.408854          834.26          461.49 
       0.424564         816.544         427.252 
       0.440253         754.584         396.607 
       0.455999         722.804         368.898 
       0.471626         734.514         343.977 
        0.48727         694.864         321.328 
       0.502856         658.002         300.805 
       0.518488         647.055         282.021 
       0.534347         613.564         264.596 
       0.550082         588.126         248.765 
       0.565732         581.743         234.309 
       0.581496         568.563          220.91 
       0.597222         554.042         208.587 
       0.612804         543.433         197.308 
       0.628434         520.047         186.836 
       0.644267         503.658         177.006 
       0.660051         497.065         167.912 
       0.675724         487.677         159.517 
       0.691403         475.148         151.694 
       0.707174         458.626         144.357 
       0.722871         449.958         137.537 
        0.73838         445.468         131.234 
       0.754018         430.919          125.28 
       0.769845         426.117         119.631 
        0.78569         417.243         114.327 
       0.801365         404.139         109.397 
       0.817031         399.621         104.761 
       0.832809         394.742         100.366 
       0.848511         385.412         96.2427 
       0.864097         377.025         92.3802 
       0.879701         373.259         88.7267 
       0.895507         360.176         85.2283 
       0.911279         354.456         81.9264 
        0.92691         350.639         78.8275 
       0.942635         348.124         75.8724 
       0.958396         335.849         73.0632 
       0.974128         331.915          70.402 
       0.989692         319.783         67.9002 
        1.00528         319.328         65.5169 
        1.02113         313.048         63.2113 
        1.03692         307.388         61.0257 
        1.05264         301.811         58.9539 
        1.06832         299.063         56.9821 
        1.08405          293.69         55.0957 
        1.09979         289.411         53.2939 
        1.11537         281.375         51.5909 
        1.13105         278.408         49.9526 
        1.14679         274.114         48.3793 
        1.16256         271.307         46.8711 
        1.17828          266.93         45.4323 
        1.19395         260.049          44.059 
         1.2097         259.751         42.7358 
        1.22537         254.711         41.4735 
          1.241         250.005         40.2661 
        1.25666         247.017          39.104 
        1.27241         242.629         37.9825 
        1.28819         238.993         36.9032 
        1.30392         236.464         35.8691 
        1.31957         230.456         34.8794 
        1.33529         227.812         33.9235 
        1.35108         225.479         32.9998 
        1.36674         220.733         32.1172 
         1.3824         218.652         31.2678 
        1.39811         216.006         30.4464 
        1.41389         210.076         29.6514 
        1.42964          208.08         28.8863 
        1.44531         205.215          28.152 
        1.46101         202.216         27.4417 
        1.47667         199.159         26.7581 
        1.49229         196.491         26.0997 
        1.50793         193.727         25.4627 
        1.52367         191.192          24.843 
        1.53953         186.542         24.2398 
        1.55526         186.293         23.6615 
        1.57092         184.144         23.1046 
        1.58662          179.57         22.5642 
        1.60235         177.925         22.0402 
        1.61809         174.754         21.5326 
        1.63369         171.951         21.0455 
        1.64941         170.394           20.57 
        1.66519         167.665         20.1076 
        1.68085         164.859         19.6626 
        1.69652         163.084         19.2311 
        1.71228         160.747         18.8101 
        1.72806         158.256         18.4013 
        1.74368         156.952         18.0089 
        1.75933         155.251         17.6271 
        1.77505         152.544         17.2547 
        1.79081         149.526         16.8924 
         1.8065         147.799          16.542 
        1.82218         145.145         16.2019 
        1.83797         144.499         15.8691 
        1.85367         142.386         15.5474 
        1.86928         139.859         15.2367 
        1.88497         138.725         14.9327 
        1.90073         137.142         14.6359 
        1.91647         134.573         14.3475 
        1.93218         133.143         14.0675 
        1.94787         130.973         13.7954 
        1.96363         130.427         13.5294 
        1.97935         128.208         13.2709 
        1.99499         126.992         13.0207 
        2.01064         124.256         12.7766 
         2.0264          122.84         12.5373 
        2.04216          121.44         12.3042 
        2.05781         119.602         12.0785 
        2.07353             118         11.8576 
        2.08928         116.692         11.6418 
        2.10499         115.226          11.432 
        2.12065         114.244          11.228 
        2.13633         112.817         11.0288 
        2.15211         111.007         10.8331 
        2.16785         109.233         10.6428 
        2.18349          107.95         10.4582 
        2.19916         107.051         10.2776 
        2.21489         105.645         10.1007 
        2.23063         103.694         9.92779 
         2.2463         103.134         9.75975 
        2.26194          101.69         9.59602 
        2.27765         100.286         9.43521 
        2.29341         99.2665         9.27768 
        2.30914         98.3053         9.12407 
        2.32486         96.2819         8.97403 
        2.34061         95.8579         8.82712 
        2.35635          94.435         8.68363 
        2.37203         92.9691         8.54383 
        2.38768         92.0544          8.4074 
        2.40339         91.1972         8.27346 
        2.41914         89.5953         8.14212 
        2.43483         88.7457         8.01411 
         2.4505         87.8678         7.88906 
        2.46622         86.6107         7.76626 
        2.48195         85.6822         7.64607 
        2.49759         84.4922         7.52906 
        2.51328         83.9359          7.4142 
        2.52906         82.2149         7.30101 
        2.54479         81.4715          7.1906 
        2.56049         80.3461          7.0827 
        2.57618         79.2057         6.97711 
        2.59189         78.9254         6.87351 
        2.60758         77.4192         6.77218 
        2.62325         77.0509         6.67301 
        2.63898         75.9883         6.57549 
        2.65468         74.9857         6.48013 
        2.67044         73.9587         6.38624 
        2.68618         73.4398         6.29444 
        2.70184          72.204         6.20481 
        2.71755         71.4612          6.1167 
        2.73329         70.4809         6.03017 
        2.74897         70.1016         5.94559 
        2.76462         69.1241         5.86283 
        2.78034         68.1975          5.7813 
        2.79607         67.5175         5.70123 
        2.81179         66.7964         5.62278 
        2.82749         66.2424         5.54589 
        2.84321         65.4455         5.47035 
        2.85893         64.7994         5.39624 
        2.87462         63.9605         5.32363 
        2.89033         63.3146          5.2523 
        2.90605         62.8007          5.1822 
        2.92176         61.7026         5.11343 
        2.93747         61.2364         5.04594 
        2.95318         60.5373         4.97965 
        2.96891         59.8306         4.91452 
        2.98456         59.2664         4.85085 
        3.00023          58.446         4.78821 
        3.01596         58.1014         4.72648 
        3.03164         57.3332         4.66602 
        3.04738         56.7118         4.60644 
         3.0631          55.983         4.54792 
        3.07883         55.4502         4.49042 
        3.09456         54.9148         4.43392 
        3.11026         54.1814         4.37848 
        3.12596         53.8118         4.32399 
        3.14163         53.0818         4.27055 
        3.15734         52.5335          4.2179 
        3.17308          52.006           4.166 
        3.18879           51.29         4.11512 
        3.20447         50.9556         4.06517 
         3.2202         50.2995         4.01589 
         3.2359         49.8761         3.96751 
        3.25157         49.3132         3.92005 
        3.26729         48.7377         3.87322 
        3.28304         48.2836         3.82706 
        3.29877         47.6717         3.78171 
        3.31446         47.4141          3.7372 
        3.33014         46.8965         3.69345 
        3.34585         46.3713         3.65033 
        3.36158         45.8301         3.60783 
        3.37727         45.5174         3.56614 
        3.39294         45.0807         3.52515 
        3.40867         44.5995         3.48465 
        3.42439         44.0138         3.44482 
        3.44008         43.6003         3.40568 
        3.45578         43.2181         3.36712 
        3.47153         42.8268         3.32908 
        3.48724          42.261         3.29169 
        3.50292         41.7672         3.25496 
        3.51859         41.5552         3.21881 
        3.53431         40.8438          3.1831 
        3.55007         40.6275         3.14784 
        3.56577         40.1686         3.11325 
        3.58146         39.7144          3.0792 
        3.59719         39.3116         3.04558 
        3.61292         38.9412         3.01247 
        3.62859         38.6752         2.97998 
        3.64429         38.4016         2.94791 
        3.66003         37.9424         2.91621 
        3.67578         37.5906         2.88498 
        3.69146         37.2545         2.85434 
        3.70712         36.9097         2.82419 
        3.72284         36.5679         2.79437 
        3.73853         36.1823         2.76503 
        3.75422         35.8214          2.7361 
        3.76993         35.5722         2.70755 
        3.78564         35.1675         2.67943 
        3.80137         34.8507         2.65166 
        3.81707         34.4615         2.62435 
        3.83279         34.1353         2.59739 
        3.84853         33.8113         2.57077 
        3.86424         33.5877         2.54458 
        3.87992         33.2853         2.51879 
        3.89561         33.0351         2.49335 
        3.91134         32.7299         2.46822 
        3.92704         32.3444         2.44346 
        3.94273         32.1123         2.41906 
        3.95845         31.7426         2.39495 
        3.97418         31.4361         2.37117 
        3.98988         31.1257         2.34774 
        4.00554           30.84         2.32469 
        4.02125         30.5807         2.30189 
        4.03698         30.3869         2.27935 
        4.05268         30.1028         2.25717 
        4.06839         29.7323         2.23527 
         4.0841         29.5347         2.21366 
        4.09983          29.268         2.19231 
        4.11555         29.0058         2.17125 
        4.13124         28.7965         2.15052 
        4.14693         28.5051         2.13005 
        4.16266         28.1733          2.1098 
        4.17839          27.957         2.08982 
        4.19408          27.701         2.07014 
        4.20977         27.4985         2.05071 
        4.22551         27.3088         2.03148 
        4.24123         26.9956         2.01252 
        4.25691         26.7539         1.99386 
        4.27259         26.5301         1.97542 
        4.28831         26.3019         1.95718 
        4.30404         26.0246         1.93915 
        4.31974         25.8143         1.92139 
        4.33543          25.614         1.90386 
        4.35116         25.4137         1.88651 
        4.36688         25.1993         1.86938 
        4.38255         24.9957         1.85253 
        4.39825         24.7095         1.83584 
        4.41398          24.621         1.81933 
         4.4297         24.3222         1.80304 
        4.44541         24.1656         1.78696 
        4.46111         23.9538         1.77108 
        4.47683          23.708         1.75538 
        4.49251         23.5245         1.73991 
        4.50819         23.3225         1.72462 
         4.5239         23.0866          1.7095 
        4.53962         22.9625         1.69454 
        4.55535         22.7092         1.67975 
        4.57106         22.5566         1.66516 
        4.58678          22.371         1.65074 
         4.6025         22.1791         1.63648 
        4.61821         21.9685          1.6224 
        4.63391         21.7856          1.6085 
         4.6496         21.6245         1.59477 
        4.66532         21.4137         1.58118 
        4.68103         21.2433         1.56775 
        4.69673         21.0657         1.55449 
        4.71241         20.9027          1.5414 
        4.72811         20.7327         1.52844 
        4.74384         20.6031         1.51561 
        4.75955         20.3673         1.50294 
        4.77525         20.2314         1.49043 
        4.79096         20.0771         1.47804 
        4.80669         19.9194         1.46579 
         4.8224           19.77          1.4537 
        4.83809         19.6174         1.44175 
        4.85379          19.409         1.42993 
         4.8695         19.2503         1.41823 
        4.88521         19.1176         1.40667 
        4.90093         18.9761         1.39523 
        4.91663         18.8152         1.38393 
        4.93234         18.6552         1.37275 
        4.94807         18.5458         1.36168 
        4.96377         18.3307         1.35075 
        4.97943         18.2155         1.33997 
        4.99514         18.0803         1.32927 
        5.01086         17.9203         1.31869 
        5.02654         17.8315         1.30825 
        5.04227         17.6471         1.29788 
          5.058         17.5344         1.28763 
        5.07371         17.4145         1.27751 
        5.08942         17.2174         1.26749 
        5.10513         17.1295         1.25758 
        5.12084         16.9543         1.24778 
        5.13656         16.8356         1.23808 
        5.15225         16.6635         1.22849 
        5.16796         16.6085           1.219 
        5.18369         16.4549         1.20959 
         5.1994         16.3466         1.20031 
        5.21509         16.2176         1.19112 
        5.23079          16.114         1.18203 
        5.24649         16.0016         1.17303 
        5.26217         15.8215         1.16414 
        5.27788         15.7135         1.15532 
        5.29359         15.6125          1.1466 
        5.30933         15.4843         1.13795 
        5.32504         15.3418          1.1294 
        5.34073         15.2244         1.12095 
        5.35646         15.1303         1.11258 
        5.37218          15.012         1.10428 
        5.38789         14.9057         1.09609 
        5.40357         14.8096         1.08798 
        5.41929         14.6796         1.07994 
        5.43502         14.5485         1.07198 
         5.4507         14.4636         1.06412 
        5.46639         14.3549         1.05634 
        5.48212          14.244         1.04862 
        5.49786         14.1353         1.04096 
        5.51353         14.0415         1.03342 
        5.52921         13.9345         1.02595 
        5.54495         13.8371         1.01853 
        5.56066         13.7269         1.01119 
        5.57637         13.6359         1.00392 
        5.59207         13.5056         0.99673 
        5.60778         13.4339        0.989608 
        5.62346         13.3556        0.982566 
        5.63916         13.2172        0.975586 
        5.65487         13.1647         0.96867 
         5.6706         13.0223        0.961813 
        5.68633         12.9341        0.955019 
        5.70203         12.8486        0.948306 
        5.71773         12.7582        0.941658 
        5.73344         12.6673         0.93507 
        5.74916         12.5712        0.928539 
        5.76486         12.4897        0.922079 
        5.78054         12.3846        0.915691 
        5.79626          12.313        0.909345 
          5.812          12.224        0.903053 
         5.8277         12.1423        0.896839 
        5.84339         12.0546        0.890683 
        5.85911         11.9624        0.884573 
        5.87484         11.8896        0.878522 
        5.89053         11.8096        0.872539 
        5.90623         11.6923        0.866609 
        5.92195         11.6204        0.860724 
        5.93767         11.5433        0.854897 
        5.95336         11.4922        0.849134 
        5.96905         11.3827        0.843425 
        5.98476          11.316        0.837761 
        6.00048         11.2328        0.832147 
        6.01617         11.1611        0.826592 
        6.03185         11.0958        0.821095 
        6.04756         10.9879        0.815634 
        6.06331          10.907        0.810212 
        6.07903         10.8405         0.80485 
        6.09473         10.7622        0.799541 
        6.11044         10.6881        0.794276 
        6.12616         10.6196        0.789058 
        6.14186         10.5481        0.783893 
        6.15755         10.4882        0.778774 
        6.17326           10.39        0.773697 
        6.18898         10.3226        0.768663 
        6.20467          10.262        0.763683 
        6.22036         10.2018        0.758747 
         6.2361         10.1396        0.753841 
         6.2518         10.0818        0.748987 
        6.26748         9.98953        0.744186 
        6.28319         9.94134        0.739414 
        6.29893         9.86371         0.73468 
        6.31463         9.78743        0.729995 
        6.33033         9.71781        0.725353 
        6.34604         9.65918        0.720747 
        6.36177         9.60289        0.716177 
        6.37747         9.53777        0.711655 
        6.39316         9.47646        0.707175 
        6.40888         9.39082        0.702725 
         6.4246         9.34168        0.698312 
        6.44031         9.29334        0.693941 
        6.45601         9.20821        0.689611 
        6.47172         9.15369        0.685314 
        6.48744         9.10103        0.681051 
        6.50313         9.02481        0.676832 
        6.51882          8.9876        0.672651 
        6.53452         8.91033          0.6685 
        6.55025         8.86398        0.664377 
        6.56597         8.80592        0.660295 
        6.58166         8.74581        0.656251 
        6.59736         8.69183         0.65224 
        6.61307         8.63551        0.648258 
         6.6288         8.57865        0.644308 
         6.6445         8.52952        0.640395 
         6.6602         8.46452        0.636515 
        6.67592          8.4242        0.632664 
        6.69164         8.36436        0.628845 
        6.70735          8.3129        0.625059 
        6.72304         8.25263        0.621308 
        6.73874         8.20569        0.617587 
        6.75446         8.14226        0.613892 
        6.77016         8.09932        0.610232 
        6.78585         8.04346        0.606602 
        6.80156         7.98916           0.603 
        6.81729         7.93601        0.599422 
        6.83301         7.88545        0.595873 
         6.8487         7.84721        0.592361 
         6.8644          7.8036        0.588875 
        6.88012         7.73546        0.585413 
        6.89583         7.69938        0.581983 
        6.91151         7.65474        0.578584 
        6.92723         7.59754        0.575205 
        6.94296         7.53807        0.571851 
        6.95866         7.50913        0.568529 
        6.97436         7.45418        0.565234 
        6.99007         7.41034        0.561964 
        7.00578         7.36754         0.55872 
        7.02147         7.32431        0.555504 
        7.03718         7.27444        0.552311 
         7.0529         7.24428         0.54914 
        7.06863          7.1775        0.545992 
        7.08433         7.13422        0.542874 
        7.10004         7.09506        0.539781 
        7.11575         7.06137        0.536711 
        7.13145         7.02596        0.533665 
        7.14715         6.96971        0.530644 
        7.16284         6.91812         0.52765 
        7.17855         6.89291        0.524673 
        7.19428         6.84249        0.521715 
        7.20998         6.79572        0.518787 
        7.22568         6.76666         0.51588 
        7.24139         6.72478        0.512995 
        7.25711         6.67737        0.510131 
        7.27282         6.64704        0.507288 
        7.28852         6.60084        0.504471 
        7.30423         6.56747        0.501672 
        7.31995         6.52766        0.498894 
        7.33565         6.48014        0.496139 
        7.35135         6.44564        0.493405 
        7.36706         6.41239        0.490692 
        7.38277         6.37605        0.487997 
        7.39847         6.33626        0.485324 
        7.41419         6.29087        0.482669 
         7.4299         6.26271        0.480035 
        7.44561         6.21396         0.47742 
        7.46132         6.18548        0.474826 
        7.47701         6.15138        0.472254 
        7.49272         6.11881        0.469697 
        7.50842         6.07402        0.467161 
         7.5241         6.03797        0.464647 
        7.53981         6.00837        0.462148 
        7.55552         5.98034        0.459666 
        7.57125         5.93151        0.457199 
        7.58698         5.90708        0.454751 
        7.60268         5.87028        0.452325 
         7.6184         5.83143        0.449914 
        7.63411         5.80427        0.447522 
        7.64981         5.76578        0.445148 
        7.66552          5.7413        0.442792 
        7.68123         5.70098        0.440451 
        7.69695         5.66698        0.438127 
        7.71264         5.64339        0.435823 
        7.72834         5.59938        0.433534 
        7.74407         5.57526        0.431258 
        7.75978         5.54279           0.429 
        7.77546         5.51907        0.426763 
        7.79116         5.48056         0.42454 
         7.8069         5.44774        0.422328 
         7.8226         5.42419        0.420135 
        7.83828         5.39317        0.417961 
        7.85399         5.35655          0.4158 
        7.86972         5.32579        0.413649 
        7.88543          5.2958        0.411518 
        7.90111          5.2765        0.409405 
        7.91681         5.24025        0.407304 
        7.93255         5.20799        0.405214 
        7.94828         5.18191        0.403139 
        7.96397          5.1511        0.401083 
        7.97967         5.12264        0.399041 
        7.99538         5.09348        0.397012 
         8.0111         5.05919        0.394996 
         8.0268         5.03666        0.392996 
        8.04248         5.02386        0.391012 
         8.0582         4.98569        0.389038 
        8.07393         4.95946        0.387075 
        8.08963         4.93765         0.38513 
        8.10533         4.90728        0.383199 
        8.12104         4.87769        0.381279 
        8.13675         4.84882        0.379372 
        8.15245         4.82335         0.37748 
        8.16815         4.79591        0.375601 
        8.18387         4.77026        0.373732 
        8.19959         4.74806        0.371876 
         8.2153          4.7283        0.370033 
        8.23101          4.7004        0.368204 
        8.24672         4.66972        0.366386 
        8.26241         4.64704        0.364584 
         8.2781         4.62717        0.362793 
        8.29381         4.59657        0.361012 
        8.30952         4.57263        0.359243 
        8.32524         4.55243        0.357485 
        8.34095         4.52208        0.355739 
        8.35666         4.49827        0.354006 
        8.37237         4.47427        0.352284 
        8.38808         4.45247        0.350573 
        8.40379         4.43024        0.348874 
         8.4195          4.4068        0.347186 
         8.4352         4.37835         0.34551 
        8.45091         4.36072        0.343845 
        8.46662         4.33972         0.34219 
        8.48232         4.31576        0.340548 
        8.49802         4.29749        0.338916 
        8.51374         4.27292        0.337293 
        8.52945         4.24566        0.335681 
        8.54515         4.22703        0.334081 
        8.56086         4.20968         0.33249 
        8.57658         4.18204        0.330909 
        8.59228         4.16858         0.32934 
        8.60799         4.14577         0.32778 
        8.62371         4.12363         0.32623 
        8.63942         4.09554         0.32469 
        8.65512         4.08168        0.323161 
        8.67082          4.0656        0.321642 
        8.68653         4.03817        0.320132 
        8.70224         4.02289        0.318632 
        8.71795         3.99932        0.317142 
        8.73365         3.98018        0.315661 
        8.74936         3.95576         0.31419 
        8.76506         3.93654        0.312729 
        8.78076         3.91571        0.311276 
        8.79646         3.89935        0.309833 
        8.81218         3.87907        0.308399 
        8.82791         3.85856        0.306971 
         8.8436         3.84088        0.305556 
         8.8593         3.82562         0.30415 
        8.87503          3.8023        0.302749 
        8.89076         3.78752        0.301358 
        8.90644         3.76947        0.299979 
        8.92214         3.74785        0.298608 
        8.93786         3.73103        0.297244 
        8.95357         3.71054        0.295888 
        8.96928         3.69153        0.294542 
        8.98498          3.6815        0.293204 
        9.00069         3.66306        0.291874 
        9.01639         3.63938        0.290552 
        9.03208         3.62469        0.289241 
        9.04778         3.60588        0.287936 
        9.06351          3.5861        0.286637 
        9.07923         3.57228        0.285347 
        9.09493         3.55953        0.284066 
        9.11062          3.5357        0.282794 
        9.12635         3.52261        0.281527 
        9.14207         3.50723        0.280269 
        9.15777         3.48712        0.279019 
        9.17346         3.47169        0.277778 
        9.18917         3.45748        0.276543 
         9.2049         3.44199        0.275314 
        9.22061         3.42829        0.274094 
        9.23631         3.41023        0.272881 
        9.25201         3.39459        0.271677 
        9.26773          3.3802        0.270479 
        9.28343         3.36253        0.269288 
        9.29913         3.34651        0.268105 
        9.31484         3.33583        0.266929 
        9.33057         3.31764        0.265758 
        9.34627         3.30385        0.264595 
        9.36197         3.28446        0.263441 
        9.37768         3.27336        0.262292 
        9.39338         3.25775        0.261151 
        9.40909          3.2414        0.260016 
        9.42479         3.22713        0.258889 
         9.4405          3.2114        0.257768 
        9.45621         3.19797        0.256653 
        9.47193         3.18344        0.255545 
        9.48763         3.16956        0.254444 
        9.50334          3.1528        0.253349 
        9.51906         3.14009         0.25226 
        9.53476         3.13056        0.251179 
        9.55045         3.11685        0.250104 
        9.56616         3.10543        0.249035 
        9.58188         3.08915        0.247971 
        9.59759         3.07157        0.246914 
         9.6133         3.06244        0.245862 
        9.62901         3.05205        0.244817 
        9.64471         3.03957        0.243777 
        9.66041         3.02007        0.242744 
        9.67612         3.00634        0.241715 
        9.69184         2.99654        0.240692 
        9.70754         2.98141        0.239676 
        9.72324          2.9695        0.238666 
        9.73895         2.95721        0.237662 
        9.75467         2.94515        0.236664 
        9.77038         2.93394        0.235673 
        9.78607         2.92072         0.23469 
        9.80177         2.90984        0.233713 
        9.81749         2.89923        0.232741 
         9.8332         2.88852        0.231777 
         9.8489         2.87585         0.23082 
        9.86463          2.8608        0.229867 
        9.88035         2.84881        0.228919 
        9.89606         2.84048        0.227977 
        9.91175         2.82784         0.22704 
        9.92745         2.81608        0.226105 
        9.94317         2.80481        0.225173 
        9.95888         2.79623        0.224243 
        9.97458          2.7815        0.223314 
        9.99029          2.7745        0.222387 
         10.006          2.7636        0.221814 
        10.0217         2.74841        0.221814 
        10.0374         2.73657        0.221814 
        10.0531         2.72825        0.221814 
        10.0688         2.71562        0.221814 
        10.0845         2.70948        0.221814 
        10.1002         2.69479        0.221814 
        10.1159           2.687        0.221814 
        10.1317         2.67848        0.221814 
        10.1474         2.66244        0.221814 
        10.1631         2.65564        0.221814 
        10.1788         2.64538        0.221814 
        10.1945          2.6338        0.221814 
        10.2102         2.62257        0.221814 
        10.2259         2.61335        0.221814 
        10.2416         2.60569        0.221814 
        10.2573         2.59555        0.221814 
         10.273           2.588        0.221814 
        10.2887         2.57778        0.221814 
        10.3044         2.56566        0.221814 
        10.3201         2.55741        0.221814 
        10.3359         2.54855        0.221814 
        10.3516         2.53944        0.221814 
        10.3673         2.53106        0.221814 
         10.383          2.5228        0.221814 
        10.3987         2.51485        0.221814 
        10.4144         2.50407        0.221814 
        10.4301         2.49624        0.221814 
        10.4458         2.48687        0.221814 
        10.4615         2.47807        0.221814 
        10.4772         2.46901        0.221814 
        10.4929         2.46504        0.221814 
        10.5086         2.45124        0.221814 
        10.5244         2.44559        0.221814 
        10.5401         2.43464        0.221814 
        10.5558         2.42528        0.221814 
        10.5715         2.41785        0.221814 
        10.5872         2.41167        0.221814 
        10.6029          2.4032        0.221814 
        10.6186         2.39744        0.221814 
        10.6343         2.39089        0.221814 
          10.65         2.37582        0.221814 
        10.6657         2.37406        0.221814 
        10.6814         2.36812        0.221814 
        10.6971         2.35667        0.221814 
        10.7129         2.35597        0.221814 
        10.7286         2.34373        0.221814 
        10.7443         2.33882        0.221814 
          10.76         2.33003        0.221814 
        10.7757         2.32535        0.221814 
        10.7914         2.31636        0.221814 
        10.8071         2.30856        0.221814 
        10.8228         2.30203        0.221814 
        10.8385         2.29729        0.221814 
        10.8542         2.29067        0.221814 
        10.8699         2.28351        0.221814 
        10.8856         2.27727        0.221814 
        10.9014         2.27096        0.221814 
        10.9171         2.26428        0.221814 
        10.9328         2.25717        0.221814 
        10.9485         2.25117        0.221814 
        10.9642         2.24441        0.221814 
        10.9799         2.23584        0.221814 
        10.9956          2.2326        0.221814 
        11.0113          2.2252        0.221814 
         11.027         2.21895        0.221814 
        11.0427         2.21365        0.221814 
        11.0584         2.21013        0.221814 
        11.0741         2.20242        0.221814 
        11.0898         2.19787        0.221814 
        11.1055         2.19212        0.221814 
        11.1212         2.18424        0.221814 
         11.137         2.18199        0.221814 
        11.1527         2.17489        0.221814 
        11.1684         2.17179        0.221814 
        11.1841         2.16352        0.221814 
        11.1998         2.15817        0.221814 
        11.2155          2.1539        0.221814 
        11.2312         2.15119        0.221814 
        11.2469          2.1441        0.221814 
        11.2626         2.14154        0.221814 
        11.2783         2.13607        0.221814 
         11.294         2.12874        0.221814 
        11.3097         2.12541        0.221814 
        11.3254         2.12295        0.221814 
        11.3412         2.11805        0.221814 
        11.3569         2.11325        0.221814 
        11.3726         2.10876        0.221814 
        11.3883         2.10493        0.221814 
         11.404         2.09908        0.221814 
        11.4197         2.09541        0.221814 
        11.4354         2.09357        0.221814 
        11.4511         2.08853        0.221814 
        11.4668         2.08473        0.221814 
        11.4825         2.08126        0.221814 
        11.4982         2.07872        0.221814 
         11.514         2.07459        0.221814 
        11.5297         2.07206        0.221814 
        11.5454         2.06427        0.221814 
        11.5611         2.06356        0.221814 
        11.5768         2.05917        0.221814 
        11.5925         2.05578        0.221814 
        11.6082         2.05513        0.221814 
        11.6239         2.04811        0.221814 
        11.6396          2.0473        0.221814 
        11.6553         2.04291        0.221814 
         11.671         2.04202        0.221814 
        11.6867         2.03927        0.221814 
        11.7024         2.03548        0.221814 
        11.7182         2.03369        0.221814 
        11.7339         2.03146        0.221814 
        11.7496         2.02807        0.221814 
        11.7653         2.02561        0.221814 
         11.781         2.02435        0.221814 
        11.7967         2.01987        0.221814 
        11.8124         2.01802        0.221814 
        11.8281         2.01634        0.221814 
        11.8438         2.01613        0.221814 
        11.8595          2.0161        0.221814 
        11.8752         2.01062        0.221814 
         11.891         2.00793        0.221814 
        11.9067         2.00776        0.221814 
        11.9224         2.00521        0.221814 
        11.9381         2.00493        0.221814 
        11.9538         2.00306        0.221814 
        11.9695         2.00186        0.221814 
        11.9852         1.99952        0.221814 
        12.0009         2.00044        0.221814 
        12.0166         1.99923        0.221814 
        12.0323         1.99916        0.221814 
         12.048         1.99782        0.221814 
        12.0637         1.99369        0.221814 
