# k  (h/Mpc)    Pcb(k)  (Mpc/h)^3    Pcb_linear(k) (Mpc/h)^3   ShotnoiseSubtracted = true
      0.0200456         1829.47         1849.32 
      0.0350414         1468.34         1450.06 
      0.0492313         1147.39         1148.89 
      0.0637834         920.722         934.233 
      0.0800726         698.662         705.723 
       0.096163         563.118         555.096 
       0.111083          478.64         469.888 
       0.126058          388.95         390.611 
       0.142273         318.128         317.855 
       0.158546         273.095         270.775 
        0.17375         240.625         235.583 
       0.188953         207.808          202.53 
       0.204907         174.865         175.319 
       0.220756          158.57         154.954 
        0.23588         140.979         137.633 
         0.2514         125.524         121.953 
       0.267535         114.707         108.762 
       0.283568         102.053         97.7318 
       0.299022         93.7863         88.2546 
       0.314451         87.9023         80.0168 
       0.330372         78.2461         72.7547 
       0.346141         71.8058         66.4166 
       0.361624         66.1893         60.8721 
       0.377134          60.592         55.9686 
       0.392932         58.4031         51.5499 
       0.408854         53.2118         47.5658 
       0.424564         50.8838          44.037 
       0.440253         46.4916         40.8783 
       0.455999         42.5412         38.0224 
       0.471626         40.1772         35.4537 
        0.48727         39.0187         33.1194 
       0.502856         36.4494          31.004 
       0.518488         34.0034          29.068 
       0.534347         31.9966          27.272 
       0.550082         30.7594         25.6403 
       0.565732         29.5537         24.1502 
       0.581496         27.8126         22.7692 
       0.597222         26.2416         21.4991 
       0.612804         24.9858         20.3366 
       0.628434         24.4274         19.2573 
       0.644267         23.1559          18.244 
       0.660051         21.9628         17.3067 
       0.675724         20.9149         16.4414 
       0.691403          20.423         15.6351 
       0.707174         19.5751         14.8788 
       0.722871         18.9513          14.176 
        0.73838         17.8846         13.5263 
       0.754018         17.0471         12.9126 
       0.769845         16.5045         12.3304 
        0.78569         16.0202         11.7837 
       0.801365         15.3788         11.2755 
       0.817031         14.8728         10.7978 
       0.832809         14.3218         10.3447 
       0.848511         13.9136         9.91975 
       0.864097         13.4254         9.52165 
       0.879701         13.1735         9.14508 
       0.895507         12.6778         8.78449 
       0.911279         12.1636         8.44417 
        0.92691         11.8802         8.12476 
       0.942635         11.5587         7.82018 
       0.958396         11.1434         7.53063 
       0.974128         10.8877         7.25634 
       0.989692         10.4019         6.99848 
        1.00528         10.3127         6.75284 
        1.02113         9.96449         6.51519 
        1.03692         9.72098         6.28992 
        1.05264         9.45969         6.07639 
        1.06832         9.23514         5.87316 
        1.08405         9.00952         5.67872 
        1.09979         8.77823         5.49301 
        1.11537         8.55936         5.31749 
        1.13105         8.36906         5.14862 
        1.14679          8.1863         4.98646 
        1.16256         7.97003         4.83101 
        1.17828         7.82507         4.68272 
        1.19395         7.62146         4.54117 
         1.2097         7.38761         4.40478 
        1.22537         7.23434         4.27468 
          1.241         7.06526         4.15024 
        1.25666         7.02836         4.03046 
        1.27241         6.86867         3.91486 
        1.28819         6.60178         3.80362 
        1.30392         6.50111         3.69704 
        1.31957         6.39283         3.59503 
        1.33529         6.26743          3.4965 
        1.35108         6.12306          3.4013 
        1.36674         5.98279         3.31033 
         1.3824         5.92209         3.22278 
        1.39811         5.78692         3.13811 
        1.41389         5.64063         3.05618 
        1.42964         5.57869         2.97731 
        1.44531         5.46434         2.90163 
        1.46101         5.38882         2.82842 
        1.47667         5.26996         2.75796 
        1.49229         5.13657          2.6901 
        1.50793         5.05387         2.62445 
        1.52367         4.96569         2.56057 
        1.53953         4.86426          2.4984 
        1.55526         4.85796          2.4388 
        1.57092         4.72956         2.38139 
        1.58662         4.67081          2.3257 
        1.60235         4.57325         2.27169 
        1.61809         4.50815         2.21936 
        1.63369          4.4293         2.16916 
        1.64941         4.35826         2.12015 
        1.66519         4.29963         2.07249 
        1.68085         4.22192         2.02663 
        1.69652         4.16643         1.98215 
        1.71228         4.10928         1.93876 
        1.72806          4.0418         1.89663 
        1.74368         3.98923         1.85618 
        1.75933         3.92865         1.81683 
        1.77505         3.85361         1.77844 
        1.79081          3.8231          1.7411 
         1.8065         3.76199         1.70499 
        1.82218         3.69875         1.66993 
        1.83797         3.63319         1.63563 
        1.85367         3.58817         1.60248 
        1.86928          3.5628         1.57045 
        1.88497         3.47643         1.53912 
        1.90073         3.45025         1.50853 
        1.91647         3.40333          1.4788 
        1.93218         3.35748         1.44994 
        1.94787         3.31481         1.42189 
        1.96363         3.27374         1.39447 
        1.97935         3.22647         1.36784 
        1.99499         3.18892         1.34205 
        2.01064         3.15648         1.31689 
         2.0264         3.09912         1.29222 
        2.04216         3.06807         1.26819 
        2.05781         3.02279         1.24493 
        2.07353         3.00754         1.22217 
        2.08928         2.95356         1.19993 
        2.10499         2.91442          1.1783 
        2.12065          2.9071         1.15727 
        2.13633         2.85665         1.13674 
        2.15211         2.81475         1.11657 
        2.16785          2.7856         1.09695 
        2.18349         2.75099         1.07792 
        2.19916         2.73189         1.05931 
        2.21489         2.70054         1.04108 
        2.23063         2.65334         1.02326 
         2.2463         2.61913         1.00594 
        2.26194          2.6005        0.989063 
        2.27765         2.54576        0.972489 
        2.29341         2.53291        0.956252 
        2.30914         2.50051        0.940419 
        2.32486         2.49164        0.924955 
        2.34061          2.4639        0.909812 
        2.35635         2.43664        0.895023 
        2.37203         2.41548        0.880614 
        2.38768         2.38861        0.866552 
        2.40339         2.35758        0.852746 
        2.41914          2.3318         0.83921 
        2.43483         2.30784        0.826015 
         2.4505         2.28592        0.813127 
        2.46622         2.25636         0.80047 
        2.48195         2.24005        0.788081 
        2.49759         2.21298        0.776021 
        2.51328         2.19663        0.764182 
        2.52906         2.17808        0.752516 
        2.54479         2.14903        0.741137 
        2.56049         2.13106        0.730015 
        2.57618         2.11042        0.719131 
        2.59189         2.10047        0.708454 
        2.60758         2.07109        0.698009 
        2.62325         2.04691        0.687789 
        2.63898         2.02589        0.677737 
        2.65468         2.00191        0.667908 
        2.67044         2.00232        0.658231 
        2.68618         1.97766        0.648769 
        2.70184         1.95447         0.63953 
        2.71755         1.94278        0.630449 
        2.73329         1.91448         0.62153 
        2.74897         1.90239        0.612813 
        2.76462         1.88292        0.604283 
        2.78034         1.88093        0.595879 
        2.79607         1.85269        0.587627 
        2.81179         1.83692        0.579541 
        2.82749         1.82069        0.571615 
        2.84321         1.80879         0.56383 
        2.85893         1.78622        0.556191 
        2.87462         1.78035        0.548708 
        2.89033          1.7586        0.541355 
        2.90605         1.75106        0.534131 
        2.92176          1.7356        0.527042 
        2.93747         1.71889        0.520085 
        2.95318         1.70186        0.513253 
        2.96891         1.69946        0.506541 
        2.98456         1.68019        0.499978 
        3.00023         1.66307        0.493522 
        3.01596         1.64553         0.48716 
        3.03164         1.63564        0.480928 
        3.04738         1.62601        0.474787 
         3.0631         1.61017        0.468755 
        3.07883         1.59995        0.462828 
        3.09456         1.57937        0.457005 
        3.11026         1.57685         0.45129 
        3.12596         1.55783        0.445674 
        3.14163         1.55253        0.440167 
        3.15734         1.53711        0.434739 
        3.17308         1.52835        0.429391 
        3.18879         1.51636        0.424147 
        3.20447         1.50024        0.418998 
         3.2202           1.495        0.413918 
         3.2359         1.48204        0.408932 
        3.25157         1.47061         0.40404 
        3.26729          1.4597        0.399213 
        3.28304         1.44738        0.394456 
        3.29877         1.43723        0.389782 
        3.31446         1.43228        0.385194 
        3.33014         1.40967        0.380684 
        3.34585         1.41047         0.37624 
        3.36158         1.39561        0.371859 
        3.37727         1.39188        0.367562 
        3.39294         1.37631        0.363338 
        3.40867         1.37263        0.359164 
        3.42439         1.36584        0.355058 
        3.44008         1.35248        0.351024 
        3.45578         1.34256         0.34705 
        3.47153         1.33231        0.343129 
        3.48724          1.3235        0.339275 
        3.50292         1.31087        0.335489 
        3.51859         1.31027        0.331763 
        3.53431         1.29748        0.328082 
        3.55007         1.29182        0.324448 
        3.56577          1.2823        0.320883 
        3.58146         1.27721        0.317374 
        3.59719          1.2659        0.313908 
        3.61292         1.25797        0.310496 
        3.62859         1.24895        0.307147 
        3.64429         1.24004        0.303841 
        3.66003         1.23308        0.300574 
        3.67578          1.2255        0.297356 
        3.69146         1.21839        0.294197 
        3.70712          1.2111         0.29109 
        3.72284         1.20329        0.288016 
        3.73853          1.1948        0.284992 
        3.75422         1.18912         0.28201 
        3.76993         1.18088        0.279068 
        3.78564         1.17285        0.276169 
        3.80137         1.16729        0.273307 
        3.81707         1.15927        0.270492 
        3.83279         1.15337        0.267714 
        3.84853         1.14597         0.26497 
        3.86424          1.1345         0.26227 
        3.87992         1.13342        0.259612 
        3.89561          1.1241         0.25699 
        3.91134         1.11863        0.254399 
        3.92704         1.11089        0.251847 
        3.94273          1.1048        0.249333 
        3.95845         1.09742        0.246848 
        3.97418         1.09372        0.244397 
        3.98988         1.08511        0.241982 
        4.00554         1.07719        0.239606 
        4.02125         1.07093        0.237256 
        4.03698         1.06346        0.234933 
        4.05268         1.05696        0.232647 
        4.06839         1.04849        0.230389 
         4.0841         1.03997        0.228162 
        4.09983         1.03469        0.225962 
        4.11555         1.02767        0.223791 
        4.13124         1.01811        0.221655 
        4.14693         1.01543        0.219545 
        4.16266          1.0052        0.217457 
        4.17839        0.998839        0.215398 
        4.19408        0.995713         0.21337 
        4.20977        0.987827        0.211367 
        4.22551        0.983218        0.209385 
        4.24123        0.974807        0.207431 
        4.25691        0.967243        0.205507 
        4.27259        0.963116        0.203607 
        4.28831        0.960393        0.201727 
        4.30404        0.954402        0.199869 
        4.31974        0.944874        0.198038 
        4.33543        0.942587        0.196231 
        4.35116        0.935875        0.194443 
        4.36688        0.928125        0.192677 
        4.38255        0.924654         0.19094 
        4.39825        0.921277        0.189221 
        4.41398        0.914971        0.187519 
         4.4297        0.911487         0.18584 
        4.44541        0.903511        0.184182 
        4.46111        0.900693        0.182545 
        4.47683        0.898188        0.180927 
        4.49251        0.893255        0.179332 
        4.50819        0.887447        0.177757 
         4.5239        0.883951        0.176198 
        4.53962        0.875599        0.174656 
        4.55535        0.876323        0.173132 
        4.57106        0.869569        0.171628 
        4.58678        0.868277        0.170142 
         4.6025        0.861872        0.168673 
        4.61821        0.860777        0.167221 
        4.63391        0.857981        0.165788 
         4.6496         0.85281        0.164373 
        4.66532        0.847462        0.162972 
        4.68103         0.84546        0.161588 
        4.69673        0.841438        0.160222 
        4.71241        0.838236        0.158872 
        4.72811        0.835257        0.157536 
        4.74384        0.833808        0.156214 
        4.75955        0.829928        0.154908 
        4.77525        0.824746        0.153619 
        4.79096        0.822918        0.152342 
        4.80669        0.819916         0.15108 
         4.8224        0.815766        0.149833 
        4.83809        0.812813        0.148601 
        4.85379        0.812192        0.147383 
         4.8695        0.808079        0.146177 
        4.88521        0.806209        0.144985 
        4.90093        0.802149        0.143807 
        4.91663        0.799284        0.142642 
        4.93234        0.797959        0.141489 
        4.94807        0.796189        0.140348 
        4.96377        0.794019        0.139222 
        4.97943        0.792001        0.138111 
        4.99514        0.787753        0.137008 
        5.01086         0.78501        0.135917 
        5.02654        0.785494        0.134841 
        5.04227        0.780587        0.133773 
          5.058        0.780404        0.132716 
        5.07371        0.776775        0.131673 
        5.08942        0.775654        0.130641 
        5.10513        0.774197        0.129619 
        5.12084        0.769791        0.128609 
        5.13656        0.769756        0.127609 
        5.15225        0.767229        0.126621 
        5.16796        0.765366        0.125642 
        5.18369        0.763764        0.124673 
         5.1994        0.763369        0.123716 
        5.21509        0.759821        0.122769 
        5.23079        0.759645        0.121832 
        5.24649        0.757475        0.120905 
        5.26217        0.757174        0.119988 
        5.27788         0.75586        0.119079 
        5.29359        0.753373         0.11818 
        5.30933        0.752377        0.117288 
        5.32504        0.749036        0.116408 
        5.34073        0.748801        0.115537 
        5.35646        0.748548        0.114673 
        5.37218        0.747861        0.113819 
        5.38789        0.745418        0.112974 
        5.40357        0.744934        0.112139 
        5.41929        0.742837         0.11131 
        5.43502        0.741542        0.110489 
         5.4507        0.739411        0.109679 
        5.46639        0.738671        0.108877 
        5.48212        0.738136        0.108081 
        5.49786        0.737139        0.107292 
        5.51353        0.737407        0.106515 
        5.52921        0.735193        0.105745 
        5.54495        0.734124         0.10498 
        5.56066        0.733598        0.104223 
        5.57637        0.733438        0.103474 
        5.59207        0.733175        0.102733 
        5.60778        0.730415        0.101999 
        5.62346        0.730589        0.101273 
        5.63916        0.728357        0.100554 
        5.65487        0.726229        0.099841 
         5.6706        0.727039       0.0991342 
        5.68633        0.725584        0.098434 
        5.70203        0.725918        0.097742 
        5.71773        0.724774       0.0970568 
        5.73344        0.724223       0.0963778 
        5.74916        0.721804       0.0957046 
        5.76486        0.724064       0.0950388 
        5.78054        0.720763       0.0943804 
        5.79626        0.720561       0.0937263 
          5.812        0.719277       0.0930778 
         5.8277        0.718825       0.0924373 
        5.84339        0.719561       0.0918029 
        5.85911         0.71901       0.0911731 
        5.87484        0.717683       0.0905494 
        5.89053        0.716629       0.0899328 
        5.90623        0.716376       0.0893216 
        5.92195        0.714332        0.088715 
        5.93767        0.716015       0.0881144 
        5.95336        0.714636       0.0875203 
        5.96905        0.712733        0.086932 
        5.98476        0.712578       0.0863482 
        6.00048        0.712199       0.0857696 
        6.01617        0.711444        0.085197 
        6.03185        0.710056       0.0846304 
        6.04756        0.710844       0.0840675 
        6.06331        0.710328       0.0835086 
        6.07903        0.710765        0.082956 
        6.09473        0.708794       0.0824088 
        6.11044        0.706255       0.0818661 
        6.12616        0.708708       0.0813284 
        6.14186        0.706669        0.080796 
        6.15755        0.707143       0.0802684 
        6.17326         0.70623       0.0797451 
        6.18898        0.705647       0.0792262 
        6.20467        0.705797       0.0787129 
        6.22036        0.704938       0.0782042 
         6.2361        0.703421       0.0776986 
         6.2518        0.702726       0.0771982 
        6.26748        0.701924       0.0767034 
        6.28319        0.701688       0.0762115 
        6.29893        0.703499       0.0757236 
        6.31463        0.701036       0.0752407 
        6.33033        0.700448       0.0747622 
        6.34604        0.700712       0.0742875 
        6.36177        0.699546       0.0738165 
        6.37747        0.699883       0.0733504 
        6.39316        0.697895       0.0728887 
        6.40888        0.698311         0.07243 
         6.4246        0.697883       0.0719752 
        6.44031         0.69681       0.0715246 
        6.45601        0.698327       0.0710783 
        6.47172        0.696276       0.0706354 
        6.48744        0.697998       0.0701961 
        6.50313        0.696669       0.0697612 
        6.51882        0.694298       0.0693302 
        6.53452        0.694911       0.0689024 
        6.55025        0.695727       0.0684775 
        6.56597        0.693692       0.0680567 
        6.58166         0.69252       0.0676399 
        6.59736        0.694006       0.0672265 
        6.61307        0.691404       0.0668161 
         6.6288         0.69231       0.0664089 
         6.6445        0.691141       0.0660056 
         6.6602        0.691455       0.0656057 
        6.67592        0.691033       0.0652087 
        6.69164        0.690024       0.0648152 
        6.70735        0.689144       0.0644249 
        6.72304        0.689417       0.0640383 
        6.73874        0.687604       0.0636548 
        6.75446        0.688878       0.0632739 
        6.77016        0.689296       0.0628967 
        6.78585        0.687423       0.0625226 
        6.80156        0.687656       0.0621514 
        6.81729        0.687711       0.0617825 
        6.83301        0.686587       0.0614167 
         6.8487        0.686604       0.0610547 
         6.8644        0.684957       0.0606954 
        6.88012        0.686405       0.0603387 
        6.89583        0.684437       0.0599851 
        6.91151        0.684743       0.0596348 
        6.92723         0.68314       0.0592864 
        6.94296        0.683809       0.0589407 
        6.95866        0.682977       0.0585984 
        6.97436         0.68325       0.0582588 
        6.99007        0.681266       0.0579217 
        7.00578        0.682367       0.0575873 
        7.02147         0.68206       0.0572559 
        7.03718        0.681786       0.0569268 
         7.0529        0.681381          0.0566 
        7.06863        0.681079       0.0562755 
        7.08433        0.680226       0.0559541 
        7.10004         0.68048       0.0556353 
        7.11575         0.67971       0.0553189 
        7.13145         0.67998        0.055005 
        7.14715        0.676861       0.0546936 
        7.16284        0.677554        0.054385 
        7.17855        0.676389       0.0540781 
        7.19428        0.676688       0.0537733 
        7.20998        0.676634       0.0534714 
        7.22568        0.675259       0.0531719 
        7.24139         0.67584       0.0528745 
        7.25711        0.673949       0.0525793 
        7.27282        0.675748       0.0522863 
        7.28852        0.674567       0.0519959 
        7.30423        0.675161       0.0517074 
        7.31995        0.673534       0.0514211 
        7.33565        0.674213       0.0511372 
        7.35135        0.673918       0.0508553 
        7.36706        0.672121       0.0505757 
        7.38277        0.670952       0.0502979 
        7.39847        0.672496       0.0500224 
        7.41419        0.672333       0.0497488 
         7.4299        0.670838       0.0494773 
        7.44561        0.670458       0.0492078 
        7.46132         0.67032       0.0489404 
        7.47701        0.669742       0.0486753 
        7.49272        0.671287       0.0484118 
        7.50842        0.669359       0.0481504 
         7.5241        0.669844       0.0478912 
        7.53981        0.669247       0.0476336 
        7.55552        0.668393       0.0473778 
        7.57125        0.668562       0.0471236 
        7.58698        0.667078       0.0468712 
        7.60268        0.668237       0.0466212 
         7.6184        0.666389       0.0463727 
        7.63411        0.665139       0.0461261 
        7.64981        0.666468       0.0458815 
        7.66552        0.665548       0.0456386 
        7.68123        0.665948       0.0453974 
        7.69695        0.664477       0.0451578 
        7.71264        0.664991       0.0449203 
        7.72834         0.66392       0.0446844 
        7.74407        0.664483       0.0444499 
        7.75978        0.663332       0.0442171 
        7.77546        0.663386       0.0439866 
        7.79116        0.663532       0.0437574 
         7.8069         0.66277       0.0435294 
         7.8226        0.662362       0.0433033 
        7.83828         0.66183       0.0430793 
        7.85399        0.662756       0.0428566 
        7.86972        0.661815       0.0426349 
        7.88543        0.661192       0.0424152 
        7.90111        0.661207       0.0421975 
        7.91681        0.660694       0.0419809 
        7.93255        0.659703       0.0417655 
        7.94828         0.65996       0.0415516 
        7.96397        0.659588       0.0413397 
        7.97967        0.660475       0.0411292 
        7.99538        0.660004       0.0409201 
         8.0111         0.65875       0.0407123 
         8.0268        0.658611       0.0405061 
        8.04248        0.659776       0.0403017 
         8.0582        0.658761       0.0400982 
        8.07393        0.657794       0.0398959 
        8.08963        0.658283       0.0396954 
        8.10533        0.658615       0.0394963 
        8.12104        0.658593       0.0392985 
        8.13675         0.65879        0.039102 
        8.15245         0.65816       0.0389069 
        8.16815        0.657449       0.0387133 
        8.18387        0.656562       0.0385206 
        8.19959        0.657811       0.0383293 
         8.2153        0.658609       0.0381394 
        8.23101        0.657394       0.0379508 
        8.24672        0.657356       0.0377635 
        8.26241        0.658336       0.0375777 
         8.2781        0.657393       0.0373931 
        8.29381         0.65776       0.0372096 
        8.30952        0.657748       0.0370272 
        8.32524        0.656845        0.036846 
        8.34095        0.658018       0.0366661 
        8.35666        0.657363       0.0364874 
        8.37237        0.656881       0.0363099 
        8.38808         0.65708       0.0361336 
        8.40379        0.657283       0.0359585 
         8.4195        0.655677       0.0357846 
         8.4352        0.657031       0.0356118 
        8.45091        0.656728       0.0354402 
        8.46662        0.656424       0.0352696 
        8.48232        0.657266       0.0351003 
        8.49802        0.656797       0.0349321 
        8.51374        0.656435       0.0347648 
        8.52945        0.656273       0.0345987 
        8.54515          0.6574       0.0344338 
        8.56086        0.656282       0.0342698 
        8.57658        0.656868       0.0341069 
        8.59228        0.656859       0.0339451 
        8.60799        0.656645       0.0337843 
        8.62371        0.656111       0.0336246 
        8.63942        0.656321       0.0334659 
        8.65512        0.656018       0.0333083 
        8.67082        0.656822       0.0331517 
        8.68653        0.655792       0.0329961 
        8.70224        0.657182       0.0328414 
        8.71795        0.656841       0.0326878 
        8.73365        0.655022       0.0325352 
        8.74936        0.656004       0.0323836 
        8.76506        0.656118        0.032233 
        8.78076         0.65608       0.0320833 
        8.79646         0.65664       0.0319346 
        8.81218        0.655913       0.0317867 
        8.82791         0.65568       0.0316396 
         8.8436         0.65679       0.0314937 
         8.8593        0.655699       0.0313488 
        8.87503        0.656675       0.0312044 
        8.89076        0.655386        0.031061 
        8.90644        0.656501       0.0309189 
        8.92214        0.656491       0.0307776 
        8.93786        0.656584       0.0306369 
        8.95357        0.656163       0.0304972 
        8.96928        0.656419       0.0303585 
        8.98498        0.656626       0.0302206 
        9.00069        0.655947       0.0300835 
        9.01639        0.656215       0.0299473 
        9.03208        0.655893       0.0298121 
        9.04778           0.656       0.0296776 
        9.06351        0.656597       0.0295437 
        9.07923        0.656305       0.0294108 
        9.09493        0.656755       0.0292788 
        9.11062        0.655771       0.0291476 
        9.12635        0.656569       0.0290171 
        9.14207        0.656201       0.0288873 
        9.15777        0.655937       0.0287585 
        9.17346        0.655994       0.0286306 
        9.18917        0.655888       0.0285033 
         9.2049        0.657623       0.0283766 
        9.22061         0.65647       0.0282509 
        9.23631        0.656428       0.0281259 
        9.25201        0.657187       0.0280018 
        9.26773        0.655999       0.0278783 
        9.28343        0.657724       0.0277556 
        9.29913        0.657326       0.0276336 
        9.31484        0.656378       0.0275124 
        9.33057        0.657614       0.0273917 
        9.34627        0.656965       0.0272719 
        9.36197        0.657389       0.0271529 
        9.37768        0.657266       0.0270345 
        9.39338        0.657976       0.0269169 
        9.40909        0.657817       0.0267999 
        9.42479         0.65836       0.0266837 
         9.4405        0.658156       0.0265682 
        9.45621        0.658057       0.0264532 
        9.47193        0.658369        0.026339 
        9.48763        0.657933       0.0262256 
        9.50334        0.657344       0.0261127 
        9.51906        0.658021       0.0260005 
        9.53476        0.658415       0.0258891 
        9.55045        0.659739       0.0257783 
        9.56616        0.658112       0.0256681 
        9.58188        0.658752       0.0255584 
        9.59759        0.658374       0.0254494 
         9.6133        0.659303       0.0253411 
        9.62901        0.658902       0.0252333 
        9.64471        0.659382       0.0251262 
        9.66041        0.659895       0.0250196 
        9.67612        0.659931       0.0249136 
        9.69184        0.659539       0.0248082 
        9.70754         0.66013       0.0247034 
        9.72324        0.659774       0.0245994 
        9.73895         0.65969       0.0244959 
        9.75467         0.66039        0.024393 
        9.77038         0.66136       0.0242909 
        9.78607        0.660493       0.0241895 
        9.80177        0.660755       0.0240888 
        9.81749        0.661154       0.0239887 
         9.8332        0.660754       0.0238893 
         9.8489        0.661655       0.0237907 
        9.86463        0.661737       0.0236924 
        9.88035        0.662279       0.0235947 
        9.89606        0.662301       0.0234977 
        9.91175        0.661553        0.023401 
        9.92745        0.662414       0.0233047 
        9.94317        0.662134       0.0232086 
        9.95888        0.662629       0.0231127 
        9.97458        0.662364       0.0230171 
        9.99029        0.663712       0.0229214 
         10.006        0.663824       0.0228624 
        10.0217        0.663191       0.0228624 
        10.0374        0.663917       0.0228624 
        10.0531        0.665012       0.0228624 
        10.0688        0.664648       0.0228624 
        10.0845        0.664774       0.0228624 
        10.1002        0.665209       0.0228624 
        10.1159        0.665563       0.0228624 
        10.1317        0.666193       0.0228624 
        10.1474        0.665393       0.0228624 
        10.1631        0.666024       0.0228624 
        10.1788         0.66639       0.0228624 
        10.1945        0.666289       0.0228624 
        10.2102        0.666362       0.0228624 
        10.2259        0.667266       0.0228624 
        10.2416        0.666744       0.0228624 
        10.2573        0.667681       0.0228624 
         10.273        0.668538       0.0228624 
        10.2887        0.667264       0.0228624 
        10.3044        0.669166       0.0228624 
        10.3201        0.668275       0.0228624 
        10.3359        0.668694       0.0228624 
        10.3516        0.669171       0.0228624 
        10.3673        0.669987       0.0228624 
         10.383        0.669859       0.0228624 
        10.3987        0.669827       0.0228624 
        10.4144        0.671464       0.0228624 
        10.4301        0.671395       0.0228624 
        10.4458        0.671803       0.0228624 
        10.4615        0.671539       0.0228624 
        10.4772        0.671876       0.0228624 
        10.4929        0.672958       0.0228624 
        10.5086        0.673195       0.0228624 
        10.5244        0.673894       0.0228624 
        10.5401        0.673347       0.0228624 
        10.5558        0.673301       0.0228624 
        10.5715        0.674572       0.0228624 
        10.5872        0.674573       0.0228624 
        10.6029        0.674897       0.0228624 
        10.6186        0.676387       0.0228624 
        10.6343        0.675924       0.0228624 
          10.65        0.677124       0.0228624 
        10.6657        0.677027       0.0228624 
        10.6814        0.677907       0.0228624 
        10.6971        0.677401       0.0228624 
        10.7129        0.678708       0.0228624 
        10.7286        0.678235       0.0228624 
        10.7443        0.678879       0.0228624 
          10.76        0.679364       0.0228624 
        10.7757        0.679927       0.0228624 
        10.7914        0.680499       0.0228624 
        10.8071        0.681779       0.0228624 
        10.8228        0.682864       0.0228624 
        10.8385        0.682389       0.0228624 
        10.8542        0.682603       0.0228624 
        10.8699        0.683132       0.0228624 
        10.8856        0.683875       0.0228624 
        10.9014        0.684781       0.0228624 
        10.9171        0.684624       0.0228624 
        10.9328        0.685087       0.0228624 
        10.9485        0.685926       0.0228624 
        10.9642        0.687126       0.0228624 
        10.9799        0.687632       0.0228624 
        10.9956        0.687463       0.0228624 
        11.0113        0.688279       0.0228624 
         11.027        0.689243       0.0228624 
        11.0427        0.689703       0.0228624 
        11.0584        0.690211       0.0228624 
        11.0741        0.691522       0.0228624 
        11.0898          0.6921       0.0228624 
        11.1055         0.69326       0.0228624 
        11.1212        0.693611       0.0228624 
         11.137        0.693447       0.0228624 
        11.1527        0.693921       0.0228624 
        11.1684        0.694999       0.0228624 
        11.1841        0.695482       0.0228624 
        11.1998        0.696591       0.0228624 
        11.2155        0.697138       0.0228624 
        11.2312        0.698332       0.0228624 
        11.2469        0.698585       0.0228624 
        11.2626        0.699416       0.0228624 
        11.2783        0.699941       0.0228624 
         11.294        0.700689       0.0228624 
        11.3097        0.701598       0.0228624 
        11.3254        0.702467       0.0228624 
        11.3412        0.703907       0.0228624 
        11.3569        0.705114       0.0228624 
        11.3726        0.705426       0.0228624 
        11.3883        0.705686       0.0228624 
         11.404         0.70702       0.0228624 
        11.4197        0.707506       0.0228624 
        11.4354        0.708133       0.0228624 
        11.4511        0.708638       0.0228624 
        11.4668        0.710247       0.0228624 
        11.4825        0.710698       0.0228624 
        11.4982        0.711825       0.0228624 
         11.514        0.713115       0.0228624 
        11.5297        0.714788       0.0228624 
        11.5454        0.715697       0.0228624 
        11.5611        0.715926       0.0228624 
        11.5768          0.7177       0.0228624 
        11.5925        0.718465       0.0228624 
        11.6082        0.719419       0.0228624 
        11.6239        0.720168       0.0228624 
        11.6396        0.720546       0.0228624 
        11.6553        0.722225       0.0228624 
         11.671        0.723433       0.0228624 
        11.6867        0.723555       0.0228624 
        11.7024        0.726109       0.0228624 
        11.7182        0.726444       0.0228624 
        11.7339        0.728279       0.0228624 
        11.7496        0.729593       0.0228624 
        11.7653        0.730134       0.0228624 
         11.781         0.73166       0.0228624 
        11.7967        0.732874       0.0228624 
        11.8124        0.733745       0.0228624 
        11.8281        0.735071       0.0228624 
        11.8438        0.736385       0.0228624 
        11.8595        0.738129       0.0228624 
        11.8752        0.738747       0.0228624 
         11.891        0.740426       0.0228624 
        11.9067        0.741778       0.0228624 
        11.9224        0.742785       0.0228624 
        11.9381        0.745137       0.0228624 
        11.9538        0.745713       0.0228624 
        11.9695        0.746865       0.0228624 
        11.9852        0.748601       0.0228624 
        12.0009        0.751022       0.0228624 
        12.0166        0.751313       0.0228624 
        12.0323        0.753197       0.0228624 
         12.048        0.755116       0.0228624 
        12.0637         0.75592       0.0228624 
