# k  (h/Mpc)    Pcb(k)  (Mpc/h)^3    Pcb_linear(k) (Mpc/h)^3   ShotnoiseSubtracted = true
      0.0200456         3052.89          3095.4 
      0.0350414         2393.28         2427.11 
      0.0492313         1916.81         1923.02 
      0.0637834         1582.54         1563.72 
      0.0800726         1203.51         1181.24 
       0.096163         917.391          929.12 
       0.111083         766.891         786.498 
       0.126058         660.511         653.804 
       0.142273         547.021         532.025 
       0.158546         467.245         453.223 
        0.17375         393.419         394.319 
       0.188953         353.171         338.994 
       0.204907         321.891         293.448 
       0.220756          276.92         259.362 
        0.23588         245.248         230.369 
         0.2514         215.053         204.126 
       0.267535         198.003         182.045 
       0.283568         180.133         163.583 
       0.299022         165.579          147.72 
       0.314451         148.563         133.932 
       0.330372          137.64         121.777 
       0.346141         125.068         111.168 
       0.361624         117.233         101.888 
       0.377134         110.442         93.6802 
       0.392932          98.638         86.2843 
       0.408854         94.9647         79.6157 
       0.424564         90.3869          73.709 
       0.440253          83.512         68.4221 
       0.455999         78.8848         63.6418 
       0.471626         73.3904         59.3424 
        0.48727         70.6805         55.4352 
       0.502856         66.6395         51.8944 
       0.518488         63.9356         48.6539 
       0.534347         61.3639         45.6478 
       0.550082         56.3832         42.9167 
       0.565732         53.1175         40.4226 
       0.581496         51.7385          38.111 
       0.597222          50.059         35.9852 
       0.612804         46.9515         34.0394 
       0.628434         45.4965         32.2328 
       0.644267         44.3128         30.5368 
       0.660051         42.2851          28.968 
       0.675724         40.2246         27.5196 
       0.691403         38.9665           26.17 
       0.707174         37.8405         24.9042 
       0.722871         36.3124         23.7278 
        0.73838          35.194         22.6403 
       0.754018           33.71         21.6131 
       0.769845         32.7766         20.6387 
        0.78569         31.8043         19.7235 
       0.801365         30.6385          18.873 
       0.817031         29.9309         18.0733 
       0.832809         29.3481          17.315 
       0.848511         27.6204         16.6037 
       0.864097         27.1389         15.9373 
       0.879701         26.5378          15.307 
       0.895507         25.9082         14.7035 
       0.911279         25.1246         14.1338 
        0.92691         24.4908         13.5992 
       0.942635         23.5771         13.0894 
       0.958396          23.153         12.6048 
       0.974128         22.4565         12.1457 
       0.989692         22.2688         11.7141 
        1.00528         21.6948         11.3029 
        1.02113         20.8411         10.9051 
        1.03692         20.4296         10.5281 
        1.05264         20.0074         10.1707 
        1.06832         19.5831         9.83049 
        1.08405         19.0547         9.50504 
        1.09979         18.6645          9.1942 
        1.11537         18.3152         8.90041 
        1.13105         17.9882         8.61775 
        1.14679         17.7269         8.34634 
        1.16256         17.1066         8.08614 
        1.17828          17.082         7.83793 
        1.19395         16.4605         7.60101 
         1.2097           16.28         7.37273 
        1.22537         15.8686         7.15495 
          1.241         15.6469         6.94666 
        1.25666         15.2828         6.74618 
        1.27241         14.9583         6.55269 
        1.28819         14.6818         6.36649 
        1.30392         14.5617          6.1881 
        1.31957          14.314         6.01735 
        1.33529         14.0665         5.85245 
        1.35108         13.7133         5.69309 
        1.36674         13.6103         5.54082 
         1.3824         13.2623         5.39428 
        1.39811         13.0646         5.25257 
        1.41389         12.9064         5.11543 
        1.42964         12.7472         4.98343 
        1.44531         12.5631         4.85674 
        1.46101          12.245          4.7342 
        1.47667         12.0993         4.61627 
        1.49229         11.9517         4.50268 
        1.50793          11.737          4.3928 
        1.52367         11.5611         4.28589 
        1.53953         11.4039         4.18183 
        1.55526         11.2386         4.08206 
        1.57092         11.1143         3.98597 
        1.58662          10.943         3.89275 
        1.60235         10.7775         3.80235 
        1.61809         10.6429         3.71477 
        1.63369         10.4755         3.63074 
        1.64941         10.3315         3.54871 
        1.66519         10.2354         3.46893 
        1.68085         10.0676         3.39217 
        1.69652         9.91219         3.31772 
        1.71228          9.7789         3.24509 
        1.72806         9.72595         3.17458 
        1.74368         9.54171         3.10687 
        1.75933         9.44882         3.04101 
        1.77505         9.32952         2.97676 
        1.79081         9.15008         2.91425 
         1.8065         9.10566         2.85381 
        1.82218         8.94363         2.79513 
        1.83797         8.89022         2.73771 
        1.85367         8.73448         2.68223 
        1.86928          8.7298         2.62861 
        1.88497         8.52417         2.57617 
        1.90073         8.45919         2.52498 
        1.91647         8.40581         2.47522 
        1.93218         8.30222         2.42691 
        1.94787         8.17062         2.37996 
        1.96363         8.11232         2.33407 
        1.97935         7.98503         2.28949 
        1.99499         7.87168         2.24632 
        2.01064         7.80227         2.20421 
         2.0264         7.71618         2.16292 
        2.04216         7.65131          2.1227 
        2.05781          7.5465         2.08376 
        2.07353         7.48404         2.04566 
        2.08928         7.42748         2.00844 
        2.10499         7.36556         1.97224 
        2.12065         7.25493         1.93704 
        2.13633         7.21259         1.90267 
        2.15211         7.09735         1.86891 
        2.16785         7.02404         1.83607 
        2.18349         6.96815         1.80423 
        2.19916         6.89695         1.77307 
        2.21489          6.8152         1.74255 
        2.23063         6.75723         1.71273 
         2.2463         6.67569         1.68374 
        2.26194         6.59304         1.65549 
        2.27765         6.57554         1.62775 
        2.29341         6.48178         1.60057 
        2.30914         6.42718         1.57407 
        2.32486         6.33431         1.54819 
        2.34061         6.31134         1.52284 
        2.35635         6.25776         1.49809 
        2.37203         6.19384         1.47397 
        2.38768          6.1224         1.45043 
        2.40339         6.07308         1.42733 
        2.41914         5.97992         1.40467 
        2.43483         5.97599         1.38258 
         2.4505          5.8964         1.36101 
        2.46622         5.85748         1.33983 
        2.48195         5.78286         1.31909 
        2.49759         5.77106          1.2989 
        2.51328         5.69667         1.27909 
        2.52906         5.67724         1.25956 
        2.54479         5.59442         1.24051 
        2.56049         5.56352          1.2219 
        2.57618         5.50119         1.20368 
        2.59189         5.45217         1.18581 
        2.60758         5.41806         1.16833 
        2.62325         5.35892         1.15122 
        2.63898         5.29797          1.1344 
        2.65468         5.26343         1.11794 
        2.67044         5.21509         1.10175 
        2.68618         5.19324         1.08591 
        2.70184         5.12593         1.07045 
        2.71755         5.08844         1.05525 
        2.73329         5.05904         1.04032 
        2.74897         5.03474         1.02573 
        2.76462         4.98605         1.01145 
        2.78034         4.91657        0.997382 
        2.79607         4.89036         0.98357 
        2.81179         4.86395        0.970035 
        2.82749         4.79584         0.95677 
        2.84321         4.78839        0.943738 
        2.85893         4.74786        0.930953 
        2.87462         4.70596        0.918427 
        2.89033         4.66262         0.90612 
        2.90605          4.6256        0.894028 
        2.92176         4.57853        0.882162 
        2.93747          4.5537        0.870519 
        2.95318         4.52202        0.859083 
        2.96891         4.49349        0.847847 
        2.98456         4.45192        0.836862 
        3.00023         4.40504        0.826056 
        3.01596         4.38406        0.815407 
        3.03164         4.35985        0.804977 
        3.04738         4.31744        0.794698 
         3.0631         4.28967        0.784602 
        3.07883          4.2636        0.774682 
        3.09456          4.2231        0.764934 
        3.11026         4.20072        0.755369 
        3.12596         4.15788        0.745969 
        3.14163         4.12062        0.736751 
        3.15734         4.09033        0.727667 
        3.17308         4.07361        0.718714 
        3.18879         4.04034        0.709936 
        3.20447          4.0194        0.701318 
         3.2202         3.97342        0.692816 
         3.2359         3.96108         0.68447 
        3.25157          3.9204        0.676282 
        3.26729         3.89275        0.668203 
        3.28304         3.86967         0.66024 
        3.29877         3.85201        0.652417 
        3.31446         3.80686        0.644738 
        3.33014         3.79627        0.637189 
        3.34585         3.76648         0.62975 
        3.36158         3.74939        0.622418 
        3.37727         3.71245        0.615226 
        3.39294         3.69417        0.608154 
        3.40867         3.65644        0.601168 
        3.42439         3.63412        0.594296 
        3.44008         3.60782        0.587544 
        3.45578         3.59006        0.580892 
        3.47153         3.56188        0.574329 
        3.48724         3.54293        0.567878 
        3.50292         3.52598        0.561542 
        3.51859         3.48981        0.555305 
        3.53431         3.46446        0.549144 
        3.55007          3.4581        0.543061 
        3.56577         3.43048        0.537094 
        3.58146         3.41225         0.53122 
        3.59719         3.38313        0.525419 
        3.61292         3.36444        0.519708 
        3.62859         3.33137        0.514102 
        3.64429         3.31326        0.508569 
        3.66003         3.30122          0.5031 
        3.67578         3.27603        0.497714 
        3.69146         3.24897        0.492427 
        3.70712          3.2316        0.487226 
        3.72284         3.20855        0.482081 
        3.73853         3.19261        0.477019 
        3.75422         3.17015        0.472028 
        3.76993          3.1423        0.467104 
        3.78564           3.131        0.462252 
        3.80137         3.11038        0.457462 
        3.81707         3.08385        0.452749 
        3.83279         3.07204        0.448099 
        3.84853           3.054        0.443506 
        3.86424          3.0286        0.438987 
        3.87992         3.01678        0.434538 
        3.89561         2.98176         0.43015 
        3.91134         2.98249        0.425814 
        3.92704         2.95679        0.421542 
        3.94273         2.93474        0.417333 
        3.95845         2.92622        0.413174 
        3.97418         2.89527        0.409071 
        3.98988         2.87781        0.405029 
        4.00554         2.85491        0.401053 
        4.02125         2.83951        0.397119 
        4.03698         2.82241        0.393231 
        4.05268          2.8069        0.389404 
        4.06839         2.78665        0.385625 
         4.0841         2.76943        0.381898 
        4.09983         2.74549        0.378215 
        4.11555         2.73485        0.374581 
        4.13124         2.71711        0.371006 
        4.14693         2.69389        0.367473 
        4.16266         2.68214        0.363979 
        4.17839         2.66762        0.360533 
        4.19408         2.64268        0.357138 
        4.20977         2.62624        0.353786 
        4.22551         2.61009        0.350469 
        4.24123         2.59595        0.347198 
        4.25691         2.58189        0.343978 
        4.27259         2.55949        0.340797 
        4.28831         2.55162         0.33765 
        4.30404         2.53201         0.33454 
        4.31974         2.51812        0.331476 
        4.33543         2.50582        0.328452 
        4.35116         2.48917        0.325458 
        4.36688         2.47417        0.322503 
        4.38255         2.45696        0.319595 
        4.39825         2.44541        0.316717 
        4.41398         2.42571        0.313869 
         4.4297         2.41763        0.311059 
        4.44541         2.39845        0.308284 
        4.46111         2.38694        0.305544 
        4.47683          2.3702        0.302836 
        4.49251         2.35789        0.300166 
        4.50819         2.34214        0.297529 
         4.5239         2.33224         0.29492 
        4.53962         2.32067        0.292339 
        4.55535         2.30378        0.289788 
        4.57106         2.29497        0.287271 
        4.58678         2.28048        0.284783 
         4.6025         2.26533        0.282324 
        4.61821         2.25054        0.279894 
        4.63391         2.24117        0.277497 
         4.6496         2.22876        0.275128 
        4.66532         2.21258        0.272783 
        4.68103         2.20521        0.270466 
        4.69673          2.1913        0.268179 
        4.71241         2.17587         0.26592 
        4.72811         2.16625        0.263684 
        4.74384         2.15813         0.26147 
        4.75955         2.14399        0.259286 
        4.77525         2.13419        0.257127 
        4.79096         2.12091         0.25499 
        4.80669         2.11548        0.252877 
         4.8224         2.09718         0.25079 
        4.83809         2.09132        0.248729 
        4.85379         2.07563        0.246689 
         4.8695          2.0645        0.244671 
        4.88521         2.05261        0.242676 
        4.90093          2.0394        0.240703 
        4.91663         2.03072        0.238754 
        4.93234         2.02336        0.236824 
        4.94807         2.00996        0.234915 
        4.96377         1.99795         0.23303 
        4.97943         1.99345        0.231169 
        4.99514         1.97965        0.229325 
        5.01086         1.97051        0.227498 
        5.02654          1.9618        0.225697 
        5.04227          1.9535        0.223909 
          5.058         1.94229        0.222141 
        5.07371         1.93363        0.220394 
        5.08942         1.92151        0.218666 
        5.10513         1.91264        0.216957 
        5.12084          1.9065        0.215265 
        5.13656         1.88962        0.213591 
        5.15225         1.88481        0.211938 
        5.16796         1.87112          0.2103 
        5.18369         1.86576        0.208678 
         5.1994         1.85548        0.207075 
        5.21509         1.84819        0.205491 
        5.23079         1.83902        0.203922 
        5.24649         1.83104         0.20237 
        5.26217         1.82209        0.200835 
        5.27788         1.81059        0.199315 
        5.29359         1.81287        0.197809 
        5.30933         1.79631        0.196317 
        5.32504         1.78655        0.194843 
        5.34073         1.78086        0.193386 
        5.35646          1.7723         0.19194 
        5.37218         1.76524        0.190509 
        5.38789         1.75721        0.189095 
        5.40357         1.74936        0.187697 
        5.41929         1.73885         0.18631 
        5.43502         1.73274        0.184937 
         5.4507         1.72163        0.183581 
        5.46639         1.71823        0.182239 
        5.48212         1.70985        0.180906 
        5.49786         1.70235        0.179586 
        5.51353         1.69301        0.178285 
        5.52921          1.6852        0.176995 
        5.54495         1.67847        0.175715 
        5.56066         1.67113        0.174449 
        5.57637         1.66164        0.173195 
        5.59207         1.65336        0.171955 
        5.60778         1.64744        0.170726 
        5.62346         1.64372        0.169511 
        5.63916         1.63413        0.168307 
        5.65487           1.627        0.167114 
         5.6706         1.62197        0.165931 
        5.68633         1.61297        0.164759 
        5.70203         1.60622        0.163601 
        5.71773         1.59772        0.162454 
        5.73344         1.58882        0.161317 
        5.74916         1.58423         0.16019 
        5.76486          1.5769        0.159076 
        5.78054         1.57222        0.157974 
        5.79626         1.56598        0.156879 
          5.812         1.56095        0.155794 
         5.8277         1.54941        0.154722 
        5.84339         1.54546         0.15366 
        5.85911          1.5412        0.152606 
        5.87484         1.53236        0.151562 
        5.89053         1.52905        0.150529 
        5.90623         1.51854        0.149506 
        5.92195         1.51572        0.148491 
        5.93767         1.50802        0.147486 
        5.95336         1.50207        0.146491 
        5.96905         1.49141        0.145507 
        5.98476          1.4909         0.14453 
        6.00048         1.48262        0.143561 
        6.01617         1.47889        0.142603 
        6.03185         1.47298        0.141654 
        6.04756         1.46603        0.140712 
        6.06331         1.46005        0.139777 
        6.07903         1.45467        0.138852 
        6.09473         1.44771        0.137936 
        6.11044         1.44337        0.137027 
        6.12616         1.43719        0.136127 
        6.14186         1.43241        0.135236 
        6.15755          1.4269        0.134353 
        6.17326         1.42116        0.133477 
        6.18898         1.41794        0.132609 
        6.20467         1.40932         0.13175 
        6.22036         1.40451        0.130898 
         6.2361         1.40021        0.130052 
         6.2518         1.39158        0.129214 
        6.26748          1.3892        0.128386 
        6.28319          1.3816        0.127563 
        6.29893         1.37823        0.126746 
        6.31463         1.37247        0.125938 
        6.33033         1.36862        0.125137 
        6.34604         1.36308        0.124342 
        6.36177          1.3576        0.123554 
        6.37747         1.35401        0.122774 
        6.39316         1.34655        0.122001 
        6.40888         1.34178        0.121233 
         6.4246         1.33712        0.120472 
        6.44031         1.33044        0.119718 
        6.45601         1.32675        0.118971 
        6.47172         1.32286        0.118229 
        6.48744         1.31751        0.117494 
        6.50313         1.31367        0.116766 
        6.51882         1.30891        0.116045 
        6.53452         1.30138        0.115329 
        6.55025         1.30014        0.114618 
        6.56597           1.294        0.113913 
        6.58166          1.2907        0.113216 
        6.59736         1.28472        0.112524 
        6.61307         1.27876        0.111837 
         6.6288         1.27438        0.111155 
         6.6445         1.26958         0.11048 
         6.6602         1.26725        0.109811 
        6.67592         1.26578        0.109146 
        6.69164         1.25939        0.108488 
        6.70735         1.25468        0.107834 
        6.72304          1.2485        0.107187 
        6.73874         1.24553        0.106545 
        6.75446         1.24155        0.105908 
        6.77016         1.23775        0.105276 
        6.78585         1.23424         0.10465 
        6.80156         1.22825        0.104029 
        6.81729         1.22594        0.103411 
        6.83301         1.22043        0.102799 
         6.8487         1.21753        0.102193 
         6.8644         1.21481        0.101592 
        6.88012         1.20952        0.100995 
        6.89583         1.20563        0.100403 
        6.91151         1.20163       0.0998167 
        6.92723         1.19741       0.0992336 
        6.94296         1.19558        0.098655 
        6.95866         1.19141        0.098082 
        6.97436         1.18753       0.0975136 
        6.99007          1.1828       0.0969493 
        7.00578         1.17857       0.0963896 
        7.02147         1.17574       0.0958349 
        7.03718         1.17032        0.095284 
         7.0529         1.16843        0.094737 
        7.06863         1.16538        0.094194 
        7.08433         1.16035        0.093656 
        7.10004         1.15656       0.0931223 
        7.11575         1.15091       0.0925927 
        7.13145         1.14965       0.0920673 
        7.14715         1.14611       0.0915461 
        7.16284         1.14274       0.0910295 
        7.17855         1.13952       0.0905159 
        7.19428         1.13592       0.0900057 
        7.20998         1.13307       0.0895004 
        7.22568         1.12729       0.0889991 
        7.24139         1.12598       0.0885012 
        7.25711         1.12078       0.0880071 
        7.27282         1.11848       0.0875168 
        7.28852         1.11551       0.0870307 
        7.30423         1.11228       0.0865478 
        7.31995         1.11055       0.0860686 
        7.33565         1.10566       0.0855933 
        7.35135          1.1006       0.0851216 
        7.36706         1.09842       0.0846535 
        7.38277          1.0969       0.0841886 
        7.39847         1.09328       0.0837275 
        7.41419         1.09115       0.0832695 
         7.4299         1.08641        0.082815 
        7.44561         1.08373        0.082364 
        7.46132         1.08144       0.0819164 
        7.47701         1.07544       0.0814726 
        7.49272         1.07426       0.0810316 
        7.50842         1.07154       0.0805941 
         7.5241         1.06784       0.0801603 
        7.53981         1.06537       0.0797291 
        7.55552         1.06261       0.0793009 
        7.57125         1.06097       0.0788754 
        7.58698         1.05859        0.078453 
        7.60268         1.05315       0.0780345 
         7.6184         1.05124       0.0776187 
        7.63411         1.04786       0.0772059 
        7.64981         1.04532       0.0767965 
        7.66552         1.04265       0.0763899 
        7.68123         1.04019       0.0759861 
        7.69695         1.03705       0.0755851 
        7.71264         1.03388       0.0751876 
        7.72834         1.03177       0.0747928 
        7.74407         1.02827       0.0744002 
        7.75978         1.02652       0.0740106 
        7.77546         1.02543       0.0736247 
        7.79116         1.02157       0.0732411 
         7.8069         1.01719       0.0728594 
         7.8226          1.0145       0.0724811 
        7.83828         1.01206       0.0721061 
        7.85399         1.01028       0.0717333 
        7.86972           1.008       0.0713623 
        7.88543         1.00635       0.0709946 
        7.90111         1.00263       0.0706301 
        7.91681         1.00078       0.0702677 
        7.93255        0.997892       0.0699071 
        7.94828        0.995167       0.0695491 
        7.96397        0.994372       0.0691943 
        7.97967        0.991124        0.068842 
        7.99538        0.989283        0.068492 
         8.0111        0.986697       0.0681442 
         8.0268        0.984858       0.0677992 
        8.04248         0.98183       0.0674569 
         8.0582         0.97925       0.0671163 
        8.07393        0.977655       0.0667777 
        8.08963        0.975556       0.0664422 
        8.10533        0.973024        0.066109 
        8.12104        0.971371       0.0657778 
        8.13675          0.9684       0.0654488 
        8.15245        0.966652       0.0651224 
        8.16815        0.964959       0.0647982 
        8.18387        0.962253       0.0644758 
        8.19959        0.960584       0.0641556 
         8.2153        0.957957       0.0638377 
        8.23101        0.956685        0.063522 
        8.24672         0.95404       0.0632085 
        8.26241        0.952643       0.0628975 
         8.2781         0.94979       0.0625886 
        8.29381        0.947476       0.0622813 
        8.30952          0.9466       0.0619762 
        8.32524        0.944653       0.0616728 
        8.34095        0.942582       0.0613717 
        8.35666        0.940511       0.0610727 
        8.37237        0.938389       0.0607755 
        8.38808        0.935838       0.0604804 
        8.40379         0.93552       0.0601873 
         8.4195        0.934012       0.0598962 
         8.4352        0.931708        0.059607 
        8.45091        0.928448       0.0593198 
        8.46662        0.927598       0.0590343 
        8.48232        0.926574       0.0587509 
        8.49802        0.924059       0.0584693 
        8.51374         0.92175       0.0581893 
        8.52945        0.919463       0.0579112 
        8.54515        0.920583       0.0576352 
        8.56086        0.917679       0.0573607 
        8.57658        0.915994        0.057088 
        8.59228        0.912072       0.0568174 
        8.60799        0.912387       0.0565482 
        8.62371        0.909406       0.0562808 
        8.63942         0.90774       0.0560152 
        8.65512        0.906051       0.0557514 
        8.67082        0.904679       0.0554894 
        8.68653        0.903357       0.0552288 
        8.70224        0.900875         0.05497 
        8.71795         0.89905       0.0547129 
        8.73365         0.89818       0.0544574 
        8.74936        0.896537       0.0542036 
        8.76506        0.894998       0.0539515 
        8.78076        0.893521        0.053701 
        8.79646        0.891452       0.0534521 
        8.81218        0.891646       0.0532045 
        8.82791        0.889034       0.0529583 
         8.8436        0.888301       0.0527141 
         8.8593         0.88503       0.0524716 
        8.87503        0.885118       0.0522299 
        8.89076        0.884037       0.0519899 
        8.90644         0.88178       0.0517521 
        8.92214        0.880188       0.0515155 
        8.93786        0.877635       0.0512801 
        8.95357        0.877541       0.0510463 
        8.96928        0.875632        0.050814 
        8.98498        0.874322       0.0505832 
        9.00069        0.872827       0.0503538 
        9.01639        0.871866       0.0501257 
        9.03208        0.868783       0.0498995 
        9.04778        0.869271       0.0496743 
        9.06351        0.867219       0.0494503 
        9.07923        0.866047       0.0492277 
        9.09493        0.864424       0.0490068 
        9.11062        0.864484       0.0487873 
        9.12635         0.86224       0.0485688 
        9.14207        0.861901       0.0483516 
        9.15777        0.858237        0.048136 
        9.17346        0.858162       0.0479219 
        9.18917        0.856847       0.0477088 
         9.2049         0.85605       0.0474968 
        9.22061        0.854649       0.0472863 
        9.23631        0.853525       0.0470772 
        9.25201        0.852778       0.0468694 
        9.26773        0.852868       0.0466626 
        9.28343         0.84969       0.0464572 
        9.29913        0.848453       0.0462531 
        9.31484        0.847912       0.0460502 
        9.33057        0.846339       0.0458482 
        9.34627        0.844889       0.0456477 
        9.36197        0.845113       0.0454485 
        9.37768        0.843519       0.0452503 
        9.39338        0.842838       0.0450534 
        9.40909        0.839567       0.0448577 
        9.42479        0.839595       0.0446632 
         9.4405        0.839508       0.0444698 
        9.45621        0.837101       0.0442774 
        9.47193        0.835793       0.0440863 
        9.48763        0.836325       0.0438963 
        9.50334        0.835262       0.0437074 
        9.51906        0.834109       0.0435197 
        9.53476         0.83185       0.0433331 
        9.55045        0.831441       0.0431477 
        9.56616        0.830332       0.0429633 
        9.58188        0.829958       0.0427797 
        9.59759        0.827638       0.0425972 
         9.6133        0.828779       0.0424159 
        9.62901        0.827335       0.0422355 
        9.64471        0.826788       0.0420562 
        9.66041        0.826015       0.0418779 
        9.67612        0.824655       0.0417004 
        9.69184        0.822605       0.0415239 
        9.70754        0.821911       0.0413486 
        9.72324        0.821563       0.0411744 
        9.73895        0.821351       0.0410012 
        9.75467         0.82032       0.0408291 
        9.77038        0.818474       0.0406581 
        9.78607        0.818546       0.0404885 
        9.80177        0.816641       0.0403199 
        9.81749        0.816531       0.0401523 
         9.8332        0.816272       0.0399859 
         9.8489        0.815283       0.0398208 
        9.86463        0.815169       0.0396564 
        9.88035        0.812668       0.0394929 
        9.89606        0.812691       0.0393304 
        9.91175        0.812944       0.0391686 
        9.92745        0.811074       0.0390074 
        9.94317        0.809794       0.0388465 
        9.95888        0.809059       0.0386861 
        9.97458         0.80936       0.0385259 
        9.99029        0.808948       0.0383659 
         10.006        0.808621        0.038267 
        10.0217        0.806826        0.038267 
        10.0374        0.806744        0.038267 
        10.0531         0.80594        0.038267 
        10.0688        0.804774        0.038267 
        10.0845         0.80495        0.038267 
        10.1002        0.804124        0.038267 
        10.1159        0.803812        0.038267 
        10.1317        0.802394        0.038267 
        10.1474        0.802787        0.038267 
        10.1631        0.802213        0.038267 
        10.1788        0.801092        0.038267 
        10.1945        0.800961        0.038267 
        10.2102         0.80099        0.038267 
        10.2259        0.799593        0.038267 
        10.2416        0.799514        0.038267 
        10.2573        0.798762        0.038267 
         10.273        0.797434        0.038267 
        10.2887        0.797808        0.038267 
        10.3044        0.797542        0.038267 
        10.3201        0.796578        0.038267 
        10.3359        0.794885        0.038267 
        10.3516        0.796052        0.038267 
        10.3673        0.794798        0.038267 
         10.383        0.795502        0.038267 
        10.3987        0.794258        0.038267 
        10.4144        0.793777        0.038267 
        10.4301         0.79376        0.038267 
        10.4458        0.792759        0.038267 
        10.4615        0.792254        0.038267 
        10.4772        0.792414        0.038267 
        10.4929        0.792408        0.038267 
        10.5086        0.793009        0.038267 
        10.5244        0.792689        0.038267 
        10.5401        0.791689        0.038267 
        10.5558        0.791513        0.038267 
        10.5715        0.791437        0.038267 
        10.5872        0.791046        0.038267 
        10.6029        0.790405        0.038267 
        10.6186        0.790093        0.038267 
        10.6343        0.789691        0.038267 
          10.65        0.788962        0.038267 
        10.6657         0.78987        0.038267 
        10.6814        0.789055        0.038267 
        10.6971        0.789941        0.038267 
        10.7129        0.789442        0.038267 
        10.7286        0.788986        0.038267 
        10.7443        0.789205        0.038267 
          10.76        0.788596        0.038267 
        10.7757        0.788399        0.038267 
        10.7914        0.788875        0.038267 
        10.8071        0.788022        0.038267 
        10.8228        0.788794        0.038267 
        10.8385        0.787983        0.038267 
        10.8542        0.788079        0.038267 
        10.8699        0.788344        0.038267 
        10.8856        0.788076        0.038267 
        10.9014        0.788818        0.038267 
        10.9171        0.787416        0.038267 
        10.9328        0.788749        0.038267 
        10.9485         0.78911        0.038267 
        10.9642        0.787971        0.038267 
        10.9799        0.788341        0.038267 
        10.9956        0.787958        0.038267 
        11.0113        0.787887        0.038267 
         11.027        0.788443        0.038267 
        11.0427        0.789165        0.038267 
        11.0584        0.788854        0.038267 
        11.0741        0.790162        0.038267 
        11.0898        0.790236        0.038267 
        11.1055        0.789025        0.038267 
        11.1212         0.78897        0.038267 
         11.137         0.79005        0.038267 
        11.1527        0.789405        0.038267 
        11.1684        0.791205        0.038267 
        11.1841        0.790928        0.038267 
        11.1998        0.790371        0.038267 
        11.2155        0.790675        0.038267 
        11.2312        0.791661        0.038267 
        11.2469        0.793192        0.038267 
        11.2626        0.792284        0.038267 
        11.2783        0.792497        0.038267 
         11.294        0.792916        0.038267 
        11.3097        0.793568        0.038267 
        11.3254         0.79304        0.038267 
        11.3412        0.794343        0.038267 
        11.3569        0.794726        0.038267 
        11.3726        0.795058        0.038267 
        11.3883        0.795206        0.038267 
         11.404         0.79578        0.038267 
        11.4197        0.797063        0.038267 
        11.4354        0.797006        0.038267 
        11.4511        0.797617        0.038267 
        11.4668        0.798437        0.038267 
        11.4825        0.798846        0.038267 
        11.4982        0.799194        0.038267 
         11.514        0.800775        0.038267 
        11.5297        0.800636        0.038267 
        11.5454        0.801532        0.038267 
        11.5611        0.800906        0.038267 
        11.5768        0.803015        0.038267 
        11.5925        0.803138        0.038267 
        11.6082        0.803697        0.038267 
        11.6239        0.804307        0.038267 
        11.6396        0.804664        0.038267 
        11.6553        0.806517        0.038267 
         11.671        0.807578        0.038267 
        11.6867         0.80794        0.038267 
        11.7024         0.80943        0.038267 
        11.7182        0.810571        0.038267 
        11.7339        0.810627        0.038267 
        11.7496        0.811672        0.038267 
        11.7653        0.812071        0.038267 
         11.781        0.812904        0.038267 
        11.7967        0.813867        0.038267 
        11.8124        0.815692        0.038267 
        11.8281        0.816023        0.038267 
        11.8438         0.81777        0.038267 
        11.8595        0.817652        0.038267 
        11.8752        0.819408        0.038267 
         11.891        0.820945        0.038267 
        11.9067         0.82207        0.038267 
        11.9224        0.822619        0.038267 
        11.9381        0.824941        0.038267 
        11.9538        0.824894        0.038267 
        11.9695        0.826064        0.038267 
        11.9852        0.827754        0.038267 
        12.0009        0.828872        0.038267 
        12.0166        0.830921        0.038267 
        12.0323        0.831819        0.038267 
         12.048        0.833261        0.038267 
        12.0637         0.83347        0.038267 
