# k  (h/Mpc)    Pcb(k)  (Mpc/h)^3    Pcb_linear(k) (Mpc/h)^3   ShotnoiseSubtracted = true
      0.0200456         19104.8         19395.9 
      0.0350414           15602         15208.3 
      0.0492313         11717.5         12049.7 
      0.0637834         9258.46          9798.3 
      0.0800726         6995.03         7401.68 
       0.096163         5933.31         5821.89 
       0.111083         5062.33         4928.22 
       0.126058         4026.15         4096.76 
       0.142273         3448.89         3333.68 
       0.158546         2941.87         2839.91 
        0.17375          2660.7         2470.82 
       0.188953         2473.97         2124.15 
       0.204907         2125.48         1838.75 
       0.220756         1932.98         1625.17 
        0.23588         1738.98          1443.5 
         0.2514         1573.48         1279.06 
       0.267535         1515.64          1140.7 
       0.283568         1353.94         1025.02 
       0.299022         1296.66         925.621 
       0.314451         1345.23         839.222 
       0.330372          1189.1         763.057 
       0.346141         1094.87         696.582 
       0.361624         1052.07         638.431 
       0.377134         1006.97         587.003 
       0.392932         966.891          540.66 
       0.408854         923.405         498.874 
       0.424564         905.305         461.863 
       0.440253         839.706         428.735 
       0.455999         804.473         398.781 
       0.471626         816.741         371.841 
        0.48727         773.231         347.358 
       0.502856         737.322         325.172 
       0.518488         721.198         304.867 
       0.534347         687.802         286.031 
       0.550082         658.477         268.917 
       0.565732         650.141         253.289 
       0.581496         635.944         238.805 
       0.597222         621.376         225.484 
       0.612804         609.106         213.292 
       0.628434         583.333         201.972 
       0.644267          566.36         191.345 
       0.660051         559.524         181.514 
       0.675724         548.341         172.439 
       0.691403         533.453         163.982 
       0.707174         516.188          156.05 
       0.722871         507.273         148.679 
        0.73838         501.112         141.865 
       0.754018         486.705         135.428 
       0.769845         480.316         129.322 
        0.78569         470.133         123.588 
       0.801365         454.996         118.259 
       0.817031         450.527         113.248 
       0.832809          444.87         108.496 
       0.848511         435.411         104.039 
       0.864097         426.867         99.8638 
       0.879701         423.237         95.9142 
       0.895507         407.259         92.1324 
       0.911279          402.03         88.5631 
        0.92691         396.941         85.2131 
       0.942635         393.643         82.0186 
       0.958396         379.887         78.9818 
       0.974128         375.315         76.1051 
       0.989692         362.626         73.4006 
        1.00528         361.448         70.8243 
        1.02113          353.86         68.3318 
        1.03692         348.483         65.9692 
        1.05264         341.995         63.7297 
        1.06832         337.082         61.5981 
        1.08405         333.549         59.5588 
        1.09979         327.277         57.6111 
        1.11537         317.915         55.7702 
        1.13105         315.223         53.9991 
        1.14679         309.771         52.2984 
        1.16256         306.539          50.668 
        1.17828         301.856         49.1127 
        1.19395         294.195         47.6282 
         1.2097          293.27         46.1977 
        1.22537         286.712         44.8331 
          1.241         282.319          43.528 
        1.25666         278.473         42.2717 
        1.27241         273.911         41.0593 
        1.28819         268.974         39.8926 
        1.30392          267.33         38.7748 
        1.31957         260.148         37.7049 
        1.33529         257.446         36.6716 
        1.35108         254.588         35.6731 
        1.36674         248.927          34.719 
         1.3824         246.808         33.8007 
        1.39811         243.614         32.9128 
        1.41389         236.986         32.0534 
        1.42964         234.605         31.2263 
        1.44531         231.118         30.4325 
        1.46101         227.818         29.6647 
        1.47667         224.511         28.9257 
        1.49229         221.298         28.2139 
        1.50793         218.423         27.5254 
        1.52367         215.328         26.8555 
        1.53953         210.047         26.2034 
        1.55526         209.722         25.5783 
        1.57092         207.144         24.9762 
        1.58662         202.443         24.3921 
        1.60235         200.459         23.8256 
        1.61809         197.695         23.2769 
        1.63369         193.959         22.7503 
        1.64941         191.648         22.2363 
        1.66519         188.666         21.7364 
        1.68085         185.463         21.2555 
        1.69652         183.898         20.7889 
        1.71228         181.049         20.3338 
        1.72806         178.072          19.892 
        1.74368         176.796         19.4678 
        1.75933         174.965         19.0551 
        1.77505         171.965         18.6524 
        1.79081         168.694         18.2608 
         1.8065         166.839          17.882 
        1.82218         163.529         17.5144 
        1.83797         162.432         17.1546 
        1.85367         160.258         16.8069 
        1.86928         157.139          16.471 
        1.88497         156.031         16.1424 
        1.90073         154.098         15.8216 
        1.91647         151.127         15.5098 
        1.93218         149.789         15.2071 
        1.94787         146.977         14.9129 
        1.96363         146.734         14.6254 
        1.97935         144.326          14.346 
        1.99499         142.644         14.0755 
        2.01064         139.342         13.8117 
         2.0264         138.316         13.5529 
        2.04216         136.694         13.3009 
        2.05781         133.941         13.0569 
        2.07353         132.961         12.8182 
        2.08928         131.303         12.5849 
        2.10499         129.694         12.3581 
        2.12065         128.226         12.1375 
        2.13633         126.323         11.9222 
        2.15211         124.431         11.7107 
        2.16785         122.807         11.5049 
        2.18349          121.25         11.3054 
        2.19916         119.999         11.1101 
        2.21489           118.6         10.9189 
        2.23063         116.613          10.732 
         2.2463          115.34         10.5504 
        2.26194         114.065         10.3734 
        2.27765         112.171         10.1995 
        2.29341         111.355         10.0292 
        2.30914         110.313         9.86319 
        2.32486          107.82         9.70099 
        2.34061         107.104         9.54218 
        2.35635         106.068         9.38707 
        2.37203         104.186         9.23594 
        2.38768         103.334         9.08846 
        2.40339         101.793         8.94367 
        2.41914         100.642          8.8017 
        2.43483         99.5885         8.66331 
         2.4505          98.408         8.52814 
        2.46622         96.9116         8.39539 
        2.48195         95.9613         8.26545 
        2.49759         94.5089         8.13897 
        2.51328         93.8645          8.0148 
        2.52906         92.3789         7.89244 
        2.54479         91.3249          7.7731 
        2.56049         90.0419         7.65645 
        2.57618         88.8176          7.5423 
        2.59189         88.5558         7.43031 
        2.60758         86.9161         7.32078 
        2.62325         86.4326         7.21358 
        2.63898         85.3858         7.10816 
        2.65468         84.0744         7.00506 
        2.67044         82.9702         6.90358 
        2.68618         82.1938         6.80434 
        2.70184         81.0646         6.70744 
        2.71755          80.302          6.6122 
        2.73329          78.991         6.51866 
        2.74897         78.5107         6.42723 
        2.76462         77.4703         6.33776 
        2.78034         76.4027         6.24963 
        2.79607         75.6031         6.16308 
        2.81179         74.9548         6.07826 
        2.82749         73.8429         5.99515 
        2.84321         73.0483         5.91349 
        2.85893         72.2263         5.83338 
        2.87462         71.3758         5.75489 
        2.89033         70.5841         5.67777 
        2.90605         70.0905           5.602 
        2.92176         69.0587         5.52766 
        2.93747         68.4398          5.4547 
        2.95318         67.5431         5.38304 
        2.96891         66.9328         5.31264 
        2.98456         66.2746          5.2438 
        3.00023         65.3237         5.17609 
        3.01596         64.9227         5.10937 
        3.03164         64.0601         5.04401 
        3.04738         63.5135          4.9796 
         3.0631         62.6513         4.91634 
        3.07883         62.0648         4.85418 
        3.09456         61.3298          4.7931 
        3.11026         60.5778         4.73317 
        3.12596         59.9899         4.67426 
        3.14163         59.4331          4.6165 
        3.15734         58.7002         4.55958 
        3.17308         58.1738         4.50348 
        3.18879         57.3019         4.44848 
        3.20447          56.963         4.39448 
         3.2202         56.2565         4.34121 
         3.2359         55.6953         4.28891 
        3.25157         55.1475          4.2376 
        3.26729         54.5409         4.18698 
        3.28304         53.9113         4.13708 
        3.29877         53.3046         4.08806 
        3.31446         52.8632         4.03994 
        3.33014         52.3653         3.99264 
        3.34585         51.8251         3.94603 
        3.36158          51.331         3.90009 
        3.37727         50.7545         3.85502 
        3.39294         50.3638         3.81071 
        3.40867         49.8166         3.76694 
        3.42439         49.2557         3.72387 
        3.44008         48.7094         3.68157 
        3.45578         48.4075         3.63989 
        3.47153          47.841         3.59876 
        3.48724         47.3138         3.55834 
        3.50292         46.8322         3.51864 
        3.51859         46.4022         3.47956 
        3.53431         45.7064         3.44095 
        3.55007         45.3353         3.40284 
        3.56577         44.8801         3.36545 
        3.58146         44.3645         3.32864 
        3.59719         43.9137         3.29229 
        3.61292         43.5137          3.2565 
        3.62859         43.2281         3.22138 
        3.64429         42.8345         3.18671 
        3.66003          42.422         3.15244 
        3.67578         41.9804         3.11869 
        3.69146         41.5414         3.08556 
        3.70712         41.2596         3.05297 
        3.72284         40.9002         3.02073 
        3.73853         40.3942         2.98901 
        3.75422         39.9715         2.95774 
        3.76993         39.6137         2.92689 
        3.78564         39.3272         2.89649 
        3.80137         38.9111         2.86647 
        3.81707         38.4523         2.83694 
        3.83279         38.0652          2.8078 
        3.84853         37.6442         2.77902 
        3.86424         37.3655         2.75071 
        3.87992         37.1265         2.72283 
        3.89561         36.7773         2.69533 
        3.91134         36.4401         2.66816 
        3.92704         35.9877         2.64139 
        3.94273         35.7201         2.61502 
        3.95845         35.3976         2.58896 
        3.97418         34.9734         2.56325 
        3.98988         34.7741         2.53792 
        4.00554         34.3788         2.51301 
        4.02125         34.1103         2.48836 
        4.03698         33.8195           2.464 
        4.05268         33.5819         2.44002 
        4.06839          33.163         2.41634 
         4.0841         32.8933         2.39298 
        4.09983         32.6056          2.3699 
        4.11555         32.3121         2.34714 
        4.13124         31.9738         2.32473 
        4.14693         31.6807          2.3026 
        4.16266         31.3547          2.2807 
        4.17839         31.0976         2.25911 
        4.19408         30.8937         2.23784 
        4.20977         30.5623         2.21684 
        4.22551         30.3674         2.19605 
        4.24123         30.0488         2.17555 
        4.25691          29.803         2.15537 
        4.27259         29.5691         2.13544 
        4.28831         29.2995         2.11573 
        4.30404         29.0356         2.09624 
        4.31974         28.7788         2.07704 
        4.33543         28.5131         2.05809 
        4.35116         28.2317         2.03933 
        4.36688         28.0348         2.02081 
        4.38255         27.8479         2.00259 
        4.39825          27.472         1.98456 
        4.41398         27.3227         1.96671 
         4.4297         27.1038          1.9491 
        4.44541         26.9479         1.93171 
        4.46111         26.6577         1.91455 
        4.47683         26.4234         1.89758 
        4.49251         26.1964         1.88085 
        4.50819          25.958         1.86433 
         4.5239          25.686         1.84798 
        4.53962         25.5466         1.83181 
        4.55535         25.2314         1.81582 
        4.57106         25.0668         1.80005 
        4.58678         24.9374         1.78446 
         4.6025         24.7111         1.76905 
        4.61821          24.482         1.75383 
        4.63391         24.2307          1.7388 
         4.6496         24.1102         1.72396 
        4.66532         23.9022         1.70927 
        4.68103         23.6482         1.69475 
        4.69673         23.4441         1.68042 
        4.71241         23.2932         1.66626 
        4.72811         23.0938         1.65225 
        4.74384         22.9373         1.63838 
        4.75955         22.7558         1.62469 
        4.77525         22.5903         1.61117 
        4.79096          22.362         1.59778 
        4.80669          22.199         1.58453 
         4.8224         22.0083         1.57146 
        4.83809         21.8096         1.55854 
        4.85379         21.6272         1.54576 
         4.8695         21.4638         1.53312 
        4.88521         21.2556         1.52062 
        4.90093         21.1385         1.50825 
        4.91663         20.9699         1.49604 
        4.93234          20.738         1.48395 
        4.94807         20.6311         1.47198 
        4.96377         20.4663         1.46017 
        4.97943         20.2634         1.44851 
        4.99514         20.1391         1.43695 
        5.01086         19.9985         1.42551 
        5.02654         19.8053         1.41422 
        5.04227         19.6685         1.40302 
          5.058         19.4753         1.39194 
        5.07371         19.3211           1.381 
        5.08942         19.2038         1.37017 
        5.10513         19.0768         1.35946 
        5.12084         18.8901         1.34886 
        5.13656         18.7402         1.33837 
        5.15225         18.5908         1.32801 
        5.16796         18.4678         1.31775 
        5.18369          18.279         1.30758 
         5.1994          18.158         1.29754 
        5.21509         18.0201         1.28761 
        5.23079         17.9108         1.27778 
        5.24649         17.7728         1.26806 
        5.26217         17.6228         1.25844 
        5.27788          17.496         1.24891 
        5.29359         17.3738         1.23948 
        5.30933         17.2141         1.23013 
        5.32504         17.0948         1.22089 
        5.34073         16.9787         1.21176 
        5.35646         16.8174          1.2027 
        5.37218         16.6981         1.19374 
        5.38789         16.5596         1.18488 
        5.40357         16.4849         1.17612 
        5.41929         16.3278         1.16743 
        5.43502          16.203         1.15882 
         5.4507         16.0799         1.15032 
        5.46639          15.948         1.14191 
        5.48212         15.8467         1.13356 
        5.49786         15.7389         1.12529 
        5.51353         15.6506         1.11714 
        5.52921         15.4942         1.10906 
        5.54495         15.4131         1.10103 
        5.56066         15.2496          1.0931 
        5.57637         15.1643         1.08524 
        5.59207          15.051         1.07747 
        5.60778           14.97         1.06977 
        5.62346          14.834         1.06216 
        5.63916         14.7135         1.05462 
        5.65487         14.6122         1.04714 
         5.6706         14.5135         1.03973 
        5.68633         14.4374         1.03238 
        5.70203         14.3042         1.02513 
        5.71773         14.2056         1.01794 
        5.73344         14.1109         1.01082 
        5.74916         14.0091         1.00376 
        5.76486         13.8887        0.996774 
        5.78054         13.8022        0.989869 
        5.79626         13.7081        0.983009 
          5.812         13.6009        0.976207 
         5.8277           13.52         0.96949 
        5.84339         13.3937        0.962835 
        5.85911         13.3081        0.956231 
        5.87484         13.2369        0.949689 
        5.89053         13.1338        0.943222 
        5.90623         13.0248        0.936811 
        5.92195         12.9386         0.93045 
        5.93767         12.8343         0.92415 
        5.95336         12.7709         0.91792 
        5.96905         12.6509        0.911749 
        5.98476         12.6263        0.905626 
        6.00048         12.5079        0.899558 
        6.01617         12.3905        0.893553 
        6.03185         12.3262         0.88761 
        6.04756         12.2349        0.881707 
        6.06331         12.1556        0.875845 
        6.07903         12.0677        0.870049 
        6.09473         11.9985         0.86431 
        6.11044         11.8645        0.858618 
        6.12616          11.828        0.852978 
        6.14186          11.715        0.847394 
        6.15755         11.6539        0.841861 
        6.17326         11.5764        0.836373 
        6.18898         11.4659        0.830931 
        6.20467         11.4044        0.825547 
        6.22036         11.3252        0.820211 
         6.2361         11.2376        0.814908 
         6.2518         11.1856        0.809661 
        6.26748         11.1062        0.804471 
        6.28319         11.0431        0.799312 
        6.29893         10.9569        0.794195 
        6.31463         10.8988         0.78913 
        6.33033         10.7868        0.784112 
        6.34604          10.745        0.779133 
        6.36177         10.6722        0.774193 
        6.37747         10.5963        0.769305 
        6.39316         10.5277        0.764462 
        6.40888         10.4444        0.759651 
         6.4246         10.3873        0.754881 
        6.44031         10.3299        0.750155 
        6.45601         10.2396        0.745475 
        6.47172         10.1846        0.740829 
        6.48744         10.1331        0.736222 
        6.50313         10.0429        0.731661 
        6.51882         9.97877         0.72714 
        6.53452         9.91553        0.722654 
        6.55025           9.845        0.718197 
        6.56597         9.79803        0.713784 
        6.58166         9.72938        0.709413 
        6.59736         9.65118        0.705077 
        6.61307          9.5999        0.700772 
         6.6288         9.54891        0.696501 
         6.6445         9.47012        0.692271 
         6.6602         9.42367        0.688078 
        6.67592          9.3475        0.683914 
        6.69164         9.30183        0.679786 
        6.70735         9.22913        0.675693 
        6.72304         9.16614        0.671639 
        6.73874         9.12864        0.667616 
        6.75446         9.05876        0.663622 
        6.77016         8.99761        0.659666 
        6.78585         8.94887        0.655741 
        6.80156         8.87303        0.651848 
        6.81729         8.82186        0.647979 
        6.83301         8.77134        0.644143 
         6.8487         8.71604        0.640347 
         6.8644         8.65872        0.636578 
        6.88012         8.61804        0.632836 
        6.89583         8.53918        0.629128 
        6.91151         8.50115        0.625454 
        6.92723         8.44643        0.621801 
        6.94296         8.39055        0.618175 
        6.95866         8.34397        0.614584 
        6.97436         8.29529        0.611023 
        6.99007         8.24705        0.607487 
        7.00578         8.17931         0.60398 
        7.02147         8.13067        0.600504 
        7.03718         8.08919        0.597052 
         7.0529         8.05269        0.593625 
        7.06863         7.98366        0.590222 
        7.08433         7.93519        0.586851 
        7.10004         7.87932        0.583507 
        7.11575         7.82539        0.580189 
        7.13145         7.79758        0.576896 
        7.14715          7.7483        0.573631 
        7.16284         7.69612        0.570394 
        7.17855         7.65484        0.567175 
        7.19428         7.60504        0.563978 
        7.20998         7.55832        0.560812 
        7.22568           7.503        0.557671 
        7.24139         7.46634        0.554551 
        7.25711         7.42163        0.551455 
        7.27282         7.38158        0.548383 
        7.28852         7.33637        0.545337 
        7.30423         7.28074        0.542311 
        7.31995         7.24813        0.539309 
        7.33565         7.19245         0.53633 
        7.35135         7.15299        0.533374 
        7.36706         7.11737        0.530442 
        7.38277         7.06745        0.527528 
        7.39847         7.03068        0.524639 
        7.41419         6.97992        0.521769 
         7.4299         6.94028        0.518921 
        7.44561         6.89798        0.516095 
        7.46132         6.85737         0.51329 
        7.47701         6.81808         0.51051 
        7.49272         6.78244        0.507746 
        7.50842         6.74457        0.505005 
         7.5241          6.7025        0.502287 
        7.53981         6.64806        0.499585 
        7.55552         6.62742        0.496902 
        7.57125         6.58322        0.494236 
        7.58698         6.55188        0.491589 
        7.60268         6.50873        0.488967 
         7.6184          6.4688        0.486361 
        7.63411         6.43699        0.483775 
        7.64981         6.40355        0.481209 
        7.66552         6.36391        0.478662 
        7.68123         6.32203        0.476131 
        7.69695         6.27742        0.473618 
        7.71264         6.25259        0.471128 
        7.72834         6.21618        0.468654 
        7.74407         6.18575        0.466194 
        7.75978         6.14289        0.463752 
        7.77546         6.11235        0.461334 
        7.79116         6.07549        0.458931 
         7.8069         6.03568        0.456539 
         7.8226         6.00128        0.454169 
        7.83828         5.96933        0.451819 
        7.85399         5.92811        0.449483 
        7.86972         5.89991        0.447158 
        7.88543         5.86984        0.444854 
        7.90111         5.83418         0.44257 
        7.91681         5.80405        0.440299 
        7.93255         5.76946         0.43804 
        7.94828          5.7366        0.435797 
        7.96397         5.70468        0.433574 
        7.97967         5.66793        0.431366 
        7.99538         5.63475        0.429173 
         8.0111           5.603        0.426994 
         8.0268         5.58213        0.424831 
        8.04248         5.54609        0.422687 
         8.0582          5.5188        0.420553 
        8.07393         5.48242        0.418431 
        8.08963          5.4565        0.416328 
        8.10533         5.42678        0.414241 
        8.12104         5.39433        0.412165 
        8.13675         5.36777        0.410104 
        8.15245         5.34112        0.408059 
        8.16815         5.32251        0.406028 
        8.18387         5.28527        0.404007 
        8.19959         5.25134        0.402001 
         8.2153         5.21796        0.400009 
        8.23101         5.19423        0.398031 
        8.24672         5.16581        0.396066 
        8.26241         5.13437        0.394118 
         8.2781         5.11179        0.392182 
        8.29381         5.08175        0.390257 
        8.30952         5.04996        0.388345 
        8.32524         5.02606        0.386444 
        8.34095         5.00029        0.384557 
        8.35666         4.97057        0.382683 
        8.37237         4.95026        0.380821 
        8.38808         4.92251        0.378972 
        8.40379         4.89429        0.377135 
         8.4195         4.86962        0.375311 
         8.4352         4.84594        0.373499 
        8.45091         4.82032        0.371699 
        8.46662         4.79612         0.36991 
        8.48232         4.76016        0.368135 
        8.49802         4.73468         0.36637 
        8.51374          4.7188        0.364616 
        8.52945         4.69863        0.362874 
        8.54515         4.66782        0.361144 
        8.56086         4.65066        0.359424 
        8.57658         4.62623        0.357715 
        8.59228         4.59915        0.356019 
        8.60799         4.57497        0.354332 
        8.62371         4.55424        0.352657 
        8.63942          4.5229        0.350993 
        8.65512         4.50169         0.34934 
        8.67082         4.47975        0.347698 
        8.68653         4.46013        0.346065 
        8.70224         4.43225        0.344443 
        8.71795         4.41437        0.342833 
        8.73365          4.3872        0.341232 
        8.74936         4.36824        0.339641 
        8.76506         4.34618        0.338062 
        8.78076         4.32285        0.336492 
        8.79646         4.30408        0.334932 
        8.81218         4.28118        0.333381 
        8.82791         4.26268        0.331838 
         8.8436         4.23884        0.330308 
         8.8593         4.22014        0.328788 
        8.87503         4.19683        0.327274 
        8.89076          4.1726         0.32577 
        8.90644         4.15281         0.32428 
        8.92214         4.13469        0.322798 
        8.93786         4.11974        0.321322 
        8.95357         4.09528        0.319857 
        8.96928         4.07419        0.318402 
        8.98498         4.06131        0.316956 
        9.00069         4.03622        0.315518 
        9.01639         4.01072        0.314089 
        9.03208         3.99587        0.312671 
        9.04778         3.97319        0.311261 
        9.06351         3.95882        0.309857 
        9.07923         3.93502        0.308462 
        9.09493          3.9179        0.307078 
        9.11062         3.90009        0.305703 
        9.12635         3.87856        0.304333 
        9.14207         3.86531        0.302972 
        9.15777         3.84258        0.301622 
        9.17346         3.81964         0.30028 
        9.18917         3.80139        0.298945 
         9.2049         3.78641        0.297616 
        9.22061         3.77182        0.296297 
        9.23631          3.7555        0.294987 
        9.25201          3.7369        0.293685 
        9.26773         3.71784        0.292389 
        9.28343         3.69942        0.291102 
        9.29913         3.68374        0.289824 
        9.31484         3.67042        0.288552 
        9.33057         3.64794        0.287286 
        9.34627         3.63299         0.28603 
        9.36197         3.61438        0.284782 
        9.37768         3.60103         0.28354 
        9.39338         3.57996        0.282306 
        9.40909         3.56533         0.28108 
        9.42479         3.54486        0.279861 
         9.4405         3.52862        0.278649 
        9.45621         3.51829        0.277444 
        9.47193         3.50324        0.276246 
        9.48763         3.48094        0.275056 
        9.50334         3.46557        0.273872 
        9.51906         3.45314        0.272695 
        9.53476         3.43498        0.271527 
        9.55045         3.42025        0.270365 
        9.56616         3.40715        0.269209 
        9.58188         3.39018        0.268059 
        9.59759         3.38035        0.266916 
         9.6133          3.3623        0.265779 
        9.62901         3.34906        0.264649 
        9.64471         3.33665        0.263525 
        9.66041         3.31341        0.262408 
        9.67612         3.30435        0.261296 
        9.69184         3.28805         0.26019 
        9.70754         3.27341        0.259092 
        9.72324         3.26043           0.258 
        9.73895         3.24467        0.256915 
        9.75467         3.23305        0.255836 
        9.77038         3.21958        0.254765 
        9.78607         3.20724        0.253702 
        9.80177         3.19045        0.252645 
        9.81749         3.17778        0.251595 
         9.8332         3.16456        0.250553 
         9.8489         3.15281        0.249518 
        9.86463          3.1433        0.248488 
        9.88035         3.12305        0.247464 
        9.89606         3.11044        0.246445 
        9.91175         3.10069        0.245432 
        9.92745           3.085        0.244422 
        9.94317         3.07216        0.243413 
        9.95888         3.05954        0.242408 
        9.97458         3.05131        0.241405 
        9.99029         3.03349        0.240402 
         10.006         3.02348        0.239782 
        10.0217          3.0109        0.239782 
        10.0374         2.99934        0.239782 
        10.0531         2.98759        0.239782 
        10.0688           2.973        0.239782 
        10.0845         2.96385        0.239782 
        10.1002         2.94931        0.239782 
        10.1159          2.9417        0.239782 
        10.1317         2.92531        0.239782 
        10.1474          2.9149        0.239782 
        10.1631         2.90701        0.239782 
        10.1788         2.89212        0.239782 
        10.1945         2.88376        0.239782 
        10.2102          2.8718        0.239782 
        10.2259         2.85882        0.239782 
        10.2416         2.85012        0.239782 
        10.2573         2.83645        0.239782 
         10.273         2.82656        0.239782 
        10.2887         2.82075        0.239782 
        10.3044          2.8054        0.239782 
        10.3201         2.79602        0.239782 
        10.3359         2.78419        0.239782 
        10.3516          2.7726        0.239782 
        10.3673         2.76442        0.239782 
         10.383         2.75181        0.239782 
        10.3987         2.74275        0.239782 
        10.4144         2.73308        0.239782 
        10.4301         2.72576        0.239782 
        10.4458         2.71351        0.239782 
        10.4615         2.70522        0.239782 
        10.4772         2.69358        0.239782 
        10.4929         2.68548        0.239782 
        10.5086         2.67355        0.239782 
        10.5244         2.66947        0.239782 
        10.5401         2.65563        0.239782 
        10.5558         2.64943        0.239782 
        10.5715         2.64079        0.239782 
        10.5872          2.6297        0.239782 
        10.6029         2.62073        0.239782 
        10.6186         2.61218        0.239782 
        10.6343         2.60432        0.239782 
          10.65         2.59492        0.239782 
        10.6657         2.58747        0.239782 
        10.6814          2.5799        0.239782 
        10.6971         2.57015        0.239782 
        10.7129         2.56227        0.239782 
        10.7286         2.55467        0.239782 
        10.7443         2.54483        0.239782 
          10.76         2.53491        0.239782 
        10.7757         2.52874        0.239782 
        10.7914         2.52038        0.239782 
        10.8071         2.51324        0.239782 
        10.8228         2.50443        0.239782 
        10.8385         2.49768        0.239782 
        10.8542         2.49225        0.239782 
        10.8699          2.4825        0.239782 
        10.8856         2.47514        0.239782 
        10.9014         2.46735        0.239782 
        10.9171         2.46002        0.239782 
        10.9328          2.4521        0.239782 
        10.9485         2.44453        0.239782 
        10.9642         2.43868        0.239782 
        10.9799         2.43375        0.239782 
        10.9956         2.42674        0.239782 
        11.0113         2.41929        0.239782 
         11.027          2.4119        0.239782 
        11.0427          2.4036        0.239782 
        11.0584         2.39879        0.239782 
        11.0741         2.38923        0.239782 
        11.0898         2.38249        0.239782 
        11.1055         2.38126        0.239782 
        11.1212         2.37352        0.239782 
         11.137         2.36577        0.239782 
        11.1527          2.3609        0.239782 
        11.1684         2.35559        0.239782 
        11.1841         2.34767        0.239782 
        11.1998         2.34335        0.239782 
        11.2155         2.33412        0.239782 
        11.2312         2.33175        0.239782 
        11.2469         2.32724        0.239782 
        11.2626         2.31953        0.239782 
        11.2783         2.31553        0.239782 
         11.294         2.31057        0.239782 
        11.3097         2.30388        0.239782 
        11.3254         2.30042        0.239782 
        11.3412         2.29383        0.239782 
        11.3569         2.28877        0.239782 
        11.3726         2.28445        0.239782 
        11.3883         2.27677        0.239782 
         11.404         2.27385        0.239782 
        11.4197         2.26822        0.239782 
        11.4354         2.26358        0.239782 
        11.4511         2.25869        0.239782 
        11.4668         2.25609        0.239782 
        11.4825           2.252        0.239782 
        11.4982          2.2465        0.239782 
         11.514         2.24059        0.239782 
        11.5297         2.23924        0.239782 
        11.5454         2.23313        0.239782 
        11.5611         2.22822        0.239782 
        11.5768         2.22466        0.239782 
        11.5925          2.2222        0.239782 
        11.6082         2.22024        0.239782 
        11.6239         2.21513        0.239782 
        11.6396         2.21189        0.239782 
        11.6553         2.20931        0.239782 
         11.671         2.20609        0.239782 
        11.6867         2.20167        0.239782 
        11.7024         2.19795        0.239782 
        11.7182         2.19465        0.239782 
        11.7339         2.19253        0.239782 
        11.7496         2.18899        0.239782 
        11.7653         2.18699        0.239782 
         11.781         2.18561        0.239782 
        11.7967         2.18073        0.239782 
        11.8124         2.17775        0.239782 
        11.8281          2.1742        0.239782 
        11.8438         2.17283        0.239782 
        11.8595         2.16924        0.239782 
        11.8752         2.17077        0.239782 
         11.891         2.16729        0.239782 
        11.9067          2.1653        0.239782 
        11.9224         2.16268        0.239782 
        11.9381         2.16175        0.239782 
        11.9538          2.1595        0.239782 
        11.9695         2.15832        0.239782 
        11.9852         2.15681        0.239782 
        12.0009         2.15465        0.239782 
        12.0166         2.15187        0.239782 
        12.0323         2.15333        0.239782 
         12.048         2.15363        0.239782 
        12.0637         2.14753        0.239782 
