# k  (h/Mpc)    Pcb(k)  (Mpc/h)^3    Pcb_linear(k) (Mpc/h)^3   ShotnoiseSubtracted = true
      0.0200456           22958         23520.7 
      0.0350414         17485.1         18442.6 
      0.0492313         14126.2         14612.2 
      0.0637834         12015.3         11882.1 
      0.0800726         9123.86         8975.77 
       0.096163         6695.76         7060.02 
       0.111083         5620.24         5976.29 
       0.126058         4988.67            4968 
       0.142273         4224.25         4042.65 
       0.158546         3888.09         3443.86 
        0.17375         3160.72         2996.28 
       0.188953         3052.76         2575.89 
       0.204907          2859.7          2229.8 
       0.220756         2518.51         1970.79 
        0.23588         2265.34         1750.49 
         0.2514         1982.27         1551.07 
       0.267535         1990.78         1383.29 
       0.283568          1809.4         1243.01 
       0.299022         1720.77         1122.47 
       0.314451         1640.63          1017.7 
       0.330372         1504.17         925.334 
       0.346141         1472.47         844.723 
       0.361624         1412.53         774.205 
       0.377134         1319.75         711.839 
       0.392932         1270.45          655.64 
       0.408854         1247.28         604.968 
       0.424564         1153.81         560.086 
       0.440253         1130.91         519.913 
       0.455999          1111.2         483.589 
       0.471626         1066.73          450.92 
        0.48727         1028.71          421.23 
       0.502856         993.072         394.326 
       0.518488         990.297         369.702 
       0.534347         929.426          346.86 
       0.550082         915.081         326.107 
       0.565732         905.272         307.156 
       0.581496         861.646         289.591 
       0.597222         842.936         273.437 
       0.612804         831.643         258.652 
       0.628434         810.549         244.924 
       0.644267         788.972         232.037 
       0.660051         769.387         220.117 
       0.675724         763.826         209.111 
       0.691403         739.001         198.856 
       0.707174         716.516         189.237 
       0.722871         703.886         180.298 
        0.73838          690.24         172.035 
       0.754018         680.769          164.23 
       0.769845         667.728         156.825 
        0.78569         656.799         149.871 
       0.801365         639.694         143.409 
       0.817031         627.181         137.332 
       0.832809         619.635          131.57 
       0.848511         605.077         126.165 
       0.864097         586.763         121.102 
       0.879701         579.035         116.312 
       0.895507         578.444         111.726 
       0.911279         564.355         107.398 
        0.92691         557.194         103.335 
       0.942635         540.485         99.4613 
       0.958396         527.465         95.7787 
       0.974128         522.925         92.2901 
       0.989692         517.303         89.0105 
        1.00528         499.925         85.8863 
        1.02113         499.684         82.8638 
        1.03692         486.151         79.9987 
        1.05264         480.218         77.2829 
        1.06832         468.904          74.698 
        1.08405         464.234         72.2251 
        1.09979         456.948         69.8631 
        1.11537         448.605         67.6307 
        1.13105         442.379         65.4829 
        1.14679         431.588         63.4206 
        1.16256         420.647         61.4434 
        1.17828         421.565         59.5573 
        1.19395         412.262         57.7571 
         1.2097         402.238         56.0225 
        1.22537         395.882         54.3677 
          1.241         389.718          52.785 
        1.25666         384.186         51.2616 
        1.27241         378.083         49.7913 
        1.28819         370.495         48.3765 
        1.30392         364.949         47.0209 
        1.31957         359.678         45.7235 
        1.33529         356.722         44.4705 
        1.35108         348.251         43.2596 
        1.36674         341.909         42.1025 
         1.3824         338.946          40.989 
        1.39811         332.088         39.9122 
        1.41389         328.457         38.8701 
        1.42964         324.232         37.8671 
        1.44531          320.18         36.9045 
        1.46101         311.956         35.9734 
        1.47667         308.113         35.0772 
        1.49229         304.172         34.2141 
        1.50793         296.713         33.3792 
        1.52367         295.609         32.5668 
        1.53953         288.793         31.7761 
        1.55526         285.674          31.018 
        1.57092         283.555         30.2878 
        1.58662         278.667         29.5795 
        1.60235         273.321         28.8925 
        1.61809         269.418         28.2271 
        1.63369         266.304         27.5886 
        1.64941         261.009         26.9653 
        1.66519         258.673          26.359 
        1.68085         256.247         25.7758 
        1.69652         251.392         25.2101 
        1.71228         244.955         24.6582 
        1.72806         242.119         24.1224 
        1.74368         238.965         23.6079 
        1.75933         236.246         23.1075 
        1.77505         233.568         22.6192 
        1.79081         230.186         22.1442 
         1.8065         225.225         21.6849 
        1.82218         222.845         21.2391 
        1.83797         221.898         20.8028 
        1.85367         217.286         20.3812 
        1.86928         213.304         19.9738 
        1.88497         211.456         19.5753 
        1.90073         208.128         19.1863 
        1.91647         205.618         18.8082 
        1.93218         202.106         18.4411 
        1.94787         198.648         18.0844 
        1.96363         195.919         17.7357 
        1.97935         193.715         17.3969 
        1.99499          191.56         17.0689 
        2.01064         188.388         16.7489 
         2.0264         187.285         16.4351 
        2.04216         184.479         16.1296 
        2.05781         181.391         15.8337 
        2.07353          178.58         15.5442 
        2.08928         175.962         15.2613 
        2.10499         174.657         14.9862 
        2.12065         172.135         14.7188 
        2.13633         169.434         14.4576 
        2.15211         167.113         14.2012 
        2.16785         165.716         13.9516 
        2.18349          163.33         13.7096 
        2.19916         160.948         13.4729 
        2.21489         159.182          13.241 
        2.23063         157.273         13.0144 
         2.2463         154.159         12.7941 
        2.26194         152.233         12.5794 
        2.27765         150.481         12.3686 
        2.29341         148.762         12.1621 
        2.30914         146.975         11.9608 
        2.32486         145.385         11.7641 
        2.34061         143.305         11.5715 
        2.35635          141.39         11.3834 
        2.37203         139.855         11.2001 
        2.38768         137.578         11.0213 
        2.40339          136.04         10.8457 
        2.41914         134.352         10.6735 
        2.43483         133.298         10.5057 
         2.4505         131.542         10.3418 
        2.46622         129.738         10.1808 
        2.48195         127.867         10.0232 
        2.49759         126.785         9.86986 
        2.51328         125.662         9.71929 
        2.52906         123.555         9.57091 
        2.54479         121.509         9.42618 
        2.56049         119.975         9.28473 
        2.57618         119.066         9.14631 
        2.59189         117.881          9.0105 
        2.60758         115.895         8.87767 
        2.62325         114.923         8.74767 
        2.63898         113.393         8.61983 
        2.65468         111.966         8.49481 
        2.67044         110.391         8.37174 
        2.68618         109.814          8.2514 
        2.70184         108.199          8.1339 
        2.71755         107.127          8.0184 
        2.73329         105.515         7.90496 
        2.74897         104.669         7.79409 
        2.76462         103.115          7.6856 
        2.78034         102.078         7.57872 
        2.79607         100.831         7.47376 
        2.81179           100.2         7.37091 
        2.82749         98.8984         7.27012 
        2.84321         97.3353         7.17109 
        2.85893         96.0619         7.07395 
        2.87462         95.2548         6.97876 
        2.89033         94.0734         6.88525 
        2.90605          93.305         6.79337 
        2.92176         91.9135         6.70321 
        2.93747         91.1284         6.61473 
        2.95318         90.4797         6.52783 
        2.96891         89.3855         6.44246 
        2.98456         88.3756         6.35899 
        3.00023         87.3764         6.27688 
        3.01596          86.097         6.19596 
        3.03164          85.547          6.1167 
        3.04738         84.6225          6.0386 
         3.0631         83.6194         5.96189 
        3.07883         82.6064          5.8865 
        3.09456          81.993         5.81244 
        3.11026         81.0065         5.73976 
        3.12596         80.3177         5.66833 
        3.14163         79.2415         5.59828 
        3.15734         78.5599         5.52925 
        3.17308         77.6009         5.46123 
        3.18879         76.8159         5.39453 
        3.20447         75.9199         5.32904 
         3.2202         75.1735         5.26444 
         3.2359         74.4216         5.20102 
        3.25157         73.7554          5.1388 
        3.26729         72.8954         5.07741 
        3.28304         71.9834          5.0169 
        3.29877         71.5028         4.95746 
        3.31446         70.6701         4.89911 
        3.33014         69.7836         4.84175 
        3.34585         69.0505         4.78522 
        3.36158         68.4186         4.72951 
        3.37727         67.8466         4.67486 
        3.39294         67.1081         4.62113 
        3.40867         66.4425         4.56804 
        3.42439         65.6049         4.51582 
        3.44008          64.999         4.46452 
        3.45578         64.1399         4.41397 
        3.47153         63.7859          4.3641 
        3.48724         63.2953         4.31508 
        3.50292         62.7638         4.26694 
        3.51859         61.9026         4.21955 
        3.53431         61.3014         4.17273 
        3.55007         60.8135         4.12651 
        3.56577         60.0197         4.08117 
        3.58146         59.3996         4.03653 
        3.59719         58.9606         3.99246 
        3.61292          58.387         3.94906 
        3.62859         57.7846         3.90646 
        3.64429         57.1375         3.86442 
        3.66003         56.5744         3.82286 
        3.67578         56.1069         3.78193 
        3.69146         55.6026         3.74176 
        3.70712         55.1128         3.70224 
        3.72284          54.554         3.66314 
        3.73853         54.0481         3.62468 
        3.75422         53.4093         3.58675 
        3.76993         52.9897         3.54934 
        3.78564         52.4565         3.51247 
        3.80137         52.0704         3.47607 
        3.81707         51.4657         3.44026 
        3.83279         50.9742         3.40493 
        3.84853          50.551         3.37003 
        3.86424         50.2891         3.33569 
        3.87992         49.6318         3.30188 
        3.89561         49.1464         3.26854 
        3.91134         48.7667         3.23559 
        3.92704         48.3051         3.20313 
        3.94273         47.7653         3.17115 
        3.95845         47.2522         3.13955 
        3.97418         46.9499         3.10837 
        3.98988         46.4857         3.07766 
        4.00554         46.1125         3.04744 
        4.02125         45.6027         3.01755 
        4.03698         45.2537         2.98801 
        4.05268          44.669         2.95893 
        4.06839         44.3297         2.93022 
         4.0841          44.091         2.90189 
        4.09983         43.5943          2.8739 
        4.11555         43.1787          2.8463 
        4.13124         42.7966         2.81913 
        4.14693         42.6437         2.79229 
        4.16266         42.1519         2.76574 
        4.17839         41.7687         2.73955 
        4.19408         41.2929         2.71375 
        4.20977         40.9912         2.68828 
        4.22551         40.5681         2.66308 
        4.24123         40.3126         2.63822 
        4.25691         39.8967         2.61375 
        4.27259         39.5435         2.58958 
        4.28831         39.2865         2.56567 
        4.30404         38.8418         2.54204 
        4.31974         38.5682         2.51875 
        4.33543         38.1509         2.49578 
        4.35116         37.8754         2.47303 
        4.36688         37.6573         2.45057 
        4.38255         37.1349         2.42848 
        4.39825         36.8966         2.40661 
        4.41398         36.5928         2.38497 
         4.4297         36.1278         2.36361 
        4.44541         36.0083         2.34253 
        4.46111         35.6998         2.32171 
        4.47683         35.3416         2.30113 
        4.49251         35.0059         2.28085 
        4.50819         34.6967         2.26081 
         4.5239         34.4627         2.24099 
        4.53962         34.1906         2.22137 
        4.55535         33.8642         2.20199 
        4.57106         33.6213         2.18286 
        4.58678         33.2411         2.16395 
         4.6025         32.9672         2.14527 
        4.61821         32.7495         2.12681 
        4.63391         32.4569         2.10859 
         4.6496         32.1169         2.09059 
        4.66532         31.9456         2.07277 
        4.68103         31.7146         2.05517 
        4.69673         31.3504         2.03779 
        4.71241         31.2215         2.02062 
        4.72811         30.8489         2.00363 
        4.74384         30.6523         1.98681 
        4.75955         30.3849         1.97021 
        4.77525         30.1426         1.95381 
        4.79096         29.9489         1.93757 
        4.80669         29.6515         1.92151 
         4.8224         29.4744         1.90565 
        4.83809           29.19         1.88999 
        4.85379         28.9339         1.87449 
         4.8695         28.7234         1.85916 
        4.88521         28.5197           1.844 
        4.90093         28.2454         1.82901 
        4.91663         27.9789          1.8142 
        4.93234         27.8109         1.79954 
        4.94807         27.6186         1.78503 
        4.96377         27.3534          1.7707 
        4.97943         27.1883         1.75657 
        4.99514           26.96         1.74255 
        5.01086         26.7246         1.72867 
        5.02654         26.5386         1.71498 
        5.04227         26.2475          1.7014 
          5.058         26.1264         1.68796 
        5.07371         25.8968         1.67469 
        5.08942         25.7426         1.66156 
        5.10513         25.4873         1.64857 
        5.12084         25.2949         1.63571 
        5.13656         25.1615           1.623 
        5.15225         24.8968         1.61044 
        5.16796         24.7462         1.59799 
        5.18369         24.4589         1.58566 
         5.1994         24.3452         1.57348 
        5.21509         24.1762         1.56145 
        5.23079         23.9278         1.54952 
        5.24649         23.7412         1.53773 
        5.26217         23.5375         1.52607 
        5.27788         23.3995         1.51451 
        5.29359         23.2824         1.50307 
        5.30933         23.0339         1.49174 
        5.32504         22.8938         1.48054 
        5.34073         22.7125         1.46946 
        5.35646         22.5658         1.45848 
        5.37218         22.3669         1.44761 
        5.38789         22.1972         1.43686 
        5.40357         22.0334         1.42624 
        5.41929         21.8782          1.4157 
        5.43502         21.7097         1.40527 
         5.4507         21.5408         1.39496 
        5.46639         21.3877         1.38476 
        5.48212            21.2         1.37464 
        5.49786          21.066          1.3646 
        5.51353         20.8938         1.35471 
        5.52921         20.7297         1.34492 
        5.54495         20.5845         1.33519 
        5.56066         20.4748         1.32557 
        5.57637         20.3009         1.31604 
        5.59207         20.1315         1.30662 
        5.60778         19.9335         1.29728 
        5.62346         19.8232         1.28805 
        5.63916         19.7031          1.2789 
        5.65487         19.5523         1.26983 
         5.6706         19.4329         1.26084 
        5.68633         19.2489         1.25194 
        5.70203         19.1135         1.24314 
        5.71773         18.9874         1.23442 
        5.73344         18.8474         1.22579 
        5.74916           18.71         1.21722 
        5.76486         18.5888         1.20876 
        5.78054         18.4281         1.20038 
        5.79626         18.2926         1.19206 
          5.812         18.1853         1.18381 
         5.8277         18.0705         1.17567 
        5.84339         17.9502          1.1676 
        5.85911         17.7876         1.15959 
        5.87484          17.675         1.15166 
        5.89053         17.5497         1.14381 
        5.90623         17.4414         1.13604 
        5.92195         17.3076         1.12833 
        5.93767         17.1949         1.12069 
        5.95336         17.0668         1.11313 
        5.96905         16.9487         1.10565 
        5.98476         16.8083         1.09822 
        6.00048         16.7012         1.09086 
        6.01617         16.5893         1.08358 
        6.03185         16.4532         1.07638 
        6.04756         16.3507         1.06922 
        6.06331         16.2379         1.06211 
        6.07903         16.1073         1.05508 
        6.09473         16.0359         1.04812 
        6.11044         15.9058         1.04122 
        6.12616         15.7852         1.03438 
        6.14186         15.6954         1.02761 
        6.15755         15.5706          1.0209 
        6.17326          15.449         1.01424 
        6.18898         15.3639         1.00764 
        6.20467         15.2722         1.00111 
        6.22036         15.1524        0.994643 
         6.2361          15.039        0.988213 
         6.2518         14.9008        0.981849 
        6.26748         14.8469        0.975556 
        6.28319         14.7601          0.9693 
        6.29893         14.6183        0.963094 
        6.31463         14.5551        0.956952 
        6.33033         14.4569        0.950866 
        6.34604         14.3517        0.944829 
        6.36177          14.287        0.938838 
        6.37747         14.1605        0.932911 
        6.39316         14.0478        0.927038 
        6.40888          13.957        0.921204 
         6.4246         13.8847         0.91542 
        6.44031         13.7926        0.909688 
        6.45601           13.69        0.904013 
        6.47172         13.5945        0.898379 
        6.48744         13.5263        0.892792 
        6.50313         13.4095        0.887261 
        6.51882         13.3463        0.881779 
        6.53452         13.2387        0.876338 
        6.55025         13.1489        0.870934 
        6.56597         13.1042        0.865582 
        6.58166         12.9952        0.860282 
        6.59736         12.9032        0.855023 
        6.61307         12.8204        0.849803 
         6.6288         12.7287        0.844624 
         6.6445         12.6202        0.839495 
         6.6602         12.5845        0.834409 
        6.67592         12.4748         0.82936 
        6.69164         12.4095        0.824355 
        6.70735         12.2862        0.819391 
        6.72304         12.2329        0.814474 
        6.73874         12.1486        0.809596 
        6.75446         12.0988        0.804752 
        6.77016         12.0068        0.799955 
        6.78585         11.9438        0.795196 
        6.80156         11.8594        0.790475 
        6.81729         11.7719        0.785783 
        6.83301         11.7013        0.781131 
         6.8487         11.6431        0.776527 
         6.8644         11.5265        0.771958 
        6.88012         11.4879         0.76742 
        6.89583         11.4047        0.762923 
        6.91151          11.325        0.758468 
        6.92723         11.2448        0.754037 
        6.94296         11.1722        0.749641 
        6.95866         11.0976        0.745286 
        6.97436          11.049        0.740967 
        6.99007         10.9778         0.73668 
        7.00578         10.9148        0.732427 
        7.02147          10.851        0.728212 
        7.03718         10.7729        0.724026 
         7.0529         10.7122        0.719869 
        7.06863         10.6363        0.715743 
        7.08433         10.5738        0.711655 
        7.10004         10.5058          0.7076 
        7.11575         10.4585        0.703576 
        7.13145         10.3688        0.699583 
        7.14715         10.3093        0.695623 
        7.16284         10.2398        0.691698 
        7.17855         10.1943        0.687795 
        7.19428         10.1213        0.683918 
        7.20998         10.0572        0.680079 
        7.22568           9.983        0.676269 
        7.24139         9.93891        0.672486 
        7.25711         9.85214        0.668732 
        7.27282         9.81082        0.665006 
        7.28852         9.76026        0.661313 
        7.30423         9.70807        0.657643 
        7.31995         9.62949        0.654002 
        7.33565         9.57689         0.65039 
        7.35135         9.50188        0.646806 
        7.36706         9.44782        0.643249 
        7.38277         9.39896        0.639716 
        7.39847         9.33796        0.636212 
        7.41419         9.28362        0.632732 
         7.4299         9.21341        0.629279 
        7.44561         9.16362        0.625852 
        7.46132         9.12985        0.622451 
        7.47701         9.07214        0.619078 
        7.49272         8.99991        0.615727 
        7.50842         8.95511        0.612403 
         7.5241          8.8994        0.609107 
        7.53981         8.85469         0.60583 
        7.55552         8.80574        0.602577 
        7.57125          8.7427        0.599344 
        7.58698         8.69318        0.596134 
        7.60268         8.64643        0.592954 
         7.6184         8.58125        0.589794 
        7.63411           8.538        0.586658 
        7.64981         8.48302        0.583546 
        7.66552          8.4467        0.580457 
        7.68123         8.38313        0.577389 
        7.69695         8.34372        0.574342 
        7.71264         8.28299        0.571321 
        7.72834         8.23235        0.568321 
        7.74407         8.20754        0.565338 
        7.75978         8.14852        0.562377 
        7.77546         8.09082        0.559445 
        7.79116         8.04872        0.556531 
         7.8069         7.99825         0.55363 
         7.8226         7.96252        0.550756 
        7.83828         7.91966        0.547906 
        7.85399         7.86414        0.545073 
        7.86972         7.81754        0.542254 
        7.88543         7.78349         0.53946 
        7.90111         7.74482        0.536691 
        7.91681         7.68532        0.533936 
        7.93255         7.65088        0.531196 
        7.94828         7.59843        0.528476 
        7.96397         7.55533         0.52578 
        7.97967         7.51882        0.523104 
        7.99538         7.46781        0.520444 
         8.0111          7.4285        0.517801 
         8.0268         7.38961        0.515179 
        8.04248         7.33938        0.512579 
         8.0582         7.29208        0.509991 
        8.07393         7.27032        0.507418 
        8.08963         7.21478        0.504868 
        8.10533          7.1754        0.502336 
        8.12104         7.13936        0.499819 
        8.13675         7.10153         0.49732 
        8.15245         7.05197        0.494839 
        8.16815         7.01617        0.492376 
        8.18387         6.96998        0.489927 
        8.19959         6.93433        0.487493 
         8.2153         6.89809        0.485078 
        8.23101         6.85961        0.482679 
        8.24672         6.82609        0.480297 
        8.26241         6.78512        0.477934 
         8.2781         6.75102        0.475586 
        8.29381          6.7063        0.473251 
        8.30952         6.67455        0.470933 
        8.32524         6.63305        0.468628 
        8.34095         6.59836        0.466339 
        8.35666         6.56378        0.464067 
        8.37237         6.53081         0.46181 
        8.38808         6.48637        0.459567 
        8.40379         6.45623         0.45734 
         8.4195         6.42031        0.455128 
         8.4352         6.39206         0.45293 
        8.45091         6.34003        0.450748 
        8.46662         6.31996        0.448578 
        8.48232         6.28197        0.446425 
        8.49802         6.24764        0.444285 
        8.51374          6.2186        0.442158 
        8.52945         6.17539        0.440045 
        8.54515         6.13875        0.437948 
        8.56086         6.11244        0.435862 
        8.57658         6.08461         0.43379 
        8.59228         6.04662        0.431733 
        8.60799          6.0181        0.429687 
        8.62371         5.97739        0.427655 
        8.63942          5.9538        0.425637 
        8.65512         5.92209        0.423633 
        8.67082         5.88981        0.421642 
        8.68653         5.85736        0.419662 
        8.70224         5.83017        0.417695 
        8.71795         5.79869        0.415742 
        8.73365         5.76533        0.413801 
        8.74936         5.73706        0.411872 
        8.76506         5.72085        0.409957 
        8.78076         5.67899        0.408053 
        8.79646         5.64874        0.406161 
        8.81218         5.61698         0.40428 
        8.82791         5.59102        0.402409 
         8.8436         5.56744        0.400554 
         8.8593         5.52501        0.398711 
        8.87503         5.50319        0.396875 
        8.89076         5.47231        0.395051 
        8.90644         5.44802        0.393244 
        8.92214         5.42086        0.391446 
        8.93786         5.38598        0.389657 
        8.95357         5.35402        0.387881 
        8.96928         5.33105        0.386115 
        8.98498         5.30603        0.384362 
        9.00069         5.27902        0.382618 
        9.01639         5.25427        0.380886 
        9.03208         5.22639        0.379166 
        9.04778         5.20185        0.377456 
        9.06351         5.17455        0.375753 
        9.07923         5.15041        0.374062 
        9.09493         5.12057        0.372383 
        9.11062         5.09545        0.370716 
        9.12635         5.07169        0.369055 
        9.14207         5.04695        0.367405 
        9.15777         5.02029        0.365767 
        9.17346          4.9985         0.36414 
        9.18917          4.9721         0.36252 
         9.2049         4.93933        0.360909 
        9.22061         4.92415         0.35931 
        9.23631         4.90133        0.357721 
        9.25201          4.8722        0.356142 
        9.26773         4.85285        0.354571 
        9.28343           4.832         0.35301 
        9.29913         4.80443         0.35146 
        9.31484         4.78443        0.349918 
        9.33057         4.75961        0.348382 
        9.34627         4.72837        0.346859 
        9.36197         4.70803        0.345346 
        9.37768         4.68935        0.343839 
        9.39338         4.66494        0.342343 
        9.40909         4.64361        0.340856 
        9.42479         4.62186        0.339378 
         9.4405         4.59823        0.337908 
        9.45621         4.58012        0.336447 
        9.47193         4.55609        0.334994 
        9.48763         4.53591        0.333551 
        9.50334         4.50886        0.332116 
        9.51906         4.48418        0.330689 
        9.53476         4.46532        0.329271 
        9.55045         4.44673        0.327863 
        9.56616         4.42302        0.326461 
        9.58188         4.40071        0.325066 
        9.59759         4.38697         0.32368 
         9.6133          4.3678        0.322302 
        9.62901         4.33775        0.320931 
        9.64471         4.32002        0.319568 
        9.66041         4.30112        0.318213 
        9.67612         4.28501        0.316865 
        9.69184         4.26814        0.315524 
        9.70754         4.24409        0.314192 
        9.72324         4.22736        0.312868 
        9.73895         4.20814        0.311552 
        9.75467         4.18356        0.310244 
        9.77038         4.16867        0.308945 
        9.78607          4.1541        0.307656 
        9.80177         4.12936        0.306375 
        9.81749         4.11191        0.305101 
         9.8332         4.08811        0.303838 
         9.8489         4.07255        0.302583 
        9.86463          4.0547        0.301333 
        9.88035         4.04129        0.300091 
        9.89606         4.02087        0.298856 
        9.91175          4.0034        0.297627 
        9.92745         3.98112        0.296402 
        9.94317         3.96921         0.29518 
        9.95888         3.95108         0.29396 
        9.97458         3.93679        0.292743 
        9.99029          3.9188        0.291527 
         10.006         3.89826        0.290776 
        10.0217         3.88463        0.290776 
        10.0374         3.86688        0.290776 
        10.0531         3.84966        0.290776 
        10.0688         3.83502        0.290776 
        10.0845         3.82016        0.290776 
        10.1002         3.80001        0.290776 
        10.1159         3.78703        0.290776 
        10.1317         3.76607        0.290776 
        10.1474         3.75481        0.290776 
        10.1631         3.73694        0.290776 
        10.1788         3.72521        0.290776 
        10.1945         3.70656        0.290776 
        10.2102         3.68992        0.290776 
        10.2259         3.67939        0.290776 
        10.2416         3.66046        0.290776 
        10.2573         3.64665        0.290776 
         10.273         3.63063        0.290776 
        10.2887         3.61602        0.290776 
        10.3044         3.60472        0.290776 
        10.3201         3.58688        0.290776 
        10.3359          3.5733        0.290776 
        10.3516         3.55843        0.290776 
        10.3673         3.54456        0.290776 
         10.383         3.53058        0.290776 
        10.3987         3.51674        0.290776 
        10.4144         3.50521        0.290776 
        10.4301         3.49533        0.290776 
        10.4458         3.47771        0.290776 
        10.4615         3.46366        0.290776 
        10.4772         3.45173        0.290776 
        10.4929         3.43516        0.290776 
        10.5086         3.42584        0.290776 
        10.5244         3.40901        0.290776 
        10.5401         3.39755        0.290776 
        10.5558         3.38609        0.290776 
        10.5715         3.37166        0.290776 
        10.5872         3.35924        0.290776 
        10.6029         3.34612        0.290776 
        10.6186         3.33413        0.290776 
        10.6343         3.32381        0.290776 
          10.65         3.31201        0.290776 
        10.6657         3.30131        0.290776 
        10.6814         3.29342        0.290776 
        10.6971         3.27924        0.290776 
        10.7129           3.266        0.290776 
        10.7286         3.25234        0.290776 
        10.7443         3.24277        0.290776 
          10.76         3.22997        0.290776 
        10.7757          3.2189        0.290776 
        10.7914         3.20615        0.290776 
        10.8071         3.19843        0.290776 
        10.8228         3.18551        0.290776 
        10.8385         3.17806        0.290776 
        10.8542         3.16587        0.290776 
        10.8699         3.15634        0.290776 
        10.8856         3.14478        0.290776 
        10.9014         3.13408        0.290776 
        10.9171         3.12413        0.290776 
        10.9328         3.11722        0.290776 
        10.9485         3.10156        0.290776 
        10.9642         3.09264        0.290776 
        10.9799         3.08357        0.290776 
        10.9956         3.07356        0.290776 
        11.0113         3.06226        0.290776 
         11.027         3.05393        0.290776 
        11.0427         3.04629        0.290776 
        11.0584         3.03818        0.290776 
        11.0741         3.02803        0.290776 
        11.0898          3.0172        0.290776 
        11.1055         3.00937        0.290776 
        11.1212          3.0021        0.290776 
         11.137         2.99539        0.290776 
        11.1527         2.98141        0.290776 
        11.1684         2.97435        0.290776 
        11.1841         2.96723        0.290776 
        11.1998         2.96228        0.290776 
        11.2155         2.94839        0.290776 
        11.2312         2.94642        0.290776 
        11.2469         2.93657        0.290776 
        11.2626         2.92592        0.290776 
        11.2783         2.92051        0.290776 
         11.294         2.91184        0.290776 
        11.3097         2.90468        0.290776 
        11.3254         2.89516        0.290776 
        11.3412         2.88637        0.290776 
        11.3569         2.88207        0.290776 
        11.3726         2.87542        0.290776 
        11.3883         2.86856        0.290776 
         11.404         2.86282        0.290776 
        11.4197         2.85592        0.290776 
        11.4354         2.84559        0.290776 
        11.4511         2.84071        0.290776 
        11.4668         2.83482        0.290776 
        11.4825         2.82801        0.290776 
        11.4982         2.82427        0.290776 
         11.514         2.81175        0.290776 
        11.5297           2.811        0.290776 
        11.5454         2.80251        0.290776 
        11.5611         2.79766        0.290776 
        11.5768         2.79147        0.290776 
        11.5925         2.79046        0.290776 
        11.6082         2.78118        0.290776 
        11.6239         2.77453        0.290776 
        11.6396            2.77        0.290776 
        11.6553         2.76548        0.290776 
         11.671         2.76135        0.290776 
        11.6867         2.75422        0.290776 
        11.7024          2.7508        0.290776 
        11.7182         2.74751        0.290776 
        11.7339          2.7444        0.290776 
        11.7496         2.73768        0.290776 
        11.7653         2.73006        0.290776 
         11.781         2.73161        0.290776 
        11.7967          2.7262        0.290776 
        11.8124         2.72002        0.290776 
        11.8281           2.716        0.290776 
        11.8438         2.71489        0.290776 
        11.8595         2.70578        0.290776 
        11.8752          2.7071        0.290776 
         11.891         2.70262        0.290776 
        11.9067          2.6987        0.290776 
        11.9224          2.6961        0.290776 
        11.9381         2.69138        0.290776 
        11.9538         2.69099        0.290776 
        11.9695         2.68903        0.290776 
        11.9852          2.6832        0.290776 
        12.0009         2.68218        0.290776 
        12.0166         2.67917        0.290776 
        12.0323          2.6776        0.290776 
         12.048         2.67546        0.290776 
        12.0637         2.67384        0.290776 
