# k  (h/Mpc)    Pcb(k)  (Mpc/h)^3    Pcb_linear(k) (Mpc/h)^3   ShotnoiseSubtracted = true
      0.0200456         16121.2           16462 
      0.0350414         12373.6         12907.9 
      0.0492313         9987.66           10227 
      0.0637834          8432.8          8316.2 
      0.0800726          6406.7         6282.09 
       0.096163         4738.27         4941.27 
       0.111083         3957.77         4182.77 
       0.126058         3504.91         3477.08 
       0.142273         2953.55         2829.43 
       0.158546         2659.37         2410.34 
        0.17375         2162.74         2097.08 
       0.188953         2065.32         1802.85 
       0.204907          1932.4         1560.62 
       0.220756         1690.33         1379.34 
        0.23588         1505.57         1225.16 
         0.2514         1308.83         1085.59 
       0.267535         1299.61         968.157 
       0.283568         1182.31         869.973 
       0.299022         1115.16          785.61 
       0.314451         1062.01          712.28 
       0.330372         978.756         647.636 
       0.346141         922.401         591.217 
       0.361624         883.887         541.862 
       0.377134         822.248         498.212 
       0.392932         794.253         458.879 
       0.408854         770.384         423.414 
       0.424564         721.465         392.001 
       0.440253          707.75         363.884 
       0.455999         675.479         338.461 
       0.471626         642.537         315.596 
        0.48727         620.881         294.817 
       0.502856         604.305         275.986 
       0.518488         596.362         258.752 
       0.534347         558.235         242.765 
       0.550082         539.142          228.24 
       0.565732         539.439         214.977 
       0.581496         507.056         202.683 
       0.597222         500.423         191.377 
       0.612804          487.07         181.029 
       0.628434         470.707         171.421 
       0.644267         457.906         162.402 
       0.660051         443.304         154.058 
       0.675724         440.616         146.355 
       0.691403         425.897         139.178 
       0.707174         411.306         132.446 
       0.722871         407.171          126.19 
        0.73838          400.58         120.406 
       0.754018         388.668         114.943 
       0.769845         378.773         109.761 
        0.78569         375.648         104.894 
       0.801365         364.018         100.371 
       0.817031         353.796         96.1179 
       0.832809         350.397          92.085 
       0.848511         341.409         88.3021 
       0.864097         333.902         84.7583 
       0.879701         329.426         81.4062 
       0.895507         324.007         78.1964 
       0.911279         313.634         75.1669 
        0.92691         310.264         72.3237 
       0.942635         303.858         69.6124 
       0.958396         297.273          67.035 
       0.974128          292.43         64.5933 
       0.989692         287.344          62.298 
        1.00528         282.654         60.1113 
        1.02113         280.065         57.9959 
        1.03692         273.097         55.9906 
        1.05264         269.225         54.0899 
        1.06832         263.459         52.2807 
        1.08405          258.28         50.5499 
        1.09979         255.032         48.8968 
        1.11537          250.08         47.3343 
        1.13105         244.218         45.8311 
        1.14679         243.299         44.3877 
        1.16256         237.574         43.0039 
        1.17828         234.096         41.6838 
        1.19395         230.327         40.4239 
         1.2097         228.936         39.2098 
        1.22537         222.606         38.0516 
          1.241         222.079         36.9439 
        1.25666         215.954         35.8777 
        1.27241         213.846         34.8487 
        1.28819         210.195         33.8584 
        1.30392         206.486         32.9097 
        1.31957         205.787         32.0016 
        1.33529         201.268         31.1246 
        1.35108         197.194         30.2771 
        1.36674         195.967         29.4673 
         1.3824         192.914          28.688 
        1.39811         192.016         27.9344 
        1.41389         187.996          27.205 
        1.42964          184.85          26.503 
        1.44531         182.095         25.8292 
        1.46101         180.725         25.1775 
        1.47667         176.209         24.5504 
        1.49229         174.285         23.9463 
        1.50793          172.09         23.3619 
        1.52367         170.038         22.7933 
        1.53953         166.628         22.2399 
        1.55526         163.923         21.7093 
        1.57092         162.802         21.1983 
        1.58662         159.704         20.7025 
        1.60235         157.863         20.2217 
        1.61809         156.066          19.756 
        1.63369          153.29         19.3091 
        1.64941         150.489         18.8728 
        1.66519         149.149         18.4485 
        1.68085         148.145         18.0403 
        1.69652         144.915         17.6444 
        1.71228          142.96         17.2581 
        1.72806         141.115         16.8831 
        1.74368         139.809          16.523 
        1.75933         137.728         16.1728 
        1.77505         135.696         15.8311 
        1.79081         134.875         15.4986 
         1.8065         132.721         15.1772 
        1.82218         130.165         14.8651 
        1.83797         129.005         14.5598 
        1.85367         127.301         14.2647 
        1.86928         125.773         13.9795 
        1.88497         123.282         13.7007 
        1.90073         122.362         13.4284 
        1.91647         120.463         13.1638 
        1.93218         118.815         12.9068 
        1.94787         117.555         12.6572 
        1.96363          115.75         12.4131 
        1.97935          113.74          12.176 
        1.99499         112.594         11.9464 
        2.01064         111.256         11.7225 
         2.0264         109.638         11.5029 
        2.04216         108.555          11.289 
        2.05781         107.253         11.0819 
        2.07353         105.876         10.8793 
        2.08928         104.044         10.6813 
        2.10499         102.316         10.4888 
        2.12065         101.632         10.3016 
        2.13633         100.647         10.1188 
        2.15211         99.0022         9.93931 
        2.16785         97.2551         9.76465 
        2.18349         96.3054          9.5953 
        2.19916         95.4495         9.42961 
        2.21489         94.3624         9.26728 
        2.23063         92.5907         9.10868 
         2.2463         91.6709          8.9545 
        2.26194         91.1643         8.80429 
        2.27765         89.4356         8.65675 
        2.29341         88.6213         8.51221 
        2.30914         87.2525         8.37127 
        2.32486         86.6285         8.23361 
        2.34061         85.4245         8.09882 
        2.35635         83.9546         7.96717 
        2.37203         82.8725          7.8389 
        2.38768         82.0596         7.71373 
        2.40339         81.3187         7.59084 
        2.41914         79.7623         7.47034 
        2.43483         79.1456         7.35289 
         2.4505         78.1065         7.23816 
        2.46622         77.0257         7.12549 
        2.48195         76.2054         7.01521 
        2.49759          75.433         6.90786 
        2.51328         74.4269         6.80248 
        2.52906         73.3218         6.69862 
        2.54479         72.8959         6.59733 
        2.56049         71.9312         6.49833 
        2.57618         71.2916         6.40145 
        2.59189         70.0996          6.3064 
        2.60758         69.5289         6.21343 
        2.62325          68.641         6.12245 
        2.63898         67.8673         6.03297 
        2.65468          66.935         5.94547 
        2.67044         66.0878         5.85934 
        2.68618          65.538         5.77511 
        2.70184         65.1484         5.69287 
        2.71755          64.403         5.61203 
        2.73329         63.4439         5.53264 
        2.74897         62.7885         5.45504 
        2.76462          61.959         5.37911 
        2.78034          61.157          5.3043 
        2.79607         60.4667         5.23084 
        2.81179         59.8745         5.15886 
        2.82749         59.2645         5.08831 
        2.84321         58.5391         5.01901 
        2.85893         57.7895         4.95102 
        2.87462          57.211          4.8844 
        2.89033         56.5343         4.81895 
        2.90605          55.783         4.75464 
        2.92176         55.5243         4.69154 
        2.93747         54.8636         4.62961 
        2.95318         54.1978         4.56879 
        2.96891         53.5936         4.50904 
        2.98456          52.999         4.45062 
        3.00023           52.31         4.39315 
        3.01596         51.9098         4.33652 
        3.03164         51.1476         4.28105 
        3.04738         50.5896         4.22638 
         3.0631         50.1439         4.17269 
        3.07883         49.4876         4.11993 
        3.09456         49.2815         4.06809 
        3.11026         48.4298         4.01722 
        3.12596         48.0175         3.96723 
        3.14163         47.4369         3.91821 
        3.15734         47.0691         3.86989 
        3.17308         46.5208         3.82228 
        3.18879         46.1505          3.7756 
        3.20447         45.3128         3.72977 
         3.2202         45.1794         3.68455 
         3.2359         44.5887         3.64017 
        3.25157         44.2455         3.59662 
        3.26729         43.8513         3.55365 
        3.28304         43.2409          3.5113 
        3.29877         42.8065          3.4697 
        3.31446         42.3499         3.42886 
        3.33014         42.1102         3.38871 
        3.34585         41.6635         3.34915 
        3.36158          41.207         3.31016 
        3.37727         40.6653         3.27191 
        3.39294         40.2633          3.2343 
        3.40867         39.7837         3.19715 
        3.42439         39.5101          3.1606 
        3.44008         39.0562         3.12469 
        3.45578         38.5874         3.08931 
        3.47153         38.2137         3.05441 
        3.48724         38.0485          3.0201 
        3.50292          37.658         2.98641 
        3.51859         37.1227         2.95324 
        3.53431         36.7421         2.92047 
        3.55007         36.3995         2.88812 
        3.56577         36.0246         2.85639 
        3.58146         35.5809         2.82514 
        3.59719         35.3105          2.7943 
        3.61292         35.0085         2.76392 
        3.62859         34.8381         2.73411 
        3.64429         34.3432         2.70468 
        3.66003         34.0017          2.6756 
        3.67578         33.5936         2.64695 
        3.69146         33.3065         2.61883 
        3.70712         33.0882         2.59117 
        3.72284         32.6883         2.56381 
        3.73853           32.44         2.53689 
        3.75422         32.2002         2.51035 
        3.76993         31.8647         2.48416 
        3.78564          31.555         2.45836 
        3.80137         31.1693         2.43288 
        3.81707         30.8625         2.40782 
        3.83279         30.6565         2.38309 
        3.84853         30.3835         2.35867 
        3.86424         30.0277         2.33463 
        3.87992         29.8022         2.31097 
        3.89561         29.5238         2.28763 
        3.91134         29.2517         2.26457 
        3.92704         28.9642         2.24185 
        3.94273         28.6286         2.21947 
        3.95845          28.357         2.19735 
        3.97418         28.2014         2.17553 
        3.98988         27.8883         2.15404 
        4.00554         27.5998         2.13289 
        4.02125         27.4125         2.11196 
        4.03698         27.1259         2.09129 
        4.05268         26.9519         2.07094 
        4.06839         26.6431         2.05084 
         4.0841         26.3562         2.03102 
        4.09983         26.1636         2.01143 
        4.11555         25.9524         1.99211 
        4.13124         25.6476         1.97309 
        4.14693          25.473         1.95431 
        4.16266         25.2182         1.93572 
        4.17839         24.9447         1.91739 
        4.19408         24.8216         1.89934 
        4.20977         24.5278         1.88151 
        4.22551         24.3884         1.86387 
        4.24123          24.176         1.84648 
        4.25691          23.951         1.82935 
        4.27259         23.7006         1.81243 
        4.28831         23.4708          1.7957 
        4.30404           23.29         1.77916 
        4.31974         23.1217         1.76286 
        4.33543         22.8626         1.74678 
        4.35116         22.7429         1.73086 
        4.36688         22.4321         1.71514 
        4.38255         22.2969         1.69968 
        4.39825          22.089         1.68437 
        4.41398         21.8831         1.66923 
         4.4297         21.7131         1.65428 
        4.44541         21.5592         1.63952 
        4.46111         21.3821         1.62495 
        4.47683         21.1788         1.61055 
        4.49251         20.9716         1.59635 
        4.50819         20.7972         1.58233 
         4.5239          20.621         1.56845 
        4.53962         20.4546         1.55473 
        4.55535         20.2607         1.54116 
        4.57106         20.1829         1.52777 
        4.58678         19.9639         1.51454 
         4.6025         19.7917         1.50146 
        4.61821         19.6451         1.48854 
        4.63391         19.4612         1.47579 
         4.6496         19.3376         1.46319 
        4.66532         19.1502         1.45072 
        4.68103         18.9633          1.4384 
        4.69673         18.8469         1.42624 
        4.71241         18.6518         1.41422 
        4.72811          18.498         1.40233 
        4.74384          18.385         1.39056 
        4.75955         18.2021         1.37894 
        4.77525         18.0882         1.36746 
        4.79096         17.9105          1.3561 
        4.80669         17.7742         1.34486 
         4.8224           17.59         1.33376 
        4.83809         17.4653         1.32279 
        4.85379         17.3725         1.31195 
         4.8695         17.1522         1.30121 
        4.88521         17.0632         1.29061 
        4.90093         16.9435         1.28011 
        4.91663         16.7842         1.26975 
        4.93234         16.6244         1.25949 
        4.94807         16.5237         1.24933 
        4.96377         16.3899          1.2393 
        4.97943          16.295         1.22941 
        4.99514         16.1353          1.2196 
        5.01086         16.0265         1.20989 
        5.02654         15.8667         1.20031 
        5.04227         15.7686          1.1908 
          5.058         15.6193         1.18139 
        5.07371         15.5428         1.17211 
        5.08942         15.4323         1.16292 
        5.10513         15.2785         1.15383 
        5.12084         15.1392         1.14483 
        5.13656         15.0269         1.13593 
        5.15225         14.9259         1.12713 
        5.16796         14.7835         1.11842 
        5.18369         14.6981         1.10979 
         5.1994         14.5973         1.10127 
        5.21509         14.4682         1.09285 
        5.23079         14.3845          1.0845 
        5.24649         14.2575         1.07625 
        5.26217         14.1653         1.06809 
        5.27788         13.9954            1.06 
        5.29359         13.9145         1.05199 
        5.30933         13.8296         1.04406 
        5.32504         13.7173         1.03622 
        5.34073          13.625         1.02847 
        5.35646         13.5209         1.02078 
        5.37218         13.3961         1.01317 
        5.38789         13.3012         1.00565 
        5.40357         13.1977        0.998217 
        5.41929         13.1026         0.99084 
        5.43502         13.0225        0.983537 
         5.4507          12.936        0.976326 
        5.46639         12.8222        0.969185 
        5.48212         12.7337        0.962099 
        5.49786         12.6742        0.955076 
        5.51353         12.5435        0.948157 
        5.52921           12.45          0.9413 
        5.54495          12.373        0.934491 
        5.56066         12.2742        0.927756 
        5.57637         12.1966        0.921089 
        5.59207         12.0826        0.914493 
        5.60778         12.0036        0.907959 
        5.62346         11.9315        0.901498 
        5.63916         11.8222        0.895094 
        5.65487         11.7447        0.888748 
         5.6706         11.6715        0.882457 
        5.68633         11.5807        0.876224 
        5.70203         11.5032        0.870064 
        5.71773         11.4353        0.863965 
        5.73344         11.3217         0.85792 
        5.74916         11.2362        0.851928 
        5.76486         11.1696        0.846001 
        5.78054         11.0906         0.84014 
        5.79626         11.0075        0.834318 
          5.812         10.9136        0.828545 
         5.8277         10.8548        0.822844 
        5.84339         10.7797        0.817196 
        5.85911          10.695         0.81159 
        5.87484         10.6359        0.806038 
        5.89053         10.5572        0.800549 
        5.90623         10.4415        0.795108 
        5.92195         10.4048        0.789709 
        5.93767         10.3514        0.784363 
        5.95336         10.2743        0.779074 
        5.96905          10.181        0.773837 
        5.98476          10.124         0.76864 
        6.00048         10.0513         0.76349 
        6.01617         9.98443        0.758393 
        6.03185         9.89993        0.753349 
        6.04756         9.82589        0.748339 
        6.06331         9.77151        0.743364 
        6.07903         9.72047        0.738444 
        6.09473         9.64543        0.733573 
        6.11044         9.57272        0.728743 
        6.12616         9.49656        0.723956 
        6.14186         9.45343        0.719217 
        6.15755         9.36897         0.71452 
        6.17326         9.33009        0.709862 
        6.18898          9.2696        0.705243 
        6.20467          9.1938        0.700674 
        6.22036         9.12268        0.696145 
         6.2361         9.07524        0.691644 
         6.2518          9.0032        0.687191 
        6.26748         8.93889        0.682786 
        6.28319         8.87515        0.678408 
        6.29893         8.83287        0.674064 
        6.31463         8.76371        0.669766 
        6.33033         8.71335        0.665506 
        6.34604         8.64478        0.661281 
        6.36177         8.59557        0.657088 
        6.37747         8.53979        0.652939 
        6.39316         8.48865        0.648828 
        6.40888         8.42735        0.644745 
         6.4246         8.36607        0.640697 
        6.44031         8.31628        0.636686 
        6.45601         8.24966        0.632714 
        6.47172         8.19817        0.628771 
        6.48744         8.14894         0.62486 
        6.50313         8.09939        0.620989 
        6.51882         8.05836        0.617152 
        6.53452         7.97928        0.613344 
        6.55025         7.93677        0.609562 
        6.56597         7.89081        0.605816 
        6.58166         7.84056        0.602106 
        6.59736         7.78553        0.598426 
        6.61307         7.73884        0.594773 
         6.6288         7.70209        0.591148 
         6.6445         7.64348        0.587558 
         6.6602         7.57521        0.583998 
        6.67592         7.55139        0.580465 
        6.69164         7.49047        0.576961 
        6.70735         7.44202        0.573487 
        6.72304         7.39877        0.570046 
        6.73874          7.3572        0.566632 
        6.75446         7.29623        0.563242 
        6.77016          7.2726        0.559884 
        6.78585         7.20866        0.556553 
        6.80156         7.17002        0.553249 
        6.81729         7.11552        0.549965 
        6.83301         7.08671        0.546709 
         6.8487         7.02707        0.543487 
         6.8644          6.9963        0.540289 
        6.88012         6.94895        0.537113 
        6.89583         6.89149        0.533965 
        6.91151         6.86547        0.530847 
        6.92723         6.83642        0.527746 
        6.94296         6.77914        0.524669 
        6.95866         6.74804        0.521622 
        6.97436         6.69339        0.518599 
        6.99007          6.6591        0.515598 
        7.00578         6.61807        0.512622 
        7.02147         6.57725        0.509671 
        7.03718         6.52435        0.506742 
         7.0529         6.49222        0.503832 
        7.06863         6.44101        0.500944 
        7.08433         6.41621        0.498083 
        7.10004         6.37847        0.495245 
        7.11575         6.32757        0.492429 
        7.13145         6.30522        0.489634 
        7.14715         6.25594        0.486863 
        7.16284         6.22233        0.484115 
        7.17855         6.17826        0.481384 
        7.19428         6.14251         0.47867 
        7.20998         6.10942        0.475983 
        7.22568         6.08022        0.473317 
        7.24139         6.03695        0.470669 
        7.25711         5.99406        0.468042 
        7.27282         5.96244        0.465434 
        7.28852         5.93366        0.462849 
        7.30423         5.89166         0.46028 
        7.31995         5.86771        0.457732 
        7.33565         5.83235        0.455204 
        7.35135         5.79109        0.452696 
        7.36706         5.75419        0.450206 
        7.38277         5.72376        0.447734 
        7.39847         5.69439        0.445281 
        7.41419         5.65491        0.442846 
         7.4299         5.62208        0.440429 
        7.44561         5.59689         0.43803 
        7.46132          5.5608         0.43565 
        7.47701          5.5269         0.43329 
        7.49272         5.49461        0.430944 
        7.50842         5.46372        0.428617 
         7.5241         5.43155        0.426311 
        7.53981         5.40057        0.424017 
        7.55552         5.37336         0.42174 
        7.57125         5.34063        0.419477 
        7.58698         5.30387        0.417231 
        7.60268         5.28639        0.415005 
         7.6184         5.25185        0.412793 
        7.63411         5.22381        0.410598 
        7.64981         5.19228        0.408421 
        7.66552         5.15909        0.406259 
        7.68123         5.12991        0.404111 
        7.69695         5.09689        0.401978 
        7.71264         5.07741        0.399864 
        7.72834         5.03856        0.397765 
        7.74407          5.0142        0.395677 
        7.75978         4.99342        0.393605 
        7.77546         4.96451        0.391553 
        7.79116          4.9358        0.389513 
         7.8069         4.90357        0.387483 
         7.8226         4.87537        0.385471 
        7.83828         4.85184        0.383476 
        7.85399         4.82297        0.381494 
        7.86972         4.79275        0.379521 
        7.88543         4.77338        0.377565 
        7.90111         4.73829        0.375627 
        7.91681         4.71544        0.373699 
        7.93255         4.69587        0.371781 
        7.94828          4.6662        0.369878 
        7.96397          4.6396        0.367991 
        7.97967         4.61094        0.366117 
        7.99538         4.58999        0.364256 
         8.0111         4.55905        0.362406 
         8.0268         4.52889        0.360571 
        8.04248         4.51644        0.358751 
         8.0582         4.48946         0.35694 
        8.07393         4.46454        0.355139 
        8.08963         4.44549        0.353354 
        8.10533         4.42303        0.351582 
        8.12104         4.39309        0.349821 
        8.13675         4.36658        0.348071 
        8.15245         4.34676        0.346335 
        8.16815         4.31928        0.344611 
        8.18387         4.29773        0.342897 
        8.19959         4.27617        0.341194 
         8.2153         4.25672        0.339503 
        8.23101          4.2351        0.337824 
        8.24672         4.20676        0.336157 
        8.26241         4.19058        0.334503 
         8.2781          4.1649         0.33286 
        8.29381          4.1447        0.331226 
        8.30952         4.12592        0.329603 
        8.32524         4.09966         0.32799 
        8.34095         4.08611        0.326388 
        8.35666         4.05299        0.324798 
        8.37237         4.03694        0.323218 
        8.38808         4.01812        0.321648 
        8.40379         3.99873         0.32009 
         8.4195          3.9763        0.318541 
         8.4352         3.95607        0.317003 
        8.45091         3.93476        0.315476 
        8.46662         3.91441        0.313957 
        8.48232         3.89712         0.31245 
        8.49802         3.87677        0.310953 
        8.51374          3.8598        0.309464 
        8.52945          3.8367        0.307985 
        8.54515         3.81655        0.306517 
        8.56086         3.79366        0.305057 
        8.57658         3.78614        0.303607 
        8.59228         3.75721        0.302167 
        8.60799         3.74143        0.300736 
        8.62371         3.71968        0.299314 
        8.63942         3.70222        0.297901 
        8.65512         3.68279        0.296498 
        8.67082         3.66829        0.295105 
        8.68653         3.65279        0.293719 
        8.70224         3.63022        0.292343 
        8.71795          3.6108        0.290975 
        8.73365         3.59017        0.289617 
        8.74936         3.57408        0.288267 
        8.76506         3.56074        0.286926 
        8.78076         3.54464        0.285594 
        8.79646         3.52775         0.28427 
        8.81218          3.5085        0.282954 
        8.82791         3.48926        0.281644 
         8.8436         3.47439        0.280345 
         8.8593         3.45767        0.279055 
        8.87503         3.43804         0.27777 
        8.89076         3.42002        0.276494 
        8.90644         3.40493        0.275229 
        8.92214         3.38531        0.273971 
        8.93786         3.37245        0.272719 
        8.95357         3.35896        0.271475 
        8.96928         3.34161         0.27024 
        8.98498         3.32562        0.269013 
        9.00069         3.31007        0.267793 
        9.01639         3.29599         0.26658 
        9.03208         3.28076        0.265376 
        9.04778         3.26568        0.264179 
        9.06351         3.24917        0.262988 
        9.07923         3.23359        0.261804 
        9.09493         3.22142        0.260629 
        9.11062         3.20473        0.259462 
        9.12635         3.19164          0.2583 
        9.14207         3.17448        0.257145 
        9.15777         3.16325        0.255998 
        9.17346         3.14612        0.254859 
        9.18917         3.13012        0.253726 
         9.2049         3.11724        0.252598 
        9.22061          3.1019        0.251479 
        9.23631          3.0876        0.250367 
        9.25201         3.07473        0.249262 
        9.26773         3.06048        0.248162 
        9.28343         3.04562         0.24707 
        9.29913          3.0296        0.245985 
        9.31484         3.01821        0.244905 
        9.33057         3.00471        0.243831 
        9.34627         2.99431        0.242764 
        9.36197         2.98235        0.241705 
        9.37768         2.96637        0.240651 
        9.39338         2.95412        0.239604 
        9.40909         2.93974        0.238563 
        9.42479          2.9284        0.237529 
         9.4405         2.91743          0.2365 
        9.45621         2.90357        0.235477 
        9.47193         2.88942        0.234461 
        9.48763          2.8791        0.233451 
        9.50334         2.86696        0.232446 
        9.51906          2.8536        0.231447 
        9.53476         2.84523        0.230455 
        9.55045         2.83198        0.229469 
        9.56616         2.81718        0.228488 
        9.58188         2.80434        0.227512 
        9.59759         2.79516        0.226542 
         9.6133         2.78056        0.225577 
        9.62901         2.76827        0.224618 
        9.64471         2.75823        0.223664 
        9.66041         2.74969        0.222716 
        9.67612         2.73568        0.221772 
        9.69184         2.72358        0.220833 
        9.70754         2.71641        0.219901 
        9.72324         2.70216        0.218975 
        9.73895         2.69099        0.218054 
        9.75467         2.68318        0.217138 
        9.77038         2.66873        0.216229 
        9.78607         2.65539        0.215327 
        9.80177         2.65011         0.21443 
        9.81749         2.63661        0.213539 
         9.8332         2.62617        0.212654 
         9.8489         2.61664        0.211776 
        9.86463         2.60481        0.210902 
        9.88035         2.59214        0.210032 
        9.89606         2.58672        0.209168 
        9.91175           2.575        0.208308 
        9.92745          2.5682         0.20745 
        9.94317         2.55598        0.206595 
        9.95888         2.54535        0.205741 
        9.97458         2.53424        0.204889 
        9.99029         2.52411        0.204038 
         10.006         2.51611        0.203513 
        10.0217           2.508        0.203513 
        10.0374         2.49736        0.203513 
        10.0531         2.48651        0.203513 
        10.0688         2.47635        0.203513 
        10.0845         2.47003        0.203513 
        10.1002         2.45743        0.203513 
        10.1159         2.45109        0.203513 
        10.1317         2.44373        0.203513 
        10.1474         2.43337        0.203513 
        10.1631         2.42288        0.203513 
        10.1788         2.41374        0.203513 
        10.1945         2.40313        0.203513 
        10.2102         2.39752        0.203513 
        10.2259         2.38705        0.203513 
        10.2416         2.37849        0.203513 
        10.2573         2.37413        0.203513 
         10.273         2.36415        0.203513 
        10.2887         2.35513        0.203513 
        10.3044         2.34664        0.203513 
        10.3201         2.33809        0.203513 
        10.3359         2.33006        0.203513 
        10.3516         2.32201        0.203513 
        10.3673         2.31489        0.203513 
         10.383          2.3066        0.203513 
        10.3987          2.2991        0.203513 
        10.4144         2.29148        0.203513 
        10.4301         2.28214        0.203513 
        10.4458         2.27567        0.203513 
        10.4615         2.26551        0.203513 
        10.4772         2.25974        0.203513 
        10.4929         2.25361        0.203513 
        10.5086         2.24461        0.203513 
        10.5244         2.23846        0.203513 
        10.5401         2.23026        0.203513 
        10.5558         2.22284        0.203513 
        10.5715         2.21688        0.203513 
        10.5872         2.21125        0.203513 
        10.6029          2.2037        0.203513 
        10.6186         2.19429        0.203513 
        10.6343         2.18764        0.203513 
          10.65         2.18438        0.203513 
        10.6657         2.17669        0.203513 
        10.6814         2.16888        0.203513 
        10.6971         2.16184        0.203513 
        10.7129         2.15681        0.203513 
        10.7286          2.1513        0.203513 
        10.7443         2.14713        0.203513 
          10.76         2.13709        0.203513 
        10.7757         2.13103        0.203513 
        10.7914         2.12446        0.203513 
        10.8071         2.12012        0.203513 
        10.8228         2.11617        0.203513 
        10.8385         2.10756        0.203513 
        10.8542         2.10099        0.203513 
        10.8699         2.09587        0.203513 
        10.8856          2.0914        0.203513 
        10.9014          2.0843        0.203513 
        10.9171         2.07767        0.203513 
        10.9328         2.07254        0.203513 
        10.9485         2.06639        0.203513 
        10.9642          2.0626        0.203513 
        10.9799         2.05541        0.203513 
        10.9956         2.05097        0.203513 
        11.0113         2.04819        0.203513 
         11.027         2.04181        0.203513 
        11.0427         2.03812        0.203513 
        11.0584         2.02986        0.203513 
        11.0741         2.02589        0.203513 
        11.0898         2.02034        0.203513 
        11.1055         2.01773        0.203513 
        11.1212         2.01077        0.203513 
         11.137         2.00751        0.203513 
        11.1527         2.00188        0.203513 
        11.1684         2.00013        0.203513 
        11.1841         1.99478        0.203513 
        11.1998         1.98857        0.203513 
        11.2155         1.98436        0.203513 
        11.2312         1.97986        0.203513 
        11.2469         1.97642        0.203513 
        11.2626         1.97152        0.203513 
        11.2783         1.96845        0.203513 
         11.294          1.9638        0.203513 
        11.3097         1.96035        0.203513 
        11.3254         1.95601        0.203513 
        11.3412         1.95241        0.203513 
        11.3569         1.94682        0.203513 
        11.3726         1.94483        0.203513 
        11.3883         1.94169        0.203513 
         11.404         1.93754        0.203513 
        11.4197         1.93392        0.203513 
        11.4354         1.93066        0.203513 
        11.4511         1.92712        0.203513 
        11.4668         1.92521        0.203513 
        11.4825         1.92018        0.203513 
        11.4982         1.91949        0.203513 
         11.514          1.9148        0.203513 
        11.5297         1.91149        0.203513 
        11.5454         1.90681        0.203513 
        11.5611         1.90627        0.203513 
        11.5768         1.90213        0.203513 
        11.5925         1.90132        0.203513 
        11.6082         1.89775        0.203513 
        11.6239         1.89653        0.203513 
        11.6396         1.89181        0.203513 
        11.6553          1.8907        0.203513 
         11.671         1.88842        0.203513 
        11.6867         1.88347        0.203513 
        11.7024         1.88276        0.203513 
        11.7182         1.88162        0.203513 
        11.7339         1.87872        0.203513 
        11.7496         1.87821        0.203513 
        11.7653         1.87386        0.203513 
         11.781         1.87356        0.203513 
        11.7967         1.87188        0.203513 
        11.8124         1.86989        0.203513 
        11.8281         1.86616        0.203513 
        11.8438         1.86663        0.203513 
        11.8595         1.86365        0.203513 
        11.8752         1.86259        0.203513 
         11.891         1.86035        0.203513 
        11.9067         1.85921        0.203513 
        11.9224         1.85854        0.203513 
        11.9381         1.85758        0.203513 
        11.9538         1.85661        0.203513 
        11.9695         1.85563        0.203513 
        11.9852         1.85508        0.203513 
        12.0009         1.85605        0.203513 
        12.0166         1.85354        0.203513 
        12.0323         1.85311        0.203513 
         12.048         1.85279        0.203513 
        12.0637         1.85024        0.203513 
