# k  (h/Mpc)    Pcb(k)  (Mpc/h)^3    Pcb_linear(k) (Mpc/h)^3   ShotnoiseSubtracted = true
      0.0200456         11748.3         11970.1 
      0.0350414         9069.43         9385.77 
      0.0492313         7311.75         7436.42 
      0.0637834         6138.86         6046.99 
      0.0800726         4665.95         4567.92 
       0.096163         3474.36         3592.96 
       0.111083         2897.18         3041.44 
       0.126058         2555.35          2528.3 
       0.142273         2145.61         2057.37 
       0.158546         1899.98         1752.64 
        0.17375         1553.48         1524.86 
       0.188953         1465.89         1310.91 
       0.204907         1368.05         1134.78 
       0.220756         1188.98         1002.97 
        0.23588         1054.82         890.853 
         0.2514         916.568         789.366 
       0.267535         896.007          703.98 
       0.283568         817.032         632.587 
       0.299022         766.033         571.244 
       0.314451         723.487         517.923 
       0.330372         667.594         470.918 
       0.346141          614.33         429.894 
       0.361624         588.301         394.006 
       0.377134         548.133         362.267 
       0.392932         525.106         333.666 
       0.408854         504.859         307.879 
       0.424564         478.875         285.037 
       0.440253         465.565         264.593 
       0.455999         439.729         246.107 
       0.471626         411.061         229.481 
        0.48727          400.51         214.371 
       0.502856         388.124         200.679 
       0.518488         383.954         188.148 
       0.534347         359.966         176.523 
       0.550082         341.362         165.961 
       0.565732         339.293         156.317 
       0.581496         320.473         147.378 
       0.597222         314.921         139.157 
       0.612804         304.319         131.632 
       0.628434         292.653         124.646 
       0.644267         283.771         118.088 
       0.660051         278.732         112.021 
       0.675724         274.714          106.42 
       0.691403         266.469         101.201 
       0.707174         255.844         96.3061 
       0.722871         253.309         91.7567 
        0.73838         248.462         87.5515 
       0.754018         241.492         83.5793 
       0.769845          233.53          79.811 
        0.78569         232.776         76.2721 
       0.801365         225.258         72.9831 
       0.817031         218.474         69.8906 
       0.832809         215.207         66.9581 
       0.848511         210.053         64.2074 
       0.864097         207.063         61.6306 
       0.879701         202.787         59.1932 
       0.895507         197.868         56.8592 
       0.911279          192.62         54.6564 
        0.92691         191.609          52.589 
       0.942635         187.488         50.6176 
       0.958396         186.502         48.7434 
       0.974128         181.564          46.968 
       0.989692         176.933          45.299 
        1.00528         174.334          43.709 
        1.02113         173.508         42.1708 
        1.03692         167.499         40.7127 
        1.05264         164.866         39.3306 
        1.06832         162.016         38.0151 
        1.08405         159.297         36.7566 
        1.09979         158.724         35.5545 
        1.11537         153.459         34.4184 
        1.13105         152.283         33.3254 
        1.14679         151.481         32.2758 
        1.16256         148.775         31.2696 
        1.17828         145.357         30.3097 
        1.19395         143.786         29.3936 
         1.2097         141.821         28.5108 
        1.22537         139.687         27.6686 
          1.241         137.311         26.8632 
        1.25666           134.8         26.0879 
        1.27241         133.022         25.3397 
        1.28819         131.086         24.6196 
        1.30392         129.696         23.9297 
        1.31957         127.604         23.2695 
        1.33529         124.834         22.6318 
        1.35108         123.765         22.0155 
        1.36674         122.589         21.4267 
         1.3824         119.904           20.86 
        1.39811         119.174          20.312 
        1.41389         117.023         19.7817 
        1.42964         114.964         19.2712 
        1.44531         112.412         18.7813 
        1.46101         111.644         18.3075 
        1.47667         110.272         17.8514 
        1.49229         108.644         17.4122 
        1.50793         107.663         16.9872 
        1.52367          106.41         16.5738 
        1.53953          104.26         16.1714 
        1.55526         103.072         15.7856 
        1.57092         101.932          15.414 
        1.58662         100.242         15.0535 
        1.60235         99.5612         14.7039 
        1.61809         97.7816         14.3652 
        1.63369         96.7547         14.0403 
        1.64941         95.8073         13.7231 
        1.66519         93.8233         13.4146 
        1.68085         92.9696         13.1177 
        1.69652         90.8315         12.8298 
        1.71228         90.8469          12.549 
        1.72806         89.2835         12.2763 
        1.74368         88.2608         12.0145 
        1.75933         87.0623         11.7598 
        1.77505         85.8549         11.5113 
        1.79081         84.6526         11.2696 
         1.8065          83.773         11.0358 
        1.82218         82.0504          10.809 
        1.83797         81.6388         10.5869 
        1.85367         80.4206         10.3723 
        1.86928         80.1323          10.165 
        1.88497         78.3386         9.96222 
        1.90073         77.5389         9.76424 
        1.91647         76.7894         9.57182 
        1.93218         75.6861           9.385 
        1.94787          74.811         9.20345 
        1.96363         73.3717           9.026 
        1.97935         73.1176         8.85359 
        1.99499         71.9992         8.68667 
        2.01064         71.2937         8.52382 
         2.0264         70.0205         8.36413 
        2.04216         69.0188         8.20861 
        2.05781         68.3266         8.05804 
        2.07353         67.3542         7.91071 
        2.08928         66.4324         7.76674 
        2.10499          65.964         7.62676 
        2.12065         65.2874         7.49064 
        2.13633         64.4621         7.35774 
        2.15211         63.7797         7.22721 
        2.16785         62.9249         7.10021 
        2.18349         62.4088         6.97707 
        2.19916         61.4324         6.85659 
        2.21489         61.0099         6.73856 
        2.23063         60.2521         6.62323 
         2.2463         59.5218         6.51112 
        2.26194         58.6269          6.4019 
        2.27765         58.1388         6.29462 
        2.29341         57.4585         6.18952 
        2.30914         56.5374         6.08704 
        2.32486         55.7741         5.98694 
        2.34061         55.2172         5.88893 
        2.35635         54.8813          5.7932 
        2.37203         53.8237         5.69993 
        2.38768         53.4082         5.60892 
        2.40339         52.6246         5.51956 
        2.41914         52.3839         5.43194 
        2.43483         51.9635         5.34654 
         2.4505         51.3074         5.26312 
        2.46622         50.6786         5.18119 
        2.48195           50.05           5.101 
        2.49759         49.3214         5.02294 
        2.51328         48.8591         4.94631 
        2.52906         48.3398          4.8708 
        2.54479         47.8454         4.79714 
        2.56049         47.1326         4.72516 
        2.57618          46.699         4.65471 
        2.59189         46.2665          4.5856 
        2.60758         45.7548         4.51799 
        2.62325          45.191         4.45184 
        2.63898         44.7643         4.38678 
        2.65468         44.1248         4.32315 
        2.67044         43.6241         4.26052 
        2.68618         43.3201         4.19928 
        2.70184         42.7282         4.13948 
        2.71755         42.5098          4.0807 
        2.73329         41.6845         4.02297 
        2.74897           41.32         3.96655 
        2.76462         40.8447         3.91133 
        2.78034         40.5376         3.85694 
        2.79607         40.0258         3.80352 
        2.81179         39.6196         3.75118 
        2.82749          38.972         3.69989 
        2.84321         38.7788         3.64949 
        2.85893         38.3167         3.60005 
        2.87462         37.7842         3.55161 
        2.89033         37.4776         3.50402 
        2.90605         37.0326         3.45726 
        2.92176           36.81         3.41138 
        2.93747         36.2947         3.36635 
        2.95318         35.9346         3.32213 
        2.96891         35.3655         3.27868 
        2.98456         35.2255          3.2362 
        3.00023         34.7513         3.19441 
        3.01596         34.3776         3.15323 
        3.03164         34.1134         3.11289 
        3.04738         33.7515         3.07315 
         3.0631         33.2996         3.03411 
        3.07883         32.9765         2.99574 
        3.09456         32.6104         2.95805 
        3.11026         32.3569         2.92106 
        3.12596         31.9919         2.88471 
        3.14163         31.6111         2.84906 
        3.15734         31.4005         2.81393 
        3.17308         31.0058         2.77931 
        3.18879         30.6451         2.74537 
        3.20447         30.3555         2.71204 
         3.2202         30.0149         2.67916 
         3.2359         29.7824         2.64689 
        3.25157         29.5353         2.61522 
        3.26729         29.2517         2.58398 
        3.28304         28.9634         2.55319 
        3.29877         28.5344         2.52294 
        3.31446          28.352         2.49324 
        3.33014         28.1024         2.46405 
        3.34585         27.8309         2.43528 
        3.36158         27.4196         2.40693 
        3.37727         27.2411         2.37912 
        3.39294         26.9761         2.35177 
        3.40867         26.6955         2.32475 
        3.42439         26.3574         2.29818 
        3.44008         26.1659         2.27207 
        3.45578         25.9078         2.24635 
        3.47153         25.6622         2.22096 
        3.48724         25.3219         2.19602 
        3.50292         25.1601         2.17152 
        3.51859         24.8269          2.1474 
        3.53431         24.6697         2.12357 
        3.55007         24.4524         2.10005 
        3.56577         24.1712         2.07698 
        3.58146         24.0454         2.05426 
        3.59719         23.7159         2.03183 
        3.61292         23.4764         2.00974 
        3.62859         23.2799         1.98807 
        3.64429         23.0999         1.96667 
        3.66003         22.8849         1.94552 
        3.67578         22.6292         1.92469 
        3.69146         22.4155         1.90424 
        3.70712         22.1819         1.88413 
        3.72284         22.0283         1.86424 
        3.73853         21.7946         1.84466 
        3.75422         21.6006         1.82536 
        3.76993         21.4211         1.80632 
        3.78564         21.1695         1.78756 
        3.80137         21.0094         1.76903 
        3.81707         20.8223         1.75081 
        3.83279         20.5295         1.73283 
        3.84853         20.3855         1.71507 
        3.86424         20.2108         1.69759 
        3.87992         20.0463         1.68038 
        3.89561          19.851         1.66342 
        3.91134         19.6957         1.64665 
        3.92704         19.4833         1.63013 
        3.94273         19.2962         1.61385 
        3.95845          19.142         1.59777 
        3.97418          18.976          1.5819 
        3.98988         18.7621         1.56627 
        4.00554         18.6091          1.5509 
        4.02125         18.4531         1.53568 
        4.03698         18.2316         1.52065 
        4.05268         18.1064         1.50585 
        4.06839         17.9521         1.49124 
         4.0841         17.8547         1.47682 
        4.09983         17.6365         1.46258 
        4.11555         17.4452         1.44853 
        4.13124         17.3091          1.4347 
        4.14693         17.0984         1.42104 
        4.16266         16.9892         1.40753 
        4.17839         16.8393          1.3942 
        4.19408         16.7067         1.38108 
        4.20977         16.5395         1.36811 
        4.22551         16.4204         1.35529 
        4.24123         16.2875         1.34264 
        4.25691         16.1262         1.33018 
        4.27259         15.9661         1.31788 
        4.28831         15.8078         1.30571 
        4.30404         15.6852         1.29369 
        4.31974         15.5598         1.28184 
        4.33543         15.3999         1.27014 
        4.35116         15.2959         1.25857 
        4.36688         15.1707         1.24714 
        4.38255         15.0636         1.23589 
        4.39825         14.9195         1.22477 
        4.41398         14.7916         1.21375 
         4.4297          14.664         1.20288 
        4.44541         14.5487         1.19215 
        4.46111         14.4054         1.18156 
        4.47683         14.3092         1.17109 
        4.49251         14.1847         1.16076 
        4.50819         14.0548         1.15056 
         4.5239          13.939         1.14048 
        4.53962         13.8207         1.13049 
        4.55535         13.7121         1.12063 
        4.57106         13.5969         1.11089 
        4.58678          13.477         1.10127 
         4.6025         13.3604         1.09176 
        4.61821         13.2507         1.08237 
        4.63391         13.1681          1.0731 
         4.6496         13.0229         1.06394 
        4.66532         12.9126         1.05487 
        4.68103         12.8394         1.04591 
        4.69673         12.7566         1.03706 
        4.71241         12.6172         1.02833 
        4.72811         12.5206         1.01968 
        4.74384          12.413         1.01112 
        4.75955         12.3233         1.00267 
        4.77525          12.228        0.994326 
        4.79096         12.1385        0.986064 
        4.80669         12.0369        0.977891 
         4.8224         11.9225         0.96982 
        4.83809         11.8544        0.961849 
        4.85379         11.7324        0.953962 
         4.8695         11.6616        0.946158 
        4.88521         11.5487        0.938444 
        4.90093         11.4657        0.930815 
        4.91663         11.4012        0.923277 
        4.93234         11.2856        0.915815 
        4.94807         11.1689         0.90843 
        4.96377         11.1099        0.901141 
        4.97943         11.0397        0.893946 
        4.99514         10.9244        0.886812 
        5.01086         10.8405        0.879751 
        5.02654         10.7716        0.872784 
        5.04227         10.6814        0.865872 
          5.058         10.5933        0.859031 
        5.07371         10.5244        0.852278 
        5.08942         10.4385        0.845596 
        5.10513         10.3333        0.838986 
        5.12084         10.2634        0.832443 
        5.13656         10.2232        0.825971 
        5.15225         10.1368        0.819578 
        5.16796         10.0356        0.813243 
        5.18369         9.96562        0.806969 
         5.1994         9.88379        0.800773 
        5.21509         9.79829        0.794647 
        5.23079         9.74454        0.788578 
        5.24649         9.69008        0.782577 
        5.26217         9.58644        0.776643 
        5.27788         9.51449        0.770762 
        5.29359         9.46804         0.76494 
        5.30933         9.40074        0.759171 
        5.32504         9.31037         0.75347 
        5.34073         9.24838        0.747834 
        5.35646         9.15864        0.742245 
        5.37218         9.10567        0.736712 
        5.38789         9.03266        0.731244 
        5.40357         8.98234        0.725837 
        5.41929         8.91138        0.720474 
        5.43502         8.85788        0.715164 
         5.4507         8.76968         0.70992 
        5.46639          8.7054        0.704728 
        5.48212         8.65595        0.699575 
        5.49786         8.59009        0.694468 
        5.51353          8.5292        0.689437 
        5.52921          8.4673        0.684451 
        5.54495         8.41548          0.6795 
        5.56066          8.3228        0.674603 
        5.57637         8.27421        0.669755 
        5.59207         8.20994        0.664959 
        5.60778         8.15513        0.660208 
        5.62346         8.10537         0.65551 
        5.63916         8.05106        0.650853 
        5.65487         7.99159        0.646239 
         5.6706         7.93142        0.641664 
        5.68633         7.87314        0.637132 
        5.70203         7.82247        0.632653 
        5.71773         7.75823        0.628218 
        5.73344         7.70126        0.623823 
        5.74916         7.64939        0.619466 
        5.76486         7.60457        0.615156 
        5.78054         7.54804        0.610894 
        5.79626         7.50109        0.606661 
          5.812         7.43598        0.602463 
         5.8277         7.37372        0.598318 
        5.84339         7.33878        0.594211 
        5.85911         7.29474        0.590135 
        5.87484         7.24313        0.586098 
        5.89053         7.19546        0.582106 
        5.90623         7.13052         0.57815 
        5.92195         7.10652        0.574224 
        5.93767         7.04492        0.570337 
        5.95336         6.98542        0.566491 
        5.96905         6.95046        0.562683 
        5.98476         6.88823        0.558905 
        6.00048          6.8543        0.555159 
        6.01617         6.81326        0.551453 
        6.03185         6.75522        0.547786 
        6.04756          6.7166        0.544143 
        6.06331         6.67119        0.540525 
        6.07903          6.6199        0.536948 
        6.09473         6.58844        0.533406 
        6.11044          6.5332        0.529894 
        6.12616         6.50049        0.526413 
        6.14186         6.45247        0.522967 
        6.15755         6.40201        0.519552 
        6.17326         6.35691        0.516165 
        6.18898         6.32538        0.512807 
        6.20467         6.28914        0.509484 
        6.22036         6.24183        0.506191 
         6.2361         6.20428        0.502918 
         6.2518         6.15088         0.49968 
        6.26748         6.12247        0.496477 
        6.28319         6.07181        0.493293 
        6.29893         6.03509        0.490135 
        6.31463         6.00729        0.487009 
        6.33033         5.95738        0.483912 
        6.34604         5.91805         0.48084 
        6.36177         5.88834        0.477791 
        6.37747         5.85089        0.474774 
        6.39316         5.80607        0.471785 
        6.40888         5.76823        0.468816 
         6.4246          5.7346        0.465873 
        6.44031         5.69963        0.462956 
        6.45601         5.66568        0.460068 
        6.47172          5.6186        0.457201 
        6.48744         5.58793        0.454357 
        6.50313         5.55812        0.451542 
        6.51882         5.51871        0.448753 
        6.53452          5.4808        0.445983 
        6.55025         5.44341        0.443233 
        6.56597         5.41503        0.440509 
        6.58166         5.37129        0.437812 
        6.59736         5.34376        0.435136 
        6.61307         5.31234        0.432479 
         6.6288         5.28069        0.429844 
         6.6445         5.22985        0.427233 
         6.6602         5.20659        0.424645 
        6.67592         5.18232        0.422076 
        6.69164         5.14927        0.419528 
        6.70735         5.11711        0.417002 
        6.72304         5.08005          0.4145 
        6.73874         5.05184        0.412017 
        6.75446         5.02438        0.409552 
        6.77016           4.999        0.407111 
        6.78585         4.96079        0.404689 
        6.80156         4.93153        0.402286 
        6.81729         4.90773        0.399899 
        6.83301         4.87554        0.397531 
         6.8487         4.83676        0.395188 
         6.8644         4.81287        0.392862 
        6.88012         4.78425        0.390553 
        6.89583         4.74931        0.388264 
        6.91151         4.72948        0.385997 
        6.92723         4.70332        0.383742 
        6.94296         4.67867        0.381505 
        6.95866         4.63979        0.379289 
        6.97436         4.61938        0.377091 
        6.99007         4.58734        0.374909 
        7.00578         4.56168        0.372745 
        7.02147         4.53098        0.370599 
        7.03718         4.50246        0.368469 
         7.0529         4.48029        0.366354 
        7.06863         4.45864        0.364254 
        7.08433         4.42489        0.362173 
        7.10004         4.40004         0.36011 
        7.11575         4.36869        0.358062 
        7.13145         4.35456         0.35603 
        7.14715         4.33361        0.354014 
        7.16284         4.29914        0.352017 
        7.17855         4.27062         0.35003 
        7.19428         4.25121        0.348057 
        7.20998         4.23104        0.346104 
        7.22568         4.20383        0.344165 
        7.24139         4.18019         0.34224 
        7.25711         4.16431        0.340329 
        7.27282         4.13598        0.338433 
        7.28852         4.11146        0.336553 
        7.30423          4.0863        0.334686 
        7.31995         4.06221        0.332833 
        7.33565         4.03418        0.330995 
        7.35135         4.01416         0.32917 
        7.36706         3.99595         0.32736 
        7.38277         3.97178        0.325562 
        7.39847         3.95168        0.323779 
        7.41419         3.92439        0.322008 
         7.4299         3.90404        0.320251 
        7.44561         3.88363        0.318507 
        7.46132          3.8575        0.316776 
        7.47701         3.83899         0.31506 
        7.49272         3.81683        0.313354 
        7.50842         3.79859        0.311662 
         7.5241         3.77741        0.309985 
        7.53981         3.75936        0.308317 
        7.55552         3.73749        0.306662 
        7.57125         3.71571        0.305016 
        7.58698         3.70023        0.303383 
        7.60268         3.67314        0.301764 
         7.6184         3.66097        0.300156 
        7.63411         3.63964         0.29856 
        7.64981         3.61421        0.296977 
        7.66552         3.59407        0.295405 
        7.68123         3.57347        0.293843 
        7.69695         3.56285        0.292292 
        7.71264         3.54553        0.290755 
        7.72834         3.51922        0.289228 
        7.74407         3.50255         0.28771 
        7.75978         3.47856        0.286203 
        7.77546         3.46547        0.284711 
        7.79116         3.44478        0.283228 
         7.8069         3.42821        0.281752 
         7.8226         3.41166        0.280289 
        7.83828         3.39829        0.278839 
        7.85399         3.36897        0.277397 
        7.86972         3.35425        0.275962 
        7.88543         3.33873         0.27454 
        7.90111         3.31915        0.273131 
        7.91681         3.30741        0.271729 
        7.93255         3.28983        0.270335 
        7.94828         3.27059        0.268951 
        7.96397         3.25287        0.267579 
        7.97967         3.23734        0.266216 
        7.99538         3.21655        0.264863 
         8.0111         3.20668        0.263518 
         8.0268         3.19052        0.262183 
        8.04248         3.17089         0.26086 
         8.0582         3.15555        0.259543 
        8.07393         3.14083        0.258234 
        8.08963         3.11865        0.256936 
        8.10533         3.10372        0.255647 
        8.12104         3.09308        0.254367 
        8.13675         3.07466        0.253095 
        8.15245         3.06272        0.251832 
        8.16815         3.04314        0.250579 
        8.18387         3.02815        0.249332 
        8.19959         3.01441        0.248093 
         8.2153         3.00256        0.246864 
        8.23101         2.98365        0.245644 
        8.24672          2.9674        0.244431 
        8.26241         2.95518        0.243229 
         8.2781         2.93771        0.242034 
        8.29381         2.92655        0.240846 
        8.30952         2.91367        0.239666 
        8.32524         2.90112        0.238493 
        8.34095         2.88326        0.237328 
        8.35666         2.87076        0.236172 
        8.37237         2.85785        0.235023 
        8.38808         2.84389        0.233881 
        8.40379         2.83033        0.232748 
         8.4195         2.81632        0.231622 
         8.4352         2.79783        0.230504 
        8.45091         2.78633        0.229393 
        8.46662         2.77166        0.228289 
        8.48232         2.76348        0.227193 
        8.49802         2.74825        0.226104 
        8.51374         2.73256        0.225022 
        8.52945         2.72615        0.223946 
        8.54515         2.70979        0.222879 
        8.56086         2.69877        0.221817 
        8.57658         2.68855        0.220763 
        8.59228         2.67266        0.219716 
        8.60799         2.65839        0.218675 
        8.62371         2.65067        0.217641 
        8.63942         2.63567        0.216614 
        8.65512         2.62647        0.215594 
        8.67082         2.61083        0.214581 
        8.68653         2.60011        0.213573 
        8.70224         2.58858        0.212572 
        8.71795         2.57641        0.211578 
        8.73365         2.56247         0.21059 
        8.74936         2.55037        0.209609 
        8.76506         2.54311        0.208634 
        8.78076         2.52973        0.207665 
        8.79646         2.51728        0.206702 
        8.81218         2.50739        0.205745 
        8.82791         2.49468        0.204793 
         8.8436         2.48418        0.203849 
         8.8593         2.47677        0.202911 
        8.87503         2.46438        0.201976 
        8.89076         2.45217        0.201048 
        8.90644         2.44257        0.200128 
        8.92214         2.43037        0.199214 
        8.93786         2.42006        0.198303 
        8.95357         2.40992        0.197399 
        8.96928         2.39965        0.196501 
        8.98498         2.38928        0.195608 
        9.00069         2.37902        0.194721 
        9.01639         2.36706        0.193839 
        9.03208         2.36195        0.192964 
        9.04778         2.34629        0.192094 
        9.06351         2.34046        0.191227 
        9.07923         2.32796        0.190367 
        9.09493         2.31957        0.189512 
        9.11062         2.31018        0.188663 
        9.12635         2.29939        0.187818 
        9.14207         2.28753        0.186979 
        9.15777         2.27925        0.186145 
        9.17346          2.2676        0.185317 
        9.18917         2.26216        0.184493 
         9.2049         2.24987        0.183673 
        9.22061         2.24103        0.182859 
        9.23631         2.23181         0.18205 
        9.25201         2.22542        0.181247 
        9.26773         2.21635        0.180447 
        9.28343         2.20584        0.179653 
        9.29913         2.19637        0.178864 
        9.31484         2.18385        0.178079 
        9.33057         2.18244        0.177298 
        9.34627         2.17041        0.176522 
        9.36197         2.16605        0.175752 
        9.37768           2.154        0.174986 
        9.39338         2.14664        0.174224 
        9.40909         2.13435        0.173467 
        9.42479         2.12754        0.172715 
         9.4405         2.11912        0.171967 
        9.45621         2.11154        0.171223 
        9.47193         2.10295        0.170484 
        9.48763         2.09512         0.16975 
        9.50334         2.08553        0.169019 
        9.51906         2.08123        0.168293 
        9.53476         2.07088        0.167572 
        9.55045         2.06285        0.166855 
        9.56616          2.0574        0.166142 
        9.58188         2.04658        0.165432 
        9.59759         2.03946        0.164726 
         9.6133         2.02812        0.164025 
        9.62901         2.02371        0.163327 
        9.64471         2.01623        0.162634 
        9.66041         2.00737        0.161944 
        9.67612         1.99881        0.161258 
        9.69184         1.99563        0.160575 
        9.70754          1.9881        0.159898 
        9.72324         1.98087        0.159224 
        9.73895         1.97315        0.158554 
        9.75467         1.96552        0.157888 
        9.77038          1.9585        0.157227 
        9.78607         1.95355        0.156571 
        9.80177         1.94518        0.155919 
        9.81749         1.93745        0.155271 
         9.8332         1.93054        0.154628 
         9.8489         1.92496        0.153989 
        9.86463         1.91922        0.153354 
        9.88035         1.91243        0.152721 
        9.89606         1.90303        0.152093 
        9.91175         1.89726        0.151468 
        9.92745         1.89216        0.150844 
        9.94317         1.88548        0.150222 
        9.95888           1.878        0.149601 
        9.97458         1.87192        0.148982 
        9.99029         1.86565        0.148363 
         10.006         1.85776        0.147981 
        10.0217         1.85226        0.147981 
        10.0374         1.84596        0.147981 
        10.0531         1.83979        0.147981 
        10.0688         1.83479        0.147981 
        10.0845          1.8264        0.147981 
        10.1002         1.82451        0.147981 
        10.1159         1.81694        0.147981 
        10.1317         1.81141        0.147981 
        10.1474         1.80504        0.147981 
        10.1631         1.79974        0.147981 
        10.1788         1.79449        0.147981 
        10.1945         1.78658        0.147981 
        10.2102         1.78132        0.147981 
        10.2259         1.77665        0.147981 
        10.2416          1.7705        0.147981 
        10.2573         1.76589        0.147981 
         10.273         1.75955        0.147981 
        10.2887         1.75416        0.147981 
        10.3044         1.75075        0.147981 
        10.3201         1.74549        0.147981 
        10.3359         1.73974        0.147981 
        10.3516         1.73473        0.147981 
        10.3673         1.72908        0.147981 
         10.383         1.72508        0.147981 
        10.3987         1.71901        0.147981 
        10.4144         1.71517        0.147981 
        10.4301         1.70937        0.147981 
        10.4458          1.7055        0.147981 
        10.4615         1.69853        0.147981 
        10.4772         1.69646        0.147981 
        10.4929         1.68969        0.147981 
        10.5086         1.68499        0.147981 
        10.5244         1.68051        0.147981 
        10.5401         1.67537        0.147981 
        10.5558         1.67193        0.147981 
        10.5715          1.6662        0.147981 
        10.5872         1.66372        0.147981 
        10.6029         1.65903        0.147981 
        10.6186         1.65428        0.147981 
        10.6343         1.64934        0.147981 
          10.65         1.64432        0.147981 
        10.6657         1.64148        0.147981 
        10.6814         1.63718        0.147981 
        10.6971         1.63208        0.147981 
        10.7129         1.62781        0.147981 
        10.7286         1.62376        0.147981 
        10.7443         1.62142        0.147981 
          10.76         1.61706        0.147981 
        10.7757          1.6123        0.147981 
        10.7914         1.60858        0.147981 
        10.8071         1.60619        0.147981 
        10.8228         1.60025        0.147981 
        10.8385         1.59743        0.147981 
        10.8542         1.59288        0.147981 
        10.8699         1.59176        0.147981 
        10.8856          1.5865        0.147981 
        10.9014         1.58396        0.147981 
        10.9171         1.58032        0.147981 
        10.9328         1.57729        0.147981 
        10.9485         1.57371        0.147981 
        10.9642         1.57141        0.147981 
        10.9799         1.56774        0.147981 
        10.9956         1.56437        0.147981 
        11.0113         1.56072        0.147981 
         11.027         1.55702        0.147981 
        11.0427         1.55497        0.147981 
        11.0584         1.55268        0.147981 
        11.0741          1.5487        0.147981 
        11.0898         1.54691        0.147981 
        11.1055         1.54251        0.147981 
        11.1212         1.54231        0.147981 
         11.137         1.53765        0.147981 
        11.1527         1.53409        0.147981 
        11.1684         1.53179        0.147981 
        11.1841         1.53189        0.147981 
        11.1998         1.52781        0.147981 
        11.2155         1.52456        0.147981 
        11.2312         1.52236        0.147981 
        11.2469         1.51858        0.147981 
        11.2626         1.51823        0.147981 
        11.2783         1.51432        0.147981 
         11.294         1.51118        0.147981 
        11.3097          1.5112        0.147981 
        11.3254          1.5077        0.147981 
        11.3412          1.5056        0.147981 
        11.3569         1.50313        0.147981 
        11.3726         1.50139        0.147981 
        11.3883         1.49888        0.147981 
         11.404         1.49857        0.147981 
        11.4197          1.4956        0.147981 
        11.4354         1.49383        0.147981 
        11.4511         1.49209        0.147981 
        11.4668          1.4898        0.147981 
        11.4825          1.4877        0.147981 
        11.4982         1.48636        0.147981 
         11.514         1.48539        0.147981 
        11.5297         1.48353        0.147981 
        11.5454         1.48189        0.147981 
        11.5611         1.47875        0.147981 
        11.5768         1.47874        0.147981 
        11.5925          1.4788        0.147981 
        11.6082         1.47506        0.147981 
        11.6239         1.47433        0.147981 
        11.6396         1.47479        0.147981 
        11.6553         1.47352        0.147981 
         11.671         1.47198        0.147981 
        11.6867         1.47016        0.147981 
        11.7024         1.46999        0.147981 
        11.7182          1.4686        0.147981 
        11.7339         1.46722        0.147981 
        11.7496         1.46698        0.147981 
        11.7653         1.46419        0.147981 
         11.781         1.46441        0.147981 
        11.7967         1.46473        0.147981 
        11.8124         1.46399        0.147981 
        11.8281         1.46227        0.147981 
        11.8438         1.46145        0.147981 
        11.8595         1.46143        0.147981 
        11.8752         1.46013        0.147981 
         11.891         1.46072        0.147981 
        11.9067         1.46079        0.147981 
        11.9224         1.46036        0.147981 
        11.9381         1.46154        0.147981 
        11.9538         1.45983        0.147981 
        11.9695         1.45985        0.147981 
        11.9852         1.46049        0.147981 
        12.0009         1.45882        0.147981 
        12.0166         1.45985        0.147981 
        12.0323         1.45992        0.147981 
         12.048         1.46063        0.147981 
        12.0637         1.45911        0.147981 
