# k  (h/Mpc)    Pcb(k)  (Mpc/h)^3    Pcb_linear(k) (Mpc/h)^3   ShotnoiseSubtracted = true
      0.0200456         18967.7         19395.9 
      0.0350414         14509.3         15208.3 
      0.0492313         11717.2         12049.7 
      0.0637834         9925.05          9798.3 
      0.0800726         7538.56         7401.68 
       0.096163         5555.44         5821.89 
       0.111083         4648.47         4928.22 
       0.126058          4122.4         4096.76 
       0.142273         3481.14         3333.68 
       0.158546         3165.26         2839.91 
        0.17375         2571.04         2470.82 
       0.188953         2468.89         2124.15 
       0.204907         2311.51         1838.75 
       0.220756         2028.67         1625.17 
        0.23588          1813.4          1443.5 
         0.2514         1579.34         1279.06 
       0.267535         1578.47          1140.7 
       0.283568         1434.91         1025.02 
       0.299022         1357.59         925.621 
       0.314451         1294.96         839.222 
       0.330372         1191.39         763.057 
       0.346141         1141.65         696.582 
       0.361624         1094.59         638.431 
       0.377134         1019.18         587.003 
       0.392932         983.879          540.66 
       0.408854         960.626         498.874 
       0.424564         893.895         461.863 
       0.440253         877.083         428.735 
       0.455999         847.284         398.781 
       0.471626         811.315         371.841 
        0.48727         781.643         347.358 
       0.502856         759.896         325.172 
       0.518488         750.894         304.867 
       0.534347         704.544         286.031 
       0.550082         686.442         268.917 
       0.565732         684.901         253.289 
       0.581496         646.151         238.805 
       0.597222         635.784         225.484 
       0.612804         622.597         213.292 
       0.628434         604.313         201.972 
       0.644267         588.301         191.345 
       0.660051         569.297         181.514 
       0.675724         566.003         172.439 
       0.691403         546.196         163.982 
       0.707174         529.016          156.05 
       0.722871         523.526         148.679 
        0.73838         513.255         141.865 
       0.754018         501.482         135.428 
       0.769845         491.196         129.322 
        0.78569         482.618         123.588 
       0.801365         470.105         118.259 
       0.817031         457.569         113.248 
       0.832809         453.766         108.496 
       0.848511          443.14         104.039 
       0.864097         430.144         99.8638 
       0.879701         424.812         95.9142 
       0.895507         421.544         92.1324 
       0.911279         408.922         88.5631 
        0.92691         403.138         85.2131 
       0.942635         393.445         82.0186 
       0.958396         382.408         78.9818 
       0.974128         377.511         76.1051 
       0.989692         372.844         73.4006 
        1.00528         364.026         70.8243 
        1.02113         362.098         68.3318 
        1.03692          351.26         65.9692 
        1.05264         348.813         63.7297 
        1.06832         339.409         61.5981 
        1.08405         334.719         59.5588 
        1.09979          329.68         57.6111 
        1.11537         323.008         55.7702 
        1.13105         316.795         53.9991 
        1.14679         311.488         52.2984 
        1.16256         303.249          50.668 
        1.17828         303.146         49.1127 
        1.19395         295.801         47.6282 
         1.2097         292.008         46.1977 
        1.22537         284.608         44.8331 
          1.241         283.487          43.528 
        1.25666         276.622         42.2717 
        1.27241         273.561         41.0593 
        1.28819         268.995         39.8926 
        1.30392         262.782         38.7748 
        1.31957         261.786         37.7049 
        1.33529         256.576         36.6716 
        1.35108         251.054         35.6731 
        1.36674         247.442          34.719 
         1.3824         245.839         33.8007 
        1.39811          241.88         32.9128 
        1.41389         239.385         32.0534 
        1.42964          235.86         31.2263 
        1.44531         231.814         30.4325 
        1.46101         228.575         29.6647 
        1.47667         225.006         28.9257 
        1.49229         222.328         28.2139 
        1.50793         217.898         27.5254 
        1.52367         215.377         26.8555 
        1.53953         211.944         26.2034 
        1.55526         207.138         25.5783 
        1.57092         206.476         24.9762 
        1.58662         203.325         24.3921 
        1.60235         199.848         23.8256 
        1.61809         197.454         23.2769 
        1.63369         194.548         22.7503 
        1.64941         190.791         22.2363 
        1.66519         189.044         21.7364 
        1.68085         186.736         21.2555 
        1.69652         183.248         20.7889 
        1.71228         179.703         20.3338 
        1.72806         178.059          19.892 
        1.74368         175.166         19.4678 
        1.75933         172.612         19.0551 
        1.77505         171.257         18.6524 
        1.79081          169.24         18.2608 
         1.8065         166.257          17.882 
        1.82218         163.739         17.5144 
        1.83797         162.465         17.1546 
        1.85367         159.673         16.8069 
        1.86928         156.947          16.471 
        1.88497         154.979         16.1424 
        1.90073         153.709         15.8216 
        1.91647         151.749         15.5098 
        1.93218          149.57         15.2071 
        1.94787         146.881         14.9129 
        1.96363         144.442         14.6254 
        1.97935         143.825          14.346 
        1.99499         141.136         14.0755 
        2.01064         139.977         13.8117 
         2.0264         137.906         13.5529 
        2.04216         136.043         13.3009 
        2.05781         134.494         13.0569 
        2.07353         132.665         12.8182 
        2.08928         130.645         12.5849 
        2.10499         128.779         12.3581 
        2.12065         127.104         12.1375 
        2.13633         126.413         11.9222 
        2.15211         123.699         11.7107 
        2.16785         122.028         11.5049 
        2.18349         121.011         11.3054 
        2.19916         119.253         11.1101 
        2.21489         118.128         10.9189 
        2.23063         115.979          10.732 
         2.2463         114.306         10.5504 
        2.26194         112.908         10.3734 
        2.27765          112.02         10.1995 
        2.29341         110.473         10.0292 
        2.30914         109.419         9.86319 
        2.32486         107.779         9.70099 
        2.34061         106.352         9.54218 
        2.35635         105.002         9.38707 
        2.37203         103.998         9.23594 
        2.38768         102.293         9.08846 
        2.40339         101.535         8.94367 
        2.41914          100.28          8.8017 
        2.43483         98.9646         8.66331 
         2.4505         97.9786         8.52814 
        2.46622         96.6554         8.39539 
        2.48195         95.4909         8.26545 
        2.49759         94.2579         8.13897 
        2.51328         93.3773          8.0148 
        2.52906         91.9055         7.89244 
        2.54479         91.0417          7.7731 
        2.56049          90.026         7.65645 
        2.57618          88.841          7.5423 
        2.59189         87.9546         7.43031 
        2.60758         86.8933         7.32078 
        2.62325         85.5427         7.21358 
        2.63898         84.3475         7.10816 
        2.65468          83.962         7.00506 
        2.67044          82.622         6.90358 
        2.68618         81.6282         6.80434 
        2.70184         81.1751         6.70744 
        2.71755         80.2441          6.6122 
        2.73329         79.0167         6.51866 
        2.74897         78.1975         6.42723 
        2.76462         77.1148         6.33776 
        2.78034         76.5645         6.24963 
        2.79607         75.2075         6.16308 
        2.81179         74.4751         6.07826 
        2.82749         73.5998         5.99515 
        2.84321         73.0931         5.91349 
        2.85893         72.0944         5.83338 
        2.87462         71.1474         5.75489 
        2.89033         70.3173         5.67777 
        2.90605         69.5233           5.602 
        2.92176         68.7643         5.52766 
        2.93747         68.1226          5.4547 
        2.95318         67.1467         5.38304 
        2.96891         66.6629         5.31264 
        2.98456         65.9216          5.2438 
        3.00023         65.1648         5.17609 
        3.01596         64.4274         5.10937 
        3.03164         63.7541         5.04401 
        3.04738         63.1569          4.9796 
         3.0631         62.3981         4.91634 
        3.07883         61.7151         4.85418 
        3.09456         61.1775          4.7931 
        3.11026         60.3317         4.73317 
        3.12596         59.6098         4.67426 
        3.14163         58.9869          4.6165 
        3.15734         58.4216         4.55958 
        3.17308         57.8912         4.50348 
        3.18879         57.2016         4.44848 
        3.20447         56.4676         4.39448 
         3.2202         56.1571         4.34121 
         3.2359         55.2629         4.28891 
        3.25157         54.8645          4.2376 
        3.26729         54.3735         4.18698 
        3.28304         53.8185         4.13708 
        3.29877         53.0452         4.08806 
        3.31446           52.62         4.03994 
        3.33014         52.1707         3.99264 
        3.34585          51.375         3.94603 
        3.36158         51.0645         3.90009 
        3.37727         50.5661         3.85502 
        3.39294         49.9615         3.81071 
        3.40867         49.6328         3.76694 
        3.42439         49.0253         3.72387 
        3.44008         48.5531         3.68157 
        3.45578          47.908         3.63989 
        3.47153         47.5725         3.59876 
        3.48724         47.0143         3.55834 
        3.50292         46.7343         3.51864 
        3.51859         46.2632         3.47956 
        3.53431         45.7429         3.44095 
        3.55007         45.1869         3.40284 
        3.56577           45.04         3.36545 
        3.58146          44.405         3.32864 
        3.59719         43.8989         3.29229 
        3.61292         43.4437          3.2565 
        3.62859         43.0028         3.22138 
        3.64429          42.756         3.18671 
        3.66003           42.19         3.15244 
        3.67578         41.7584         3.11869 
        3.69146         41.4365         3.08556 
        3.70712         40.9631         3.05297 
        3.72284         40.4807         3.02073 
        3.73853         40.2036         2.98901 
        3.75422         39.7367         2.95774 
        3.76993         39.3444         2.92689 
        3.78564         39.0039         2.89649 
        3.80137         38.7442         2.86647 
        3.81707         38.3883         2.83694 
        3.83279         38.0462          2.8078 
        3.84853         37.6001         2.77902 
        3.86424         37.2729         2.75071 
        3.87992         36.9434         2.72283 
        3.89561         36.7007         2.69533 
        3.91134         36.1693         2.66816 
        3.92704         35.9589         2.64139 
        3.94273         35.5977         2.61502 
        3.95845         35.2952         2.58896 
        3.97418         35.0632         2.56325 
        3.98988          34.615         2.53792 
        4.00554          34.343         2.51301 
        4.02125         34.0399         2.48836 
        4.03698         33.7277           2.464 
        4.05268         33.4389         2.44002 
        4.06839         33.1467         2.41634 
         4.0841         32.7872         2.39298 
        4.09983         32.5883          2.3699 
        4.11555         32.2214         2.34714 
        4.13124         31.9334         2.32473 
        4.14693         31.5967          2.3026 
        4.16266         31.3892          2.2807 
        4.17839         31.0934         2.25911 
        4.19408         30.7358         2.23784 
        4.20977         30.5242         2.21684 
        4.22551         30.3052         2.19605 
        4.24123          29.971         2.17555 
        4.25691         29.7329         2.15537 
        4.27259         29.4821         2.13544 
        4.28831         29.1961         2.11573 
        4.30404         28.9706         2.09624 
        4.31974         28.6334         2.07704 
        4.33543         28.4355         2.05809 
        4.35116         28.1882         2.03933 
        4.36688         28.0007         2.02081 
        4.38255         27.7285         2.00259 
        4.39825         27.5139         1.98456 
        4.41398         27.2722         1.96671 
         4.4297         27.0328          1.9491 
        4.44541         26.7415         1.93171 
        4.46111         26.5207         1.91455 
        4.47683         26.4011         1.89758 
        4.49251         26.1126         1.88085 
        4.50819         25.9102         1.86433 
         4.5239         25.6982         1.84798 
        4.53962         25.4692         1.83181 
        4.55535         25.2702         1.81582 
        4.57106         25.0141         1.80005 
        4.58678         24.8941         1.78446 
         4.6025         24.6663         1.76905 
        4.61821         24.4586         1.75383 
        4.63391         24.2144          1.7388 
         4.6496         24.0415         1.72396 
        4.66532         23.7924         1.70927 
        4.68103         23.6087         1.69475 
        4.69673          23.498         1.68042 
        4.71241         23.3137         1.66626 
        4.72811         23.0471         1.65225 
        4.74384         22.8434         1.63838 
        4.75955         22.7066         1.62469 
        4.77525         22.4438         1.61117 
        4.79096         22.3551         1.59778 
        4.80669         22.1903         1.58453 
         4.8224         21.9944         1.57146 
        4.83809         21.7821         1.55854 
        4.85379         21.5628         1.54576 
         4.8695         21.4299         1.53312 
        4.88521         21.2493         1.52062 
        4.90093         21.0615         1.50825 
        4.91663         20.9044         1.49604 
        4.93234         20.7543         1.48395 
        4.94807         20.5618         1.47198 
        4.96377         20.4491         1.46017 
        4.97943         20.2834         1.44851 
        4.99514         20.0602         1.43695 
        5.01086         19.9509         1.42551 
        5.02654         19.8032         1.41422 
        5.04227         19.6115         1.40302 
          5.058          19.418         1.39194 
        5.07371         19.3373           1.381 
        5.08942         19.1474         1.37017 
        5.10513         19.0236         1.35946 
        5.12084         18.8469         1.34886 
        5.13656         18.7285         1.33837 
        5.15225         18.5972         1.32801 
        5.16796         18.4405         1.31775 
        5.18369         18.3199         1.30758 
         5.1994         18.1776         1.29754 
        5.21509         18.0038         1.28761 
        5.23079         17.8853         1.27778 
        5.24649         17.7422         1.26806 
        5.26217          17.625         1.25844 
        5.27788         17.4704         1.24891 
        5.29359         17.3093         1.23948 
        5.30933         17.1973         1.23013 
        5.32504         17.0697         1.22089 
        5.34073         16.9608         1.21176 
        5.35646         16.8321          1.2027 
        5.37218         16.6704         1.19374 
        5.38789         16.5497         1.18488 
        5.40357         16.4573         1.17612 
        5.41929         16.3397         1.16743 
        5.43502         16.1962         1.15882 
         5.4507         16.0787         1.15032 
        5.46639          15.936         1.14191 
        5.48212         15.8113         1.13356 
        5.49786         15.6862         1.12529 
        5.51353         15.5976         1.11714 
        5.52921         15.5189         1.10906 
        5.54495          15.395         1.10103 
        5.56066         15.2494          1.0931 
        5.57637         15.1702         1.08524 
        5.59207         15.0447         1.07747 
        5.60778         14.9429         1.06977 
        5.62346         14.8281         1.06216 
        5.63916         14.7301         1.05462 
        5.65487          14.601         1.04714 
         5.6706         14.4978         1.03973 
        5.68633         14.4008         1.03238 
        5.70203         14.3199         1.02513 
        5.71773         14.1928         1.01794 
        5.73344         14.1063         1.01082 
        5.74916         13.9851         1.00376 
        5.76486         13.8921        0.996774 
        5.78054         13.8146        0.989869 
        5.79626         13.6868        0.983009 
          5.812         13.5862        0.976207 
         5.8277         13.4897         0.96949 
        5.84339          13.402        0.962835 
        5.85911           13.29        0.956231 
        5.87484         13.2266        0.949689 
        5.89053         13.1529        0.943222 
        5.90623         13.0319        0.936811 
        5.92195         12.9267         0.93045 
        5.93767         12.8301         0.92415 
        5.95336         12.7491         0.91792 
        5.96905         12.6684        0.911749 
        5.98476         12.5892        0.905626 
        6.00048         12.4906        0.899558 
        6.01617         12.4199        0.893553 
        6.03185          12.328         0.88761 
        6.04756         12.2299        0.881707 
        6.06331          12.157        0.875845 
        6.07903         12.0293        0.870049 
        6.09473         11.9837         0.86431 
        6.11044         11.8932        0.858618 
        6.12616         11.8034        0.852978 
        6.14186         11.7441        0.847394 
        6.15755         11.6298        0.841861 
        6.17326         11.5835        0.836373 
        6.18898         11.5027        0.830931 
        6.20467          11.421        0.825547 
        6.22036         11.3368        0.820211 
         6.2361         11.2619        0.814908 
         6.2518         11.1826        0.809661 
        6.26748         11.1233        0.804471 
        6.28319         11.0253        0.799312 
        6.29893         10.9637        0.794195 
        6.31463         10.8835         0.78913 
        6.33033         10.8044        0.784112 
        6.34604         10.7571        0.779133 
        6.36177         10.6755        0.774193 
        6.37747         10.5954        0.769305 
        6.39316         10.5261        0.764462 
        6.40888         10.4825        0.759651 
         6.4246         10.3769        0.754881 
        6.44031         10.3267        0.750155 
        6.45601         10.2655        0.745475 
        6.47172         10.2022        0.740829 
        6.48744         10.1288        0.736222 
        6.50313          10.055        0.731661 
        6.51882         9.99054         0.72714 
        6.53452         9.92508        0.722654 
        6.55025         9.85971        0.718197 
        6.56597         9.78168        0.713784 
        6.58166         9.71671        0.709413 
        6.59736         9.66233        0.705077 
        6.61307         9.59334        0.700772 
         6.6288          9.5367        0.696501 
         6.6445         9.47087        0.692271 
         6.6602         9.41916        0.688078 
        6.67592         9.33855        0.683914 
        6.69164         9.31102        0.679786 
        6.70735         9.22953        0.675693 
        6.72304         9.17224        0.671639 
        6.73874         9.11621        0.667616 
        6.75446         9.04092        0.663622 
        6.77016          9.0061        0.659666 
        6.78585         8.94179        0.655741 
        6.80156         8.88369        0.651848 
        6.81729         8.83628        0.647979 
        6.83301         8.78219        0.644143 
         6.8487         8.70579        0.640347 
         6.8644          8.6553        0.636578 
        6.88012         8.59917        0.632836 
        6.89583         8.54117        0.629128 
        6.91151         8.49912        0.625454 
        6.92723         8.45289        0.621801 
        6.94296         8.39542        0.618175 
        6.95866         8.33531        0.614584 
        6.97436         8.28782        0.611023 
        6.99007         8.22207        0.607487 
        7.00578          8.1965         0.60398 
        7.02147          8.1425        0.600504 
        7.03718         8.08772        0.597052 
         7.0529         8.02442        0.593625 
        7.06863         7.97971        0.590222 
        7.08433         7.92279        0.586851 
        7.10004          7.8817        0.583507 
        7.11575         7.84389        0.580189 
        7.13145         7.78053        0.576896 
        7.14715         7.73903        0.573631 
        7.16284         7.68407        0.570394 
        7.17855         7.65012        0.567175 
        7.19428         7.59052        0.563978 
        7.20998         7.55248        0.560812 
        7.22568         7.51456        0.557671 
        7.24139         7.45736        0.554551 
        7.25711         7.40991        0.551455 
        7.27282         7.37238        0.548383 
        7.28852         7.32756        0.545337 
        7.30423         7.28681        0.542311 
        7.31995         7.24166        0.539309 
        7.33565         7.19823         0.53633 
        7.35135         7.15434        0.533374 
        7.36706         7.10803        0.530442 
        7.38277         7.06046        0.527528 
        7.39847         7.02385        0.524639 
        7.41419         6.97622        0.521769 
         7.4299         6.94823        0.518921 
        7.44561         6.89237        0.516095 
        7.46132         6.86461         0.51329 
        7.47701         6.81383         0.51051 
        7.49272         6.77504        0.507746 
        7.50842         6.73794        0.505005 
         7.5241         6.69638        0.502287 
        7.53981         6.66093        0.499585 
        7.55552         6.61445        0.496902 
        7.57125         6.57325        0.494236 
        7.58698         6.54681        0.491589 
        7.60268         6.49245        0.488967 
         7.6184         6.46255        0.486361 
        7.63411         6.43613        0.483775 
        7.64981         6.39752        0.481209 
        7.66552         6.36118        0.478662 
        7.68123          6.3174        0.476131 
        7.69695         6.28939        0.473618 
        7.71264         6.24159        0.471128 
        7.72834         6.21689        0.468654 
        7.74407         6.18228        0.466194 
        7.75978         6.13836        0.463752 
        7.77546         6.10094        0.461334 
        7.79116         6.07341        0.458931 
         7.8069          6.0273        0.456539 
         7.8226         5.99751        0.454169 
        7.83828         5.96341        0.451819 
        7.85399         5.93471        0.449483 
        7.86972         5.89719        0.447158 
        7.88543         5.86523        0.444854 
        7.90111         5.82468         0.44257 
        7.91681         5.79072        0.440299 
        7.93255         5.77027         0.43804 
        7.94828         5.73828        0.435797 
        7.96397         5.70663        0.433574 
        7.97967         5.67478        0.431366 
        7.99538         5.64519        0.429173 
         8.0111         5.61055        0.426994 
         8.0268         5.56902        0.424831 
        8.04248         5.54696        0.422687 
         8.0582          5.5167        0.420553 
        8.07393         5.48312        0.418431 
        8.08963         5.45625        0.416328 
        8.10533         5.42562        0.414241 
        8.12104         5.39141        0.412165 
        8.13675         5.36442        0.410104 
        8.15245         5.33594        0.408059 
        8.16815          5.3073        0.406028 
        8.18387         5.27403        0.404007 
        8.19959         5.24724        0.402001 
         8.2153         5.21516        0.400009 
        8.23101         5.19837        0.398031 
        8.24672         5.16592        0.396066 
        8.26241         5.14043        0.394118 
         8.2781          5.1083        0.392182 
        8.29381         5.07771        0.390257 
        8.30952         5.05643        0.388345 
        8.32524         5.02378        0.386444 
        8.34095         5.00174        0.384557 
        8.35666         4.97871        0.382683 
        8.37237         4.95024        0.380821 
        8.38808         4.92161        0.378972 
        8.40379         4.89233        0.377135 
         8.4195         4.87168        0.375311 
         8.4352         4.84389        0.373499 
        8.45091         4.82137        0.371699 
        8.46662         4.79214         0.36991 
        8.48232         4.76863        0.368135 
        8.49802         4.73978         0.36637 
        8.51374         4.70895        0.364616 
        8.52945          4.6905        0.362874 
        8.54515         4.66353        0.361144 
        8.56086         4.64736        0.359424 
        8.57658          4.6213        0.357715 
        8.59228          4.5961        0.356019 
        8.60799          4.5721        0.354332 
        8.62371         4.54412        0.352657 
        8.63942         4.52266        0.350993 
        8.65512         4.50223         0.34934 
        8.67082         4.48193        0.347698 
        8.68653         4.45366        0.346065 
        8.70224         4.42882        0.344443 
        8.71795         4.40939        0.342833 
        8.73365         4.38428        0.341232 
        8.74936         4.35953        0.339641 
        8.76506         4.33977        0.338062 
        8.78076          4.3157        0.336492 
        8.79646         4.30214        0.334932 
        8.81218          4.2767        0.333381 
        8.82791         4.25524        0.331838 
         8.8436         4.23641        0.330308 
         8.8593         4.21251        0.328788 
        8.87503         4.19181        0.327274 
        8.89076         4.17127         0.32577 
        8.90644         4.14713         0.32428 
        8.92214         4.12902        0.322798 
        8.93786         4.10435        0.321322 
        8.95357         4.08876        0.319857 
        8.96928          4.0656        0.318402 
        8.98498         4.05003        0.316956 
        9.00069           4.029        0.315518 
        9.01639         4.00889        0.314089 
        9.03208         3.99716        0.312671 
        9.04778         3.97062        0.311261 
        9.06351          3.9492        0.309857 
        9.07923          3.9324        0.308462 
        9.09493         3.90715        0.307078 
        9.11062         3.89274        0.305703 
        9.12635          3.8664        0.304333 
        9.14207         3.85419        0.302972 
        9.15777         3.83627        0.301622 
        9.17346         3.81654         0.30028 
        9.18917         3.80011        0.298945 
         9.2049         3.77923        0.297616 
        9.22061         3.75827        0.296297 
        9.23631          3.7414        0.294987 
        9.25201          3.7269        0.293685 
        9.26773          3.7068        0.292389 
        9.28343         3.69483        0.291102 
        9.29913         3.67512        0.289824 
        9.31484          3.6587        0.288552 
        9.33057         3.63837        0.287286 
        9.34627         3.62671         0.28603 
        9.36197         3.61149        0.284782 
        9.37768         3.59235         0.28354 
        9.39338         3.57413        0.282306 
        9.40909         3.55259         0.28108 
        9.42479         3.54017        0.279861 
         9.4405          3.5296        0.278649 
        9.45621         3.50669        0.277444 
        9.47193         3.49482        0.276246 
        9.48763         3.47615        0.275056 
        9.50334         3.46098        0.273872 
        9.51906         3.44245        0.272695 
        9.53476         3.43272        0.271527 
        9.55045         3.41473        0.270365 
        9.56616         3.40199        0.269209 
        9.58188         3.38188        0.268059 
        9.59759         3.37292        0.266916 
         9.6133         3.35576        0.265779 
        9.62901         3.33861        0.264649 
        9.64471         3.32461        0.263525 
        9.66041         3.31166        0.262408 
        9.67612         3.29488        0.261296 
        9.69184         3.28354         0.26019 
        9.70754         3.26874        0.259092 
        9.72324         3.25104           0.258 
        9.73895         3.23613        0.256915 
        9.75467         3.22755        0.255836 
        9.77038         3.21183        0.254765 
        9.78607         3.19661        0.253702 
        9.80177         3.18329        0.252645 
        9.81749         3.17096        0.251595 
         9.8332         3.15949        0.250553 
         9.8489         3.14546        0.249518 
        9.86463         3.12913        0.248488 
        9.88035         3.11458        0.247464 
        9.89606         3.10431        0.246445 
        9.91175         3.09189        0.245432 
        9.92745         3.07824        0.244422 
        9.94317         3.06744        0.243413 
        9.95888         3.05743        0.242408 
        9.97458         3.03591        0.241405 
        9.99029         3.03006        0.240402 
         10.006         3.01235        0.239782 
        10.0217         3.00308        0.239782 
        10.0374          2.9907        0.239782 
        10.0531         2.97827        0.239782 
        10.0688         2.96792        0.239782 
        10.0845         2.95681        0.239782 
        10.1002         2.94614        0.239782 
        10.1159         2.93099        0.239782 
        10.1317         2.92098        0.239782 
        10.1474          2.9092        0.239782 
        10.1631         2.89802        0.239782 
        10.1788         2.88378        0.239782 
        10.1945         2.87362        0.239782 
        10.2102         2.86815        0.239782 
        10.2259         2.85413        0.239782 
        10.2416          2.8403        0.239782 
        10.2573         2.82983        0.239782 
         10.273         2.82066        0.239782 
        10.2887         2.81002        0.239782 
        10.3044         2.79686        0.239782 
        10.3201         2.78573        0.239782 
        10.3359         2.77891        0.239782 
        10.3516         2.76774        0.239782 
        10.3673         2.75722        0.239782 
         10.383         2.74674        0.239782 
        10.3987         2.73674        0.239782 
        10.4144         2.72675        0.239782 
        10.4301         2.71646        0.239782 
        10.4458          2.7082        0.239782 
        10.4615         2.70098        0.239782 
        10.4772         2.69063        0.239782 
        10.4929          2.6805        0.239782 
        10.5086          2.6695        0.239782 
        10.5244         2.65634        0.239782 
        10.5401         2.65059        0.239782 
        10.5558         2.63858        0.239782 
        10.5715         2.63235        0.239782 
        10.5872         2.62385        0.239782 
        10.6029         2.61423        0.239782 
        10.6186         2.60298        0.239782 
        10.6343         2.59844        0.239782 
          10.65         2.58792        0.239782 
        10.6657         2.57801        0.239782 
        10.6814         2.56905        0.239782 
        10.6971         2.55845        0.239782 
        10.7129          2.5547        0.239782 
        10.7286         2.54578        0.239782 
        10.7443         2.53756        0.239782 
          10.76         2.52883        0.239782 
        10.7757         2.52161        0.239782 
        10.7914         2.51281        0.239782 
        10.8071         2.50456        0.239782 
        10.8228          2.4945        0.239782 
        10.8385         2.48745        0.239782 
        10.8542         2.48092        0.239782 
        10.8699         2.47163        0.239782 
        10.8856         2.46639        0.239782 
        10.9014         2.45976        0.239782 
        10.9171         2.45058        0.239782 
        10.9328         2.44517        0.239782 
        10.9485         2.43587        0.239782 
        10.9642         2.43058        0.239782 
        10.9799         2.42412        0.239782 
        10.9956         2.41801        0.239782 
        11.0113            2.41        0.239782 
         11.027         2.40209        0.239782 
        11.0427         2.39672        0.239782 
        11.0584         2.39135        0.239782 
        11.0741         2.38623        0.239782 
        11.0898         2.37744        0.239782 
        11.1055         2.37221        0.239782 
        11.1212         2.36485        0.239782 
         11.137         2.35578        0.239782 
        11.1527         2.35392        0.239782 
        11.1684         2.34752        0.239782 
        11.1841         2.34063        0.239782 
        11.1998         2.33392        0.239782 
        11.2155         2.32929        0.239782 
        11.2312         2.32434        0.239782 
        11.2469         2.31599        0.239782 
        11.2626         2.31212        0.239782 
        11.2783         2.30602        0.239782 
         11.294         2.30117        0.239782 
        11.3097         2.29626        0.239782 
        11.3254         2.28946        0.239782 
        11.3412         2.28901        0.239782 
        11.3569         2.28157        0.239782 
        11.3726         2.27759        0.239782 
        11.3883         2.27143        0.239782 
         11.404         2.26708        0.239782 
        11.4197         2.26298        0.239782 
        11.4354         2.25819        0.239782 
        11.4511         2.25267        0.239782 
        11.4668         2.24716        0.239782 
        11.4825         2.24233        0.239782 
        11.4982         2.24172        0.239782 
         11.514         2.23206        0.239782 
        11.5297         2.23123        0.239782 
        11.5454         2.22566        0.239782 
        11.5611         2.22239        0.239782 
        11.5768         2.22123        0.239782 
        11.5925         2.21602        0.239782 
        11.6082          2.2116        0.239782 
        11.6239         2.20916        0.239782 
        11.6396         2.20499        0.239782 
        11.6553         2.20269        0.239782 
         11.671         2.19715        0.239782 
        11.6867         2.19753        0.239782 
        11.7024         2.19371        0.239782 
        11.7182         2.18844        0.239782 
        11.7339         2.18602        0.239782 
        11.7496         2.18399        0.239782 
        11.7653         2.18245        0.239782 
         11.781         2.17915        0.239782 
        11.7967         2.17352        0.239782 
        11.8124         2.17216        0.239782 
        11.8281         2.16833        0.239782 
        11.8438         2.16659        0.239782 
        11.8595         2.16596        0.239782 
        11.8752         2.16306        0.239782 
         11.891         2.16158        0.239782 
        11.9067         2.15856        0.239782 
        11.9224         2.15482        0.239782 
        11.9381          2.1552        0.239782 
        11.9538         2.15318        0.239782 
        11.9695         2.14993        0.239782 
        11.9852         2.15077        0.239782 
        12.0009         2.14877        0.239782 
        12.0166         2.14635        0.239782 
        12.0323         2.14465        0.239782 
         12.048         2.14461        0.239782 
        12.0637         2.14535        0.239782 
