# k  (h/Mpc)    Pcb(k)  (Mpc/h)^3    Pcb_linear(k) (Mpc/h)^3   ShotnoiseSubtracted = true
      0.0200456         10369.2         10501.2 
      0.0350414         8417.76         8234.01 
      0.0492313         6429.98         6523.87 
      0.0637834          5102.1         5304.94 
      0.0800726         3861.83         4007.38 
       0.096163         3218.67         3152.06 
       0.111083         2751.34         2668.21 
       0.126058         2192.94         2218.04 
       0.142273          1839.5          1804.9 
       0.158546         1584.54         1537.57 
        0.17375         1413.96         1337.74 
       0.188953         1274.36         1150.05 
       0.204907          1080.4         995.529 
       0.220756         983.926         879.889 
        0.23588         882.456         781.533 
         0.2514         787.351           692.5 
       0.267535         759.376         617.592 
       0.283568         667.612          554.96 
       0.299022         638.028         501.144 
       0.314451         642.691         454.367 
       0.330372         553.125          413.13 
       0.346141          514.09          377.14 
       0.361624          491.52         345.656 
       0.377134         459.981         317.812 
       0.392932         447.088         292.721 
       0.408854         424.492         270.098 
       0.424564          410.26         250.059 
       0.440253         371.565         232.123 
       0.455999         356.205         215.906 
       0.471626         356.259          201.32 
        0.48727         338.831         188.065 
       0.502856         311.172         176.053 
       0.518488         312.012         165.059 
       0.534347         290.012         154.861 
       0.550082         282.664         145.596 
       0.565732         280.594         137.135 
       0.581496         265.485         129.292 
       0.597222         258.947          122.08 
       0.612804         252.285         115.479 
       0.628434         242.253          109.35 
       0.644267         231.731         103.597 
       0.660051         227.175         98.2746 
       0.675724         225.654         93.3607 
       0.691403          218.52         88.7824 
       0.707174         211.563          84.488 
       0.722871          208.24         80.4969 
        0.73838         206.607         76.8077 
       0.754018         194.798          73.323 
       0.769845         194.402         70.0171 
        0.78569         189.674         66.9125 
       0.801365         185.059          64.027 
       0.817031         179.763         61.3141 
       0.832809         177.066         58.7414 
       0.848511         172.779         56.3283 
       0.864097         168.967         54.0677 
       0.879701         167.645         51.9294 
       0.895507          162.98         49.8818 
       0.911279         158.717         47.9493 
        0.92691         156.152         46.1356 
       0.942635         153.942         44.4061 
       0.958396         151.048         42.7619 
       0.974128          147.67         41.2044 
       0.989692         144.145         39.7402 
        1.00528           142.6         38.3453 
        1.02113         139.121         36.9959 
        1.03692         137.945         35.7167 
        1.05264         135.912         34.5042 
        1.06832         132.619         33.3501 
        1.08405          130.97          32.246 
        1.09979         130.046         31.1915 
        1.11537         126.601         30.1948 
        1.13105         125.477         29.2359 
        1.14679         122.928         28.3151 
        1.16256         120.858         27.4324 
        1.17828         119.341         26.5903 
        1.19395           116.2         25.7866 
         1.2097         115.958         25.0121 
        1.22537         113.211         24.2733 
          1.241          112.59         23.5667 
        1.25666         108.993         22.8865 
        1.27241         107.514         22.2301 
        1.28819         106.765         21.5984 
        1.30392         104.608         20.9932 
        1.31957         103.354          20.414 
        1.33529         101.996         19.8545 
        1.35108         101.137         19.3139 
        1.36674         99.2501         18.7973 
         1.3824         98.6432         18.3002 
        1.39811         95.9872         17.8195 
        1.41389         95.1462         17.3542 
        1.42964         93.4757         16.9064 
        1.44531         92.3755         16.4766 
        1.46101         91.2817         16.0609 
        1.47667         90.3973         15.6608 
        1.49229         89.4093         15.2754 
        1.50793         87.7508         14.9027 
        1.52367         87.0444           14.54 
        1.53953         85.4978         14.1869 
        1.55526         84.2955         13.8485 
        1.57092         83.9902         13.5225 
        1.58662         82.6526         13.2062 
        1.60235         81.2862         12.8995 
        1.61809         80.4129         12.6024 
        1.63369         79.1256         12.3174 
        1.64941         78.9967         12.0391 
        1.66519         77.1614         11.7684 
        1.68085         76.4793          11.508 
        1.69652         74.7961         11.2554 
        1.71228         74.4062          11.009 
        1.72806         73.6072         10.7698 
        1.74368         72.5309         10.5401 
        1.75933         71.8274         10.3167 
        1.77505         71.2069         10.0987 
        1.79081         69.8737         9.88664 
         1.8065         69.6565         9.68159 
        1.82218         67.7371         9.48255 
        1.83797         67.5361         9.28774 
        1.85367         66.6379          9.0995 
        1.86928         65.9212         8.91762 
        1.88497         65.0111         8.73972 
        1.90073         64.1509         8.56603 
        1.91647         63.3777         8.39722 
        1.93218         62.9528         8.23333 
        1.94787         62.0437         8.07406 
        1.96363          61.087         7.91838 
        1.97935         60.4924         7.76713 
        1.99499         59.8908          7.6207 
        2.01064         59.2162         7.47783 
         2.0264         58.5126         7.33773 
        2.04216         57.7193          7.2013 
        2.05781         57.0209          7.0692 
        2.07353          56.265         6.93995 
        2.08928         55.8085         6.81366 
        2.10499         55.1282         6.69085 
        2.12065         54.6389         6.57144 
        2.13633          54.031         6.45484 
        2.15211          53.229         6.34033 
        2.16785         52.5218         6.22892 
        2.18349         51.8335         6.12088 
        2.19916         51.2699         6.01519 
        2.21489         50.9397         5.91164 
        2.23063         50.0026         5.81047 
         2.2463         49.6865         5.71212 
        2.26194         49.2061         5.61629 
        2.27765          48.512         5.52218 
        2.29341         47.7498         5.42998 
        2.30914           47.34         5.34007 
        2.32486          46.756         5.25226 
        2.34061         46.4315         5.16627 
        2.35635         45.6962         5.08229 
        2.37203         45.3267         5.00047 
        2.38768         44.8238         4.92062 
        2.40339          44.402         4.84223 
        2.41914          43.896         4.76537 
        2.43483         43.1682         4.69044 
         2.4505         42.8587         4.61726 
        2.46622         42.4519         4.54538 
        2.48195         41.8747         4.47504 
        2.49759         41.4148         4.40656 
        2.51328         41.0221         4.33933 
        2.52906          40.557         4.27308 
        2.54479         40.1116         4.20847 
        2.56049         39.6946         4.14532 
        2.57618         39.3029         4.08351 
        2.59189         38.7574         4.02288 
        2.60758         38.3331         3.96357 
        2.62325         38.0778         3.90554 
        2.63898         37.6235         3.84846 
        2.65468         37.2293         3.79264 
        2.67044         36.8511          3.7377 
        2.68618         36.5983         3.68397 
        2.70184         35.9571         3.63151 
        2.71755         35.7551         3.57994 
        2.73329         35.1374          3.5293 
        2.74897         34.8042          3.4798 
        2.76462         34.4273         3.43136 
        2.78034         34.2391         3.38364 
        2.79607         33.7253         3.33678 
        2.81179         33.4601         3.29086 
        2.82749         33.0527         3.24586 
        2.84321         32.7314         3.20165 
        2.85893         32.4115         3.15828 
        2.87462           32.02         3.11578 
        2.89033         31.7818         3.07403 
        2.90605         31.5252         3.03301 
        2.92176         31.2226         2.99275 
        2.93747         30.8188         2.95325 
        2.95318         30.4936         2.91446 
        2.96891         30.2882         2.87634 
        2.98456         29.8977         2.83907 
        3.00023          29.542         2.80241 
        3.01596         29.3093         2.76629 
        3.03164         29.0296          2.7309 
        3.04738         28.7514         2.69603 
         3.0631         28.4609         2.66178 
        3.07883          28.082         2.62812 
        3.09456         27.8003         2.59505 
        3.11026         27.4698         2.56261 
        3.12596         27.2214         2.53071 
        3.14163         26.9918         2.49944 
        3.15734         26.7163         2.46862 
        3.17308         26.4243         2.43825 
        3.18879          26.148         2.40847 
        3.20447         25.8685         2.37923 
         3.2202         25.6003         2.35039 
         3.2359         25.3654         2.32208 
        3.25157          25.173          2.2943 
        3.26729         24.9009         2.26689 
        3.28304         24.5689         2.23988 
        3.29877          24.399         2.21334 
        3.31446         24.0821         2.18728 
        3.33014         23.8925         2.16168 
        3.34585          23.726         2.13644 
        3.36158         23.4341         2.11156 
        3.37727         23.2337         2.08717 
        3.39294         22.9782         2.06317 
        3.40867         22.7859         2.03947 
        3.42439         22.5768         2.01616 
        3.44008         22.3187         1.99325 
        3.45578         22.1841         1.97069 
        3.47153         21.8582         1.94842 
        3.48724         21.7594         1.92654 
        3.50292         21.4627         1.90504 
        3.51859         21.3004         1.88388 
        3.53431         21.1134         1.86298 
        3.55007         20.8859         1.84235 
        3.56577         20.7271          1.8221 
        3.58146         20.4768         1.80217 
        3.59719         20.3118          1.7825 
        3.61292         20.1102         1.76312 
        3.62859         19.8711          1.7441 
        3.64429         19.6898         1.72533 
        3.66003         19.6081         1.70678 
        3.67578         19.4022          1.6885 
        3.69146         19.1657         1.67057 
        3.70712         18.9947         1.65292 
        3.72284         18.8141         1.63547 
        3.73853         18.6286          1.6183 
        3.75422         18.4229         1.60136 
        3.76993          18.346         1.58466 
        3.78564         18.1979          1.5682 
        3.80137         17.9866         1.55195 
        3.81707         17.7869         1.53596 
        3.83279         17.6429         1.52018 
        3.84853         17.4825          1.5046 
        3.86424         17.3008         1.48927 
        3.87992         17.1566         1.47418 
        3.89561         16.9773         1.45929 
        3.91134         16.8473         1.44458 
        3.92704         16.6915         1.43009 
        3.94273          16.547         1.41581 
        3.95845         16.3504          1.4017 
        3.97418         16.2268         1.38778 
        3.98988         16.1038         1.37407 
        4.00554         16.0226         1.36058 
        4.02125         15.7507         1.34723 
        4.03698         15.6609         1.33404 
        4.05268         15.5578         1.32106 
        4.06839         15.3977         1.30824 
         4.0841         15.2572          1.2956 
        4.09983         15.0696          1.2831 
        4.11555         14.9814         1.27077 
        4.13124         14.8535         1.25864 
        4.14693         14.7524         1.24666 
        4.16266         14.6206         1.23481 
        4.17839         14.4685         1.22311 
        4.19408         14.3185          1.2116 
        4.20977          14.226         1.20023 
        4.22551         14.0593         1.18897 
        4.24123         13.9608         1.17788 
        4.25691         13.8396         1.16695 
        4.27259         13.7004         1.15616 
        4.28831         13.6379         1.14548 
        4.30404         13.5298         1.13493 
        4.31974         13.3835         1.12454 
        4.33543         13.2446         1.11428 
        4.35116         13.1649         1.10412 
        4.36688         13.0357          1.0941 
        4.38255         12.9331         1.08423 
        4.39825         12.8405         1.07447 
        4.41398         12.7011         1.06481 
         4.4297         12.6017         1.05527 
        4.44541         12.4809         1.04586 
        4.46111         12.4131         1.03656 
        4.47683         12.2799         1.02738 
        4.49251         12.1774         1.01832 
        4.50819         12.0888         1.00937 
         4.5239         11.9867         1.00052 
        4.53962          11.883        0.991767 
        4.55535          11.795        0.983112 
        4.57106         11.7047        0.974572 
        4.58678         11.5926        0.966132 
         4.6025          11.492         0.95779 
        4.61821         11.4088        0.949547 
        4.63391         11.2917        0.941412 
         4.6496         11.2429        0.933376 
        4.66532         11.1295        0.925421 
        4.68103         11.0467        0.917563 
        4.69673         10.9295        0.909803 
        4.71241         10.8615         0.90214 
        4.72811         10.7761        0.894553 
        4.74384         10.6793        0.887044 
        4.75955         10.6063        0.879632 
        4.77525         10.5192        0.872309 
        4.79096          10.424         0.86506 
        4.80669         10.3591         0.85789 
         4.8224         10.2792         0.85081 
        4.83809         10.1917        0.843817 
        4.85379         10.1064        0.836898 
         4.8695         10.0144        0.830051 
        4.88521         9.94699        0.823284 
        4.90093         9.87885        0.816591 
        4.91663         9.77668        0.809978 
        4.93234         9.69701        0.803432 
        4.94807         9.63674        0.796953 
        4.96377         9.56288        0.790558 
        4.97943         9.48459        0.784247 
        4.99514          9.3987        0.777988 
        5.01086          9.3626        0.771793 
        5.02654         9.27873        0.765681 
        5.04227         9.18886        0.759617 
          5.058         9.10859        0.753616 
        5.07371         9.06091        0.747692 
        5.08942         8.97787         0.74183 
        5.10513         8.91429        0.736031 
        5.12084         8.85679         0.73029 
        5.13656         8.77462        0.724613 
        5.15225         8.72535        0.719004 
        5.16796         8.65056        0.713447 
        5.18369         8.56331        0.707943 
         5.1994         8.52801        0.702507 
        5.21509         8.45426        0.697133 
        5.23079         8.36776        0.691808 
        5.24649         8.31307        0.686544 
        5.26217         8.25571        0.681338 
        5.27788         8.20817        0.676179 
        5.29359            8.14        0.671072 
        5.30933         8.08542         0.66601 
        5.32504         8.02845        0.661009 
        5.34073         7.96207        0.656065 
        5.35646         7.89542        0.651161 
        5.37218         7.84201        0.646307 
        5.38789          7.7675         0.64151 
        5.40357         7.74206        0.636767 
        5.41929         7.68071        0.632062 
        5.43502         7.62207        0.627403 
         5.4507          7.5595        0.622803 
        5.46639          7.5083        0.618248 
        5.48212         7.44414        0.613728 
        5.49786         7.40283        0.609247 
        5.51353         7.35199        0.604834 
        5.52921         7.29774         0.60046 
        5.54495         7.24193        0.596116 
        5.56066         7.19278         0.59182 
        5.57637         7.13268        0.587567 
        5.59207         7.08695        0.583359 
        5.60778         7.02429        0.579191 
        5.62346         6.99385         0.57507 
        5.63916         6.92954        0.570984 
        5.65487         6.88206        0.566937 
         5.6706         6.83688        0.562923 
        5.68633         6.78626        0.558947 
        5.70203         6.73126        0.555018 
        5.71773         6.70464        0.551127 
        5.73344         6.64981        0.547271 
        5.74916         6.60278        0.543449 
        5.76486         6.56938        0.539668 
        5.78054         6.50396        0.535929 
        5.79626         6.47309        0.532215 
          5.812         6.41845        0.528533 
         5.8277         6.37857        0.524896 
        5.84339         6.34474        0.521293 
        5.85911          6.2851        0.517717 
        5.87484         6.24581        0.514175 
        5.89053         6.19783        0.510674 
        5.90623         6.16373        0.507203 
        5.92195         6.12444        0.503759 
        5.93767         6.07106        0.500348 
        5.95336         6.03197        0.496975 
        5.96905         6.00303        0.493634 
        5.98476         5.96001        0.490319 
        6.00048         5.91361        0.487034 
        6.01617         5.86959        0.483782 
        6.03185         5.83912        0.480565 
        6.04756         5.79334        0.477369 
        6.06331         5.76134        0.474195 
        6.07903         5.72935        0.471057 
        6.09473         5.67842         0.46795 
        6.11044         5.64552        0.464868 
        6.12616         5.60607        0.461815 
        6.14186         5.56403        0.458792 
        6.15755         5.53842        0.455796 
        6.17326         5.49477        0.452824 
        6.18898         5.45055        0.449878 
        6.20467         5.42297        0.446963 
        6.22036         5.38793        0.444074 
         6.2361         5.34844        0.441203 
         6.2518         5.31133        0.438362 
        6.26748          5.2796        0.435552 
        6.28319         5.24798        0.432759 
        6.29893         5.21987        0.429989 
        6.31463          5.1903        0.427247 
        6.33033         5.15429        0.424529 
        6.34604         5.12211        0.421834 
        6.36177         5.08062        0.419159 
        6.37747         5.05083        0.416513 
        6.39316         5.01642        0.413891 
        6.40888         4.99535        0.411286 
         6.4246         4.95016        0.408704 
        6.44031         4.92549        0.406145 
        6.45601         4.89734        0.403611 
        6.47172         4.85887        0.401096 
        6.48744         4.82813        0.398601 
        6.50313         4.80358        0.396132 
        6.51882         4.76814        0.393684 
        6.53452         4.74289        0.391255 
        6.55025          4.7138        0.388842 
        6.56597         4.68444        0.386453 
        6.58166         4.66291        0.384086 
        6.59736         4.62204        0.381739 
        6.61307         4.59967        0.379408 
         6.6288         4.56667        0.377096 
         6.6445         4.53952        0.374806 
         6.6602          4.5158        0.372535 
        6.67592         4.49327        0.370281 
        6.69164         4.45947        0.368046 
        6.70735         4.43597         0.36583 
        6.72304          4.4074        0.363635 
        6.73874         4.38411        0.361457 
        6.75446         4.35493        0.359294 
        6.77016         4.32229        0.357153 
        6.78585         4.30056        0.355028 
        6.80156         4.27954         0.35292 
        6.81729         4.24948        0.350825 
        6.83301          4.2321        0.348748 
         6.8487         4.20228        0.346693 
         6.8644         4.18264        0.344653 
        6.88012         4.15294        0.342627 
        6.89583         4.12489        0.340619 
        6.91151         4.10901         0.33863 
        6.92723         4.08179        0.336652 
        6.94296         4.05365        0.334689 
        6.95866         4.02924        0.332745 
        6.97436         4.00877        0.330817 
        6.99007         3.98053        0.328902 
        7.00578         3.96621        0.327004 
        7.02147         3.94075        0.325122 
        7.03718         3.91229        0.323253 
         7.0529          3.8967        0.321397 
        7.06863          3.8706        0.319555 
        7.08433         3.84363         0.31773 
        7.10004         3.82628        0.315919 
        7.11575         3.80919        0.314123 
        7.13145         3.78301         0.31234 
        7.14715         3.75385        0.310572 
        7.16284         3.74384        0.308819 
        7.17855         3.71359        0.307077 
        7.19428         3.69442        0.305346 
        7.20998         3.68019        0.303632 
        7.22568          3.6568        0.301931 
        7.24139         3.62639        0.300242 
        7.25711         3.61522        0.298566 
        7.27282         3.59722        0.296902 
        7.28852         3.57532        0.295253 
        7.30423         3.54989        0.293615 
        7.31995         3.53686        0.291989 
        7.33565         3.51633        0.290377 
        7.35135         3.49805        0.288777 
        7.36706         3.47789        0.287189 
        7.38277         3.46054        0.285611 
        7.39847           3.433        0.284047 
        7.41419         3.41727        0.282493 
         7.4299         3.39795        0.280952 
        7.44561         3.37988        0.279421 
        7.46132         3.36351        0.277903 
        7.47701         3.34191        0.276397 
        7.49272         3.32544        0.274901 
        7.50842         3.30609        0.273417 
         7.5241         3.29166        0.271945 
        7.53981         3.27644        0.270483 
        7.55552         3.25745         0.26903 
        7.57125         3.23007        0.267586 
        7.58698         3.22017        0.266153 
        7.60268         3.20623        0.264734 
         7.6184         3.18943        0.263323 
        7.63411         3.17039        0.261923 
        7.64981         3.15394        0.260533 
        7.66552          3.1322        0.259154 
        7.68123         3.11842        0.257784 
        7.69695         3.10307        0.256424 
        7.71264         3.08593        0.255075 
        7.72834         3.06919        0.253736 
        7.74407         3.05487        0.252404 
        7.75978          3.0355        0.251082 
        7.77546         3.02033        0.249773 
        7.79116         3.00471        0.248472 
         7.8069         2.99448        0.247177 
         7.8226          2.9792        0.245894 
        7.83828         2.96125        0.244621 
        7.85399         2.94593        0.243357 
        7.86972         2.93498        0.242098 
        7.88543         2.91575        0.240851 
        7.90111         2.90604        0.239614 
        7.91681         2.88576        0.238384 
        7.93255         2.87127        0.237161 
        7.94828         2.85799        0.235947 
        7.96397         2.84494        0.234743 
        7.97967          2.8305        0.233548 
        7.99538         2.81289         0.23236 
         8.0111         2.80335        0.231181 
         8.0268         2.78789         0.23001 
        8.04248         2.77458        0.228849 
         8.0582         2.76288        0.227693 
        8.07393         2.75102        0.226545 
        8.08963         2.73429        0.225406 
        8.10533         2.71667        0.224276 
        8.12104         2.70654        0.223152 
        8.13675          2.6942        0.222036 
        8.15245         2.68004        0.220929 
        8.16815         2.66631        0.219829 
        8.18387          2.6589        0.218735 
        8.19959         2.64289        0.217649 
         8.2153         2.62858        0.216571 
        8.23101         2.61872          0.2155 
        8.24672         2.60783        0.214436 
        8.26241         2.59141        0.213381 
         8.2781         2.57781        0.212333 
        8.29381         2.56894        0.211291 
        8.30952         2.55547        0.210255 
        8.32524         2.54286        0.209226 
        8.34095         2.53165        0.208205 
        8.35666         2.52034         0.20719 
        8.37237         2.50838        0.206182 
        8.38808         2.49276        0.205181 
        8.40379          2.4832        0.204187 
         8.4195         2.47571        0.203199 
         8.4352         2.46529        0.202218 
        8.45091         2.45303        0.201243 
        8.46662         2.44053        0.200275 
        8.48232         2.43144        0.199313 
        8.49802         2.41704        0.198358 
        8.51374         2.40482        0.197408 
        8.52945         2.39091        0.196465 
        8.54515         2.38312        0.195529 
        8.56086         2.37287        0.194597 
        8.57658         2.36041        0.193672 
        8.59228          2.3552        0.192754 
        8.60799         2.34401        0.191841 
        8.62371         2.33114        0.190934 
        8.63942          2.3198        0.190033 
        8.65512         2.30885        0.189138 
        8.67082          2.3012        0.188249 
        8.68653         2.29228        0.187365 
        8.70224          2.2779        0.186487 
        8.71795         2.27009        0.185615 
        8.73365         2.25915        0.184748 
        8.74936         2.25208        0.183887 
        8.76506         2.23964        0.183032 
        8.78076         2.22689        0.182182 
        8.79646          2.2198        0.181337 
        8.81218         2.21353        0.180497 
        8.82791         2.20311        0.179662 
         8.8436         2.19341        0.178834 
         8.8593         2.18244        0.178011 
        8.87503         2.17601        0.177191 
        8.89076         2.16644        0.176377 
        8.90644         2.15655         0.17557 
        8.92214         2.14776        0.174767 
        8.93786          2.1384        0.173969 
        8.95357         2.13022        0.173175 
        8.96928         2.11824        0.172387 
        8.98498         2.11232        0.171604 
        9.00069         2.10387        0.170826 
        9.01639         2.09269        0.170053 
        9.03208         2.08367        0.169285 
        9.04778         2.07827        0.168521 
        9.06351         2.06631        0.167761 
        9.07923         2.05884        0.167006 
        9.09493         2.05047        0.166256 
        9.11062         2.04204        0.165512 
        9.12635         2.03708         0.16477 
        9.14207         2.02666        0.164034 
        9.15777         2.02105        0.163302 
        9.17346         2.01107        0.162576 
        9.18917         2.00494        0.161853 
         9.2049         1.99443        0.161134 
        9.22061         1.98835         0.16042 
        9.23631          1.9803         0.15971 
        9.25201         1.97232        0.159005 
        9.26773         1.96238        0.158304 
        9.28343         1.95663        0.157607 
        9.29913         1.94928        0.156915 
        9.31484          1.9411        0.156226 
        9.33057          1.9342        0.155541 
        9.34627         1.92812        0.154861 
        9.36197         1.91703        0.154185 
        9.37768         1.91252        0.153513 
        9.39338         1.90508        0.152845 
        9.40909         1.89802        0.152181 
        9.42479         1.88998        0.151521 
         9.4405         1.88246        0.150865 
        9.45621          1.8764        0.150212 
        9.47193           1.871        0.149563 
        9.48763         1.86243        0.148919 
        9.50334         1.85246        0.148278 
        9.51906          1.8508        0.147641 
        9.53476         1.84226        0.147008 
        9.55045         1.83581        0.146379 
        9.56616         1.82808        0.145754 
        9.58188         1.82153        0.145131 
        9.59759         1.81969        0.144512 
         9.6133         1.80813        0.143897 
        9.62901         1.80063        0.143285 
        9.64471         1.79912        0.142676 
        9.66041         1.79115        0.142071 
        9.67612         1.78281        0.141469 
        9.69184         1.77815        0.140871 
        9.70754          1.7728        0.140276 
        9.72324         1.76813        0.139685 
        9.73895         1.75934        0.139097 
        9.75467         1.75335        0.138513 
        9.77038         1.74727        0.137933 
        9.78607         1.74101        0.137358 
        9.80177         1.73607        0.136786 
        9.81749         1.72884        0.136217 
         9.8332         1.72452        0.135653 
         9.8489         1.71701        0.135093 
        9.86463         1.71235        0.134535 
        9.88035          1.7089         0.13398 
        9.89606         1.70224        0.133429 
        9.91175         1.69472         0.13288 
        9.92745         1.69257        0.132333 
        9.94317         1.68594        0.131788 
        9.95888         1.67926        0.131243 
        9.97458          1.6746          0.1307 
        9.99029           1.671        0.130157 
         10.006         1.66458        0.129822 
        10.0217         1.66075        0.129822 
        10.0374         1.65342        0.129822 
        10.0531         1.64951        0.129822 
        10.0688         1.64322        0.129822 
        10.0845         1.63961        0.129822 
        10.1002           1.634        0.129822 
        10.1159         1.62871        0.129822 
        10.1317         1.62436        0.129822 
        10.1474          1.6191        0.129822 
        10.1631         1.61533        0.129822 
        10.1788         1.60957        0.129822 
        10.1945         1.60412        0.129822 
        10.2102         1.60068        0.129822 
        10.2259         1.59514        0.129822 
        10.2416         1.59144        0.129822 
        10.2573         1.58717        0.129822 
         10.273         1.58211        0.129822 
        10.2887         1.57628        0.129822 
        10.3044         1.57172        0.129822 
        10.3201         1.56939        0.129822 
        10.3359         1.56534        0.129822 
        10.3516         1.56075        0.129822 
        10.3673         1.55692        0.129822 
         10.383         1.55321        0.129822 
        10.3987         1.54598        0.129822 
        10.4144         1.54362        0.129822 
        10.4301         1.53944        0.129822 
        10.4458         1.53543        0.129822 
        10.4615         1.52955        0.129822 
        10.4772          1.5256        0.129822 
        10.4929         1.52276        0.129822 
        10.5086         1.52007        0.129822 
        10.5244         1.51418        0.129822 
        10.5401         1.50952        0.129822 
        10.5558         1.50896        0.129822 
        10.5715         1.50399        0.129822 
        10.5872         1.49996        0.129822 
        10.6029         1.49674        0.129822 
        10.6186         1.49386        0.129822 
        10.6343         1.48826        0.129822 
          10.65         1.48647        0.129822 
        10.6657         1.48239        0.129822 
        10.6814         1.47967        0.129822 
        10.6971         1.47666        0.129822 
        10.7129         1.47273        0.129822 
        10.7286         1.47004        0.129822 
        10.7443         1.46573        0.129822 
          10.76         1.46305        0.129822 
        10.7757         1.45999        0.129822 
        10.7914          1.4567        0.129822 
        10.8071         1.45473        0.129822 
        10.8228         1.45121        0.129822 
        10.8385         1.44628        0.129822 
        10.8542         1.44443        0.129822 
        10.8699         1.44172        0.129822 
        10.8856          1.4389        0.129822 
        10.9014         1.43699        0.129822 
        10.9171         1.43312        0.129822 
        10.9328         1.43089        0.129822 
        10.9485         1.42888        0.129822 
        10.9642         1.42589        0.129822 
        10.9799          1.4219        0.129822 
        10.9956         1.42106        0.129822 
        11.0113           1.417        0.129822 
         11.027         1.41582        0.129822 
        11.0427         1.41409        0.129822 
        11.0584         1.40991        0.129822 
        11.0741         1.40788        0.129822 
        11.0898          1.4061        0.129822 
        11.1055         1.40366        0.129822 
        11.1212         1.40038        0.129822 
         11.137         1.39769        0.129822 
        11.1527         1.39758        0.129822 
        11.1684         1.39453        0.129822 
        11.1841         1.39268        0.129822 
        11.1998          1.3894        0.129822 
        11.2155         1.38815        0.129822 
        11.2312          1.3854        0.129822 
        11.2469          1.3846        0.129822 
        11.2626         1.38309        0.129822 
        11.2783         1.38073        0.129822 
         11.294          1.3776        0.129822 
        11.3097         1.37659        0.129822 
        11.3254         1.37568        0.129822 
        11.3412         1.37428        0.129822 
        11.3569         1.37128        0.129822 
        11.3726         1.37092        0.129822 
        11.3883         1.36814        0.129822 
         11.404         1.36762        0.129822 
        11.4197         1.36602        0.129822 
        11.4354         1.36479        0.129822 
        11.4511         1.36315        0.129822 
        11.4668         1.36182        0.129822 
        11.4825         1.35965        0.129822 
        11.4982         1.36018        0.129822 
         11.514         1.35753        0.129822 
        11.5297         1.35619        0.129822 
        11.5454         1.35572        0.129822 
        11.5611         1.35401        0.129822 
        11.5768         1.35456        0.129822 
        11.5925         1.35103        0.129822 
        11.6082         1.35038        0.129822 
        11.6239         1.34951        0.129822 
        11.6396         1.34943        0.129822 
        11.6553         1.34911        0.129822 
         11.671         1.34791        0.129822 
        11.6867         1.34753        0.129822 
        11.7024         1.34513        0.129822 
        11.7182         1.34604        0.129822 
        11.7339         1.34452        0.129822 
        11.7496         1.34501        0.129822 
        11.7653          1.3452        0.129822 
         11.781         1.34394        0.129822 
        11.7967         1.34245        0.129822 
        11.8124         1.34352        0.129822 
        11.8281         1.34212        0.129822 
        11.8438          1.3427        0.129822 
        11.8595         1.34174        0.129822 
        11.8752         1.34318        0.129822 
         11.891         1.34062        0.129822 
        11.9067         1.34294        0.129822 
        11.9224         1.34237        0.129822 
        11.9381           1.341        0.129822 
        11.9538          1.3413        0.129822 
        11.9695         1.34157        0.129822 
        11.9852         1.34156        0.129822 
        12.0009         1.34335        0.129822 
        12.0166         1.34255        0.129822 
        12.0323          1.3427        0.129822 
         12.048         1.34473        0.129822 
        12.0637         1.34352        0.129822 
