# k  (h/Mpc)    Pcb(k)  (Mpc/h)^3    Pcb_linear(k) (Mpc/h)^3   ShotnoiseSubtracted = true
      0.0200456         1485.69         1501.78 
      0.0350414         1191.34         1177.55 
      0.0492313         932.214         932.981 
      0.0637834         748.795         758.662 
      0.0800726         568.269         573.096 
       0.096163          456.84         450.777 
       0.111083         388.021         381.582 
       0.126058         315.949         317.203 
       0.142273         258.174          258.12 
       0.158546         221.382         219.888 
        0.17375          194.87          191.31 
       0.188953         167.991         164.468 
       0.204907         141.564         142.371 
       0.220756         128.125         125.833 
        0.23588         113.877         111.767 
         0.2514         101.383         99.0347 
       0.267535         92.2485         88.3221 
       0.283568         82.1888          79.365 
       0.299022         75.2765         71.6689 
       0.314451         70.3001         64.9792 
       0.330372          62.743         59.0819 
       0.346141         57.5094         53.9349 
       0.361624         52.8828         49.4324 
       0.377134         48.4289         45.4504 
       0.392932         46.5511         41.8621 
       0.408854         42.2724         38.6268 
       0.424564         40.3874         35.7611 
       0.440253         36.9172         33.1961 
       0.455999         33.7681         30.8768 
       0.471626         31.8188         28.7909 
        0.48727         30.8298         26.8952 
       0.502856         28.8399         25.1774 
       0.518488         26.7835         23.6052 
       0.534347         25.1571         22.1468 
       0.550082         24.1722         20.8217 
       0.565732         23.1847         19.6117 
       0.581496         21.8342         18.4902 
       0.597222         20.5682         17.4588 
       0.612804         19.5186         16.5147 
       0.628434         19.0245         15.6382 
       0.644267           18.05         14.8154 
       0.660051         17.1026         14.0543 
       0.675724         16.2433         13.3516 
       0.691403         15.8049         12.6968 
       0.707174         15.1122         12.0827 
       0.722871         14.6663         11.5119 
        0.73838         13.7913         10.9843 
       0.754018         13.1606         10.4859 
       0.769845         12.6688         10.0132 
        0.78569          12.322         9.56918 
       0.801365         11.7995         9.15653 
       0.817031         11.4203         8.76855 
       0.832809         10.9349         8.40064 
       0.848511         10.6356         8.05553 
       0.864097         10.2495         7.73224 
       0.879701         10.0331         7.42644 
       0.895507         9.64785         7.13362 
       0.911279         9.26309         6.85725 
        0.92691          9.0231         6.59787 
       0.942635         8.74104         6.35053 
       0.958396         8.43293          6.1154 
       0.974128         8.23884         5.89266 
       0.989692         7.86292         5.68326 
        1.00528          7.7715         5.48378 
        1.02113         7.51887         5.29079 
        1.03692         7.32472         5.10786 
        1.05264         7.09501         4.93445 
        1.06832         6.92036         4.76941 
        1.08405         6.75165         4.61152 
        1.09979         6.57859         4.46071 
        1.11537         6.40551         4.31817 
        1.13105         6.24002         4.18104 
        1.14679          6.0942         4.04936 
        1.16256         5.91776         3.92311 
        1.17828         5.82742         3.80269 
        1.19395         5.64323         3.68775 
         1.2097         5.47914         3.57699 
        1.22537         5.34091         3.47134 
          1.241         5.22654         3.37028 
        1.25666         5.18332         3.27301 
        1.27241         5.06718         3.17914 
        1.28819         4.86987          3.0888 
        1.30392         4.77228         3.00225 
        1.31957         4.70528         2.91941 
        1.33529          4.5784         2.83941 
        1.35108         4.47978         2.76209 
        1.36674         4.37533         2.68822 
         1.3824         4.32754         2.61712 
        1.39811         4.21697         2.54837 
        1.41389         4.11328         2.48183 
        1.42964         4.05743         2.41779 
        1.44531         3.97858         2.35632 
        1.46101         3.90959         2.29687 
        1.47667         3.82669         2.23966 
        1.49229         3.71689         2.18455 
        1.50793          3.6443         2.13124 
        1.52367          3.5849         2.07937 
        1.53953         3.50308         2.02888 
        1.55526         3.51019         1.98048 
        1.57092         3.40976         1.93386 
        1.58662         3.37298         1.88863 
        1.60235         3.28178         1.84477 
        1.61809         3.23309         1.80228 
        1.63369         3.17815         1.76151 
        1.64941         3.12539         1.72171 
        1.66519         3.08143         1.68301 
        1.68085         3.01882         1.64577 
        1.69652         2.97262         1.60964 
        1.71228         2.92375         1.57441 
        1.72806         2.88264          1.5402 
        1.74368         2.83694         1.50735 
        1.75933         2.79526         1.47539 
        1.77505         2.74373         1.44422 
        1.79081         2.70645         1.41389 
         1.8065         2.66474         1.38457 
        1.82218         2.61461          1.3561 
        1.83797         2.57051         1.32824 
        1.85367         2.53723         1.30132 
        1.86928         2.50863         1.27531 
        1.88497         2.45259         1.24987 
        1.90073         2.43478         1.22503 
        1.91647         2.39201         1.20089 
        1.93218         2.36103         1.17745 
        1.94787         2.32818         1.15467 
        1.96363         2.29787         1.13241 
        1.97935          2.2606         1.11078 
        1.99499         2.23104         1.08984 
        2.01064         2.20543         1.06941 
         2.0264         2.16543         1.04937 
        2.04216         2.14372         1.02986 
        2.05781         2.10587         1.01097 
        2.07353         2.09594        0.992485 
        2.08928         2.06017        0.974424 
        2.10499         2.02783        0.956861 
        2.12065         2.01195        0.939784 
        2.13633         1.98127         0.92311 
        2.15211         1.95179        0.906733 
        2.16785          1.9312          0.8908 
        2.18349          1.9011         0.87535 
        2.19916         1.88855        0.860235 
        2.21489         1.86676        0.845427 
        2.23063         1.82946        0.830957 
         2.2463         1.80377        0.816893 
        2.26194         1.79347        0.803189 
        2.27765         1.75741        0.789729 
        2.29341         1.74513        0.776543 
        2.30914         1.71783        0.763686 
        2.32486         1.71082        0.751128 
        2.34061         1.69197        0.738831 
        2.35635         1.67022        0.726821 
        2.37203         1.64888         0.71512 
        2.38768         1.63085          0.7037 
        2.40339         1.61734         0.69249 
        2.41914         1.59672        0.681497 
        2.43483         1.57882        0.670782 
         2.4505         1.55737        0.660316 
        2.46622         1.53726        0.650037 
        2.48195         1.52575        0.639977 
        2.49759         1.50531        0.630183 
        2.51328         1.49292        0.620569 
        2.52906         1.48202        0.611095 
        2.54479         1.45884        0.601855 
        2.56049         1.44603        0.592823 
        2.57618         1.43025        0.583985 
        2.59189          1.4195        0.575314 
        2.60758         1.40099        0.566832 
        2.62325         1.38553        0.558532 
        2.63898         1.37157         0.55037 
        2.65468         1.35147        0.542388 
        2.67044         1.34949         0.53453 
        2.68618         1.33563        0.526846 
        2.70184         1.31656        0.519343 
        2.71755         1.31285        0.511969 
        2.73329          1.2921        0.504726 
        2.74897         1.28037        0.497647 
        2.76462         1.26717         0.49072 
        2.78034         1.26455        0.483896 
        2.79607         1.24644        0.477194 
        2.81179         1.23201        0.470627 
        2.82749         1.22104        0.464192 
        2.84321         1.21294        0.457869 
        2.85893         1.19754        0.451666 
        2.87462         1.18862        0.445589 
        2.89033         1.17754        0.439618 
        2.90605         1.17139        0.433751 
        2.92176         1.15934        0.427995 
        2.93747         1.14963        0.422346 
        2.95318         1.13537        0.416797 
        2.96891         1.13277        0.411346 
        2.98456         1.11537        0.406017 
        3.00023         1.10578        0.400774 
        3.01596          1.0962        0.395608 
        3.03164         1.08958        0.390547 
        3.04738         1.07952         0.38556 
         3.0631         1.06688        0.380662 
        3.07883         1.06161        0.375849 
        3.09456         1.04957         0.37112 
        3.11026         1.04377        0.366479 
        3.12596         1.03321        0.361919 
        3.14163         1.03064        0.357446 
        3.15734         1.01898        0.353039 
        3.17308         1.00957        0.348695 
        3.18879         1.00589        0.344437 
        3.20447        0.995721        0.340255 
         3.2202        0.983403        0.336131 
         3.2359        0.979983        0.332081 
        3.25157        0.970655        0.328109 
        3.26729        0.963905        0.324189 
        3.28304        0.956842        0.320325 
        3.29877        0.948212         0.31653 
        3.31446        0.944362        0.312804 
        3.33014        0.929704        0.309142 
        3.34585        0.927417        0.305533 
        3.36158        0.919879        0.301976 
        3.37727        0.916173        0.298486 
        3.39294        0.906878        0.295055 
        3.40867        0.902722        0.291666 
        3.42439        0.897608        0.288332 
        3.44008        0.888322        0.285056 
        3.45578        0.881861        0.281829 
        3.47153        0.876204        0.278645 
        3.48724        0.868719        0.275515 
        3.50292        0.861311        0.272441 
        3.51859        0.860037        0.269415 
        3.53431        0.851915        0.266426 
        3.55007         0.84669        0.263475 
        3.56577        0.841799         0.26058 
        3.58146        0.837139        0.257729 
        3.59719        0.829882        0.254915 
        3.61292        0.821688        0.252144 
        3.62859        0.818589        0.249425 
        3.64429        0.812133         0.24674 
        3.66003        0.806892        0.244087 
        3.67578        0.801532        0.241474 
        3.69146        0.797821        0.238908 
        3.70712        0.793359        0.236385 
        3.72284        0.786797        0.233889 
        3.73853         0.78092        0.231433 
        3.75422        0.778013        0.229012 
        3.76993        0.770632        0.226623 
        3.78564        0.767235        0.224269 
        3.80137        0.763193        0.221945 
        3.81707        0.756756        0.219658 
        3.83279        0.752315        0.217402 
        3.84853        0.746877        0.215174 
        3.86424        0.740521        0.212982 
        3.87992        0.740545        0.210823 
        3.89561        0.734048        0.208694 
        3.91134        0.727295         0.20659 
        3.92704        0.723691        0.204518 
        3.94273         0.71927        0.202476 
        3.95845        0.717035        0.200458 
        3.97418        0.712702        0.198467 
        3.98988        0.707807        0.196506 
        4.00554        0.700987        0.194577 
        4.02125        0.697855        0.192668 
        4.03698         0.69266        0.190782 
        4.05268        0.685816        0.188925 
        4.06839        0.682428        0.187092 
         4.0841        0.675426        0.185284 
        4.09983        0.670765        0.183497 
        4.11555        0.666844        0.181734 
        4.13124        0.660837        0.179999 
        4.14693        0.658244        0.178285 
        4.16266        0.649547         0.17659 
        4.17839        0.646116        0.174918 
        4.19408        0.645054        0.173271 
        4.20977        0.638576        0.171645 
        4.22551        0.636018        0.170036 
        4.24123        0.630003        0.168449 
        4.25691        0.626183        0.166886 
        4.27259        0.622514        0.165343 
        4.28831        0.619845        0.163816 
        4.30404        0.615996        0.162307 
        4.31974         0.61099        0.160821 
        4.33543        0.607459        0.159353 
        4.35116        0.604088        0.157901 
        4.36688        0.599307        0.156467 
        4.38255        0.597302        0.155057 
        4.39825         0.59372         0.15366 
        4.41398        0.589992        0.152278 
         4.4297         0.58886        0.150915 
        4.44541        0.583471        0.149569 
        4.46111        0.580539         0.14824 
        4.47683         0.57955        0.146926 
        4.49251        0.575699         0.14563 
        4.50819        0.572954        0.144351 
         4.5239        0.570114        0.143085 
        4.53962        0.565561        0.141833 
        4.55535        0.565926        0.140595 
        4.57106        0.563309        0.139374 
        4.58678        0.560082        0.138167 
         4.6025         0.55769        0.136974 
        4.61821        0.555313        0.135795 
        4.63391         0.55498        0.134632 
         4.6496        0.552034        0.133482 
        4.66532        0.549284        0.132345 
        4.68103        0.547396        0.131221 
        4.69673        0.544502        0.130111 
        4.71241         0.54383        0.129015 
        4.72811        0.542096         0.12793 
        4.74384        0.540787        0.126856 
        4.75955        0.538892        0.125797 
        4.77525        0.535952        0.124749 
        4.79096        0.535493        0.123713 
        4.80669        0.533173        0.122687 
         4.8224        0.531342        0.121675 
        4.83809        0.529416        0.120675 
        4.85379        0.530072        0.119685 
         4.8695        0.528152        0.118706 
        4.88521        0.527458        0.117738 
        4.90093         0.52548        0.116781 
        4.91663          0.5247        0.115835 
        4.93234        0.522531        0.114899 
        4.94807        0.522065        0.113973 
        4.96377        0.521585        0.113058 
        4.97943        0.520028        0.112155 
        4.99514        0.518574         0.11126 
        5.01086         0.51924        0.110374 
        5.02654         0.51784          0.1095 
        5.04227        0.515653        0.108633 
          5.058        0.517088        0.107775 
        5.07371        0.514957        0.106928 
        5.08942        0.516401        0.106089 
        5.10513        0.514363         0.10526 
        5.12084        0.513491        0.104439 
        5.13656        0.513174        0.103627 
        5.15225        0.513805        0.102825 
        5.16796         0.51296         0.10203 
        5.18369        0.511231        0.101243 
         5.1994        0.511803        0.100466 
        5.21509        0.511468       0.0996972 
        5.23079        0.510031       0.0989358 
        5.24649        0.511817       0.0981829 
        5.26217        0.510697       0.0974384 
        5.27788        0.512524       0.0967006 
        5.29359        0.511771       0.0959702 
        5.30933        0.510373       0.0952464 
        5.32504        0.510539       0.0945312 
        5.34073        0.511132       0.0938241 
        5.35646        0.510443       0.0931229 
        5.37218        0.512201       0.0924286 
        5.38789        0.509947       0.0917426 
        5.40357        0.511528       0.0910643 
        5.41929        0.511205       0.0903914 
        5.43502        0.511331       0.0897252 
         5.4507        0.513092       0.0890673 
        5.46639        0.511443       0.0884159 
        5.48212        0.512431       0.0877694 
        5.49786        0.512475       0.0871287 
        5.51353        0.512589       0.0864975 
        5.52921        0.512811        0.085872 
        5.54495        0.513929       0.0852508 
        5.56066        0.513895       0.0846364 
        5.57637        0.514073       0.0840282 
        5.59207        0.514798       0.0834264 
        5.60778        0.515554       0.0828304 
        5.62346        0.515964       0.0822409 
        5.63916        0.515675       0.0816567 
        5.65487         0.51619       0.0810778 
         5.6706        0.517164       0.0805039 
        5.68633        0.517738       0.0799353 
        5.70203        0.519132       0.0793733 
        5.71773        0.518481       0.0788169 
        5.73344        0.520101       0.0782655 
        5.74916        0.519576       0.0777189 
        5.76486        0.521448       0.0771782 
        5.78054        0.520152       0.0766435 
        5.79626        0.521419       0.0761123 
          5.812        0.522514       0.0755857 
         5.8277        0.522976       0.0750656 
        5.84339        0.523153       0.0745503 
        5.85911        0.525613       0.0740389 
        5.87484        0.524794       0.0735324 
        5.89053        0.526479       0.0730317 
        5.90623        0.528208       0.0725354 
        5.92195        0.527364       0.0720428 
        5.93767        0.528605        0.071555 
        5.95336        0.528453       0.0710726 
        5.96905        0.529582       0.0705948 
        5.98476        0.528431       0.0701207 
        6.00048        0.530205       0.0696509 
        6.01617        0.531301       0.0691859 
        6.03185        0.532058       0.0687258 
        6.04756        0.531765       0.0682687 
        6.06331         0.53419       0.0678148 
        6.07903        0.535152        0.067366 
        6.09473        0.535052       0.0669217 
        6.11044        0.535112        0.066481 
        6.12616        0.536156       0.0660443 
        6.14186        0.535342        0.065612 
        6.15755        0.538459       0.0651835 
        6.17326        0.538615       0.0647586 
        6.18898        0.539716       0.0643372 
        6.20467        0.540118       0.0639204 
        6.22036        0.539488       0.0635073 
         6.2361        0.540668       0.0630967 
         6.2518        0.541523       0.0626904 
        6.26748         0.54204       0.0622885 
        6.28319        0.542969       0.0618891 
        6.29893        0.545069       0.0614928 
        6.31463        0.544379       0.0611007 
        6.33033        0.543589       0.0607121 
        6.34604        0.545841       0.0603266 
        6.36177        0.545822       0.0599441 
        6.37747        0.547079       0.0595657 
        6.39316        0.546038       0.0591907 
        6.40888        0.547629       0.0588182 
         6.4246        0.547323       0.0584489 
        6.44031         0.54911       0.0580829 
        6.45601        0.550981       0.0577206 
        6.47172        0.550461       0.0573609 
        6.48744        0.551718       0.0570041 
        6.50313        0.552135        0.056651 
        6.51882         0.55184        0.056301 
        6.53452        0.552736       0.0559536 
        6.55025        0.554238       0.0556085 
        6.56597        0.553289       0.0552668 
        6.58166        0.554472       0.0549283 
        6.59736        0.553236       0.0545926 
        6.61307         0.55495       0.0542593 
         6.6288        0.556748       0.0539286 
         6.6445        0.556051       0.0536011 
         6.6602        0.557308       0.0532764 
        6.67592        0.557263       0.0529541 
        6.69164        0.556879       0.0526344 
        6.70735        0.557998       0.0523175 
        6.72304        0.558139       0.0520036 
        6.73874        0.559379       0.0516921 
        6.75446        0.559917       0.0513828 
        6.77016          0.5598       0.0510765 
        6.78585        0.560794       0.0507727 
        6.80156        0.560654       0.0504712 
        6.81729        0.561007       0.0501717 
        6.83301        0.561787       0.0498747 
         6.8487        0.562632       0.0495807 
         6.8644        0.561881       0.0492889 
        6.88012        0.563335       0.0489992 
        6.89583         0.56205       0.0487121 
        6.91151        0.564783       0.0484276 
        6.92723        0.563945       0.0481447 
        6.94296        0.564622        0.047864 
        6.95866        0.565039        0.047586 
        6.97436        0.565974       0.0473102 
        6.99007        0.565143       0.0470365 
        7.00578        0.566124       0.0467649 
        7.02147        0.567296       0.0464958 
        7.03718        0.567197       0.0462285 
         7.0529        0.567393       0.0459631 
        7.06863         0.56697       0.0456997 
        7.08433        0.568233       0.0454387 
        7.10004        0.566907       0.0451798 
        7.11575        0.568826       0.0449228 
        7.13145        0.567879       0.0446679 
        7.14715        0.568295        0.044415 
        7.16284        0.569375       0.0441644 
        7.17855        0.568353       0.0439152 
        7.19428        0.569217       0.0436677 
        7.20998        0.569927       0.0434225 
        7.22568        0.570309       0.0431793 
        7.24139        0.569156       0.0429378 
        7.25711        0.571049        0.042698 
        7.27282        0.572157       0.0424601 
        7.28852        0.570862       0.0422243 
        7.30423        0.572793         0.04199 
        7.31995          0.5723       0.0417575 
        7.33565        0.572034       0.0415269 
        7.35135        0.572183       0.0412981 
        7.36706        0.572661        0.041071 
        7.38277         0.57226       0.0408454 
        7.39847         0.57294       0.0406217 
        7.41419        0.573952       0.0403995 
         7.4299        0.573644        0.040179 
        7.44561        0.573117       0.0399602 
        7.46132        0.574921        0.039743 
        7.47701        0.572919       0.0395277 
        7.49272        0.575534       0.0393137 
        7.50842         0.57579       0.0391015 
         7.5241        0.573793        0.038891 
        7.53981        0.574879       0.0386818 
        7.55552        0.575737       0.0384741 
        7.57125        0.575825       0.0382676 
        7.58698        0.575575       0.0380627 
        7.60268        0.576358       0.0378597 
         7.6184        0.576169       0.0376579 
        7.63411        0.576456       0.0374577 
        7.64981        0.577222        0.037259 
        7.66552          0.5767       0.0370618 
        7.68123        0.577555       0.0368659 
        7.69695        0.576391       0.0366713 
        7.71264        0.575963       0.0364784 
        7.72834        0.576754       0.0362869 
        7.74407        0.577267       0.0360964 
        7.75978        0.577956       0.0359074 
        7.77546        0.577562       0.0357202 
        7.79116        0.576133       0.0355341 
         7.8069        0.578427       0.0353489 
         7.8226        0.577258       0.0351653 
        7.83828        0.579334       0.0349834 
        7.85399        0.578249       0.0348025 
        7.86972        0.577358       0.0346225 
        7.88543        0.579347       0.0344441 
        7.90111        0.579247       0.0342673 
        7.91681        0.580131       0.0340914 
        7.93255        0.579967       0.0339165 
        7.94828        0.580456       0.0337428 
        7.96397         0.57984       0.0335707 
        7.97967        0.580061       0.0333998 
        7.99538         0.57961       0.0332299 
         8.0111        0.579469       0.0330612 
         8.0268        0.579975       0.0328938 
        8.04248         0.58828       0.0327278 
         8.0582        0.580245       0.0325625 
        8.07393        0.581518       0.0323983 
        8.08963        0.582627       0.0322354 
        8.10533        0.582867       0.0320738 
        8.12104        0.583032       0.0319131 
        8.13675        0.582617       0.0317535 
        8.15245        0.582644       0.0315951 
        8.16815        0.583619       0.0314379 
        8.18387        0.583557       0.0312815 
        8.19959        0.585508       0.0311261 
         8.2153         0.58573       0.0309719 
        8.23101        0.584615       0.0308187 
        8.24672        0.586077       0.0306666 
        8.26241        0.586049       0.0305157 
         8.2781         0.58571       0.0303658 
        8.29381        0.586735       0.0302168 
        8.30952        0.586732       0.0300687 
        8.32524        0.587029       0.0299215 
        8.34095         0.58763       0.0297754 
        8.35666        0.588158       0.0296304 
        8.37237         0.58878       0.0294862 
        8.38808        0.588174        0.029343 
        8.40379        0.590089       0.0292008 
         8.4195        0.590112       0.0290596 
         8.4352        0.590286       0.0289193 
        8.45091        0.591214       0.0287799 
        8.46662        0.591022       0.0286414 
        8.48232        0.591495       0.0285039 
        8.49802        0.591699       0.0283673 
        8.51374        0.591483       0.0282314 
        8.52945        0.591843       0.0280965 
        8.54515        0.591996       0.0279626 
        8.56086        0.593835       0.0278294 
        8.57658        0.592474       0.0276972 
        8.59228         0.59466       0.0275658 
        8.60799         0.59392       0.0274352 
        8.62371        0.594767       0.0273055 
        8.63942         0.59462       0.0271766 
        8.65512        0.594521       0.0270487 
        8.67082        0.595643       0.0269215 
        8.68653        0.595553       0.0267951 
        8.70224        0.596585       0.0266695 
        8.71795        0.596355       0.0265448 
        8.73365        0.596316       0.0264209 
        8.74936        0.597586       0.0262977 
        8.76506        0.597575       0.0261754 
        8.78076        0.597511       0.0260539 
        8.79646        0.598101       0.0259331 
        8.81218        0.598386        0.025813 
        8.82791        0.598532       0.0256935 
         8.8436        0.599531       0.0255751 
         8.8593        0.599558       0.0254574 
        8.87503        0.598841       0.0253402 
        8.89076        0.599997       0.0252237 
        8.90644        0.600876       0.0251083 
        8.92214        0.600699       0.0249936 
        8.93786        0.601275       0.0248793 
        8.95357        0.601656       0.0247659 
        8.96928         0.60168       0.0246532 
        8.98498        0.602939       0.0245412 
        9.00069        0.602898       0.0244299 
        9.01639        0.601804       0.0243193 
        9.03208        0.603914       0.0242095 
        9.04778        0.603806       0.0241003 
        9.06351        0.604028       0.0239916 
        9.07923        0.603509       0.0238836 
        9.09493        0.605433       0.0237764 
        9.11062        0.604567       0.0236699 
        9.12635        0.605801       0.0235639 
        9.14207        0.605496       0.0234585 
        9.15777        0.606317       0.0233539 
        9.17346        0.606911         0.02325 
        9.18917        0.606998       0.0231467 
         9.2049        0.607542       0.0230438 
        9.22061         0.60726       0.0229417 
        9.23631        0.606806       0.0228402 
        9.25201        0.607712       0.0227394 
        9.26773        0.608567       0.0226391 
        9.28343        0.609519       0.0225394 
        9.29913        0.609474       0.0224404 
        9.31484        0.610117        0.022342 
        9.33057        0.609755        0.022244 
        9.34627        0.610113       0.0221467 
        9.36197        0.611269       0.0220501 
        9.37768        0.610524       0.0219539 
        9.39338        0.611414       0.0218584 
        9.40909        0.611791       0.0217634 
        9.42479        0.611853        0.021669 
         9.4405        0.612464       0.0215752 
        9.45621        0.613349       0.0214819 
        9.47193        0.613447       0.0213891 
        9.48763        0.613993        0.021297 
        9.50334        0.613797       0.0212053 
        9.51906        0.614491       0.0211142 
        9.53476        0.615605       0.0210237 
        9.55045        0.616012       0.0209338 
        9.56616        0.615206       0.0208443 
        9.58188        0.616362       0.0207552 
        9.59759        0.615967       0.0206667 
         9.6133        0.615666       0.0205787 
        9.62901        0.617113       0.0204912 
        9.64471        0.616651       0.0204042 
        9.66041        0.617973       0.0203177 
        9.67612        0.618241       0.0202316 
        9.69184        0.618452        0.020146 
        9.70754        0.618409       0.0200609 
        9.72324        0.619638       0.0199764 
        9.73895        0.619057       0.0198924 
        9.75467        0.620119       0.0198088 
        9.77038        0.621739       0.0197259 
        9.78607         0.62127       0.0196436 
        9.80177        0.621721       0.0195618 
        9.81749         0.62149       0.0194805 
         9.8332        0.621677       0.0193998 
         9.8489        0.622796       0.0193197 
        9.86463         0.62266       0.0192399 
        9.88035        0.622796       0.0191606 
        9.89606        0.623541       0.0190817 
        9.91175        0.624199       0.0190033 
        9.92745        0.624874       0.0189251 
        9.94317         0.62446        0.018847 
        9.95888        0.626088       0.0187691 
        9.97458        0.626451       0.0186915 
        9.99029        0.626481       0.0186138 
         10.006          0.6262       0.0185658 
        10.0217        0.627895       0.0185658 
        10.0374        0.627911       0.0185658 
        10.0531        0.627687       0.0185658 
        10.0688         0.62811       0.0185658 
        10.0845        0.629012       0.0185658 
        10.1002        0.629325       0.0185658 
        10.1159        0.629516       0.0185658 
        10.1317        0.630869       0.0185658 
        10.1474        0.630466       0.0185658 
        10.1631        0.631726       0.0185658 
        10.1788        0.631541       0.0185658 
        10.1945        0.633283       0.0185658 
        10.2102        0.632083       0.0185658 
        10.2259        0.633006       0.0185658 
        10.2416        0.633601       0.0185658 
        10.2573        0.634214       0.0185658 
         10.273        0.634999       0.0185658 
        10.2887        0.634896       0.0185658 
        10.3044        0.635778       0.0185658 
        10.3201        0.635805       0.0185658 
        10.3359        0.636058       0.0185658 
        10.3516        0.636853       0.0185658 
        10.3673        0.637934       0.0185658 
         10.383        0.637178       0.0185658 
        10.3987        0.638768       0.0185658 
        10.4144        0.638494       0.0185658 
        10.4301        0.638924       0.0185658 
        10.4458        0.639919       0.0185658 
        10.4615         0.64108       0.0185658 
        10.4772         0.64165       0.0185658 
        10.4929        0.641857       0.0185658 
        10.5086        0.642163       0.0185658 
        10.5244        0.641693       0.0185658 
        10.5401        0.643522       0.0185658 
        10.5558        0.643723       0.0185658 
        10.5715        0.645426       0.0185658 
        10.5872         0.64419       0.0185658 
        10.6029        0.646182       0.0185658 
        10.6186        0.646989       0.0185658 
        10.6343        0.646765       0.0185658 
          10.65        0.647839       0.0185658 
        10.6657        0.647904       0.0185658 
        10.6814        0.648083       0.0185658 
        10.6971        0.649451       0.0185658 
        10.7129        0.650128       0.0185658 
        10.7286        0.650582       0.0185658 
        10.7443        0.650938       0.0185658 
          10.76        0.651656       0.0185658 
        10.7757         0.65202       0.0185658 
        10.7914        0.652937       0.0185658 
        10.8071        0.653308       0.0185658 
        10.8228        0.654211       0.0185658 
        10.8385         0.65469       0.0185658 
        10.8542         0.65584       0.0185658 
        10.8699        0.655974       0.0185658 
        10.8856        0.656574       0.0185658 
        10.9014        0.656922       0.0185658 
        10.9171        0.658134       0.0185658 
        10.9328        0.658521       0.0185658 
        10.9485        0.660207       0.0185658 
        10.9642        0.659733       0.0185658 
        10.9799        0.661422       0.0185658 
        10.9956        0.661521       0.0185658 
        11.0113        0.661386       0.0185658 
         11.027        0.661972       0.0185658 
        11.0427        0.664182       0.0185658 
        11.0584        0.664459       0.0185658 
        11.0741        0.665018       0.0185658 
        11.0898        0.665838       0.0185658 
        11.1055         0.66688       0.0185658 
        11.1212        0.667423       0.0185658 
         11.137         0.66783       0.0185658 
        11.1527        0.669608       0.0185658 
        11.1684        0.670146       0.0185658 
        11.1841        0.670722       0.0185658 
        11.1998        0.671142       0.0185658 
        11.2155         0.67257       0.0185658 
        11.2312        0.673365       0.0185658 
        11.2469        0.674669       0.0185658 
        11.2626        0.674536       0.0185658 
        11.2783        0.676274       0.0185658 
         11.294        0.676784       0.0185658 
        11.3097         0.67739       0.0185658 
        11.3254        0.678248       0.0185658 
        11.3412        0.679871       0.0185658 
        11.3569        0.680837       0.0185658 
        11.3726        0.681873       0.0185658 
        11.3883         0.68211       0.0185658 
         11.404        0.683905       0.0185658 
        11.4197        0.683769       0.0185658 
        11.4354        0.685503       0.0185658 
        11.4511        0.685961       0.0185658 
        11.4668        0.687501       0.0185658 
        11.4825        0.688131       0.0185658 
        11.4982        0.688832       0.0185658 
         11.514        0.690502       0.0185658 
        11.5297        0.690399       0.0185658 
        11.5454        0.692245       0.0185658 
        11.5611        0.693517       0.0185658 
        11.5768        0.694276       0.0185658 
        11.5925        0.695377       0.0185658 
        11.6082         0.69648       0.0185658 
        11.6239        0.698906       0.0185658 
        11.6396        0.698707       0.0185658 
        11.6553        0.699772       0.0185658 
         11.671        0.700576       0.0185658 
        11.6867        0.702637       0.0185658 
        11.7024        0.703219       0.0185658 
        11.7182         0.70513       0.0185658 
        11.7339        0.706253       0.0185658 
        11.7496        0.707597       0.0185658 
        11.7653        0.708484       0.0185658 
         11.781         0.70984       0.0185658 
        11.7967        0.710891       0.0185658 
        11.8124         0.71303       0.0185658 
        11.8281        0.714029       0.0185658 
        11.8438        0.715173       0.0185658 
        11.8595        0.716478       0.0185658 
        11.8752        0.717663       0.0185658 
         11.891        0.718976       0.0185658 
        11.9067         0.72049       0.0185658 
        11.9224        0.722128       0.0185658 
        11.9381        0.723498       0.0185658 
        11.9538        0.725339       0.0185658 
        11.9695        0.726434       0.0185658 
        11.9852        0.727367       0.0185658 
        12.0009        0.729093       0.0185658 
        12.0166        0.731936       0.0185658 
        12.0323        0.732566       0.0185658 
         12.048        0.733783       0.0185658 
        12.0637        0.734843       0.0185658 
