# k  (h/Mpc)    Pcb(k)  (Mpc/h)^3    Pcb_linear(k) (Mpc/h)^3   ShotnoiseSubtracted = true
      0.0200456         19.4155         19.6319 
      0.0350414         15.4506         15.3934 
      0.0492313          12.213         12.1963 
      0.0637834         9.89856         9.91757 
      0.0800726         7.51956         7.49177 
       0.096163         5.92188         5.89276 
       0.111083         4.99853         4.98821 
       0.126058         4.14778         4.14662 
       0.142273          3.3837         3.37426 
       0.158546         2.87615         2.87448 
        0.17375         2.50488         2.50089 
       0.188953         2.15368            2.15 
       0.204907         1.85684         1.86114 
       0.220756         1.64429         1.64495 
        0.23588         1.46069         1.46107 
         0.2514         1.29622         1.29463 
       0.267535         1.15588         1.15459 
       0.283568         1.03793          1.0375 
       0.299022        0.937094        0.936887 
       0.314451        0.852616        0.849437 
       0.330372         0.77352        0.772345 
       0.346141        0.706135        0.705061 
       0.361624        0.646555        0.646202 
       0.377134        0.594043        0.594148 
       0.392932        0.550462        0.547241 
       0.408854        0.505097        0.504946 
       0.424564          0.4694        0.467485 
       0.440253        0.434885        0.433953 
       0.455999        0.403517        0.403635 
       0.471626        0.376197        0.376367 
        0.48727        0.352759        0.351586 
       0.502856        0.330424         0.32913 
       0.518488        0.308407        0.308578 
       0.534347        0.288891        0.289512 
       0.550082          0.2729         0.27219 
       0.565732        0.257985        0.256372 
       0.581496        0.242331        0.241712 
       0.597222        0.228688        0.228229 
       0.612804        0.216385        0.215888 
       0.628434        0.204661         0.20443 
       0.644267        0.194366        0.193674 
       0.660051        0.184515        0.183724 
       0.675724         0.17492        0.174537 
       0.691403         0.16622        0.165978 
       0.707174        0.158276         0.15795 
       0.722871         0.15156        0.150489 
        0.73838        0.143839        0.143592 
       0.754018        0.137225        0.137077 
       0.769845        0.130846        0.130897 
        0.78569        0.125452        0.125093 
       0.801365        0.120207        0.119698 
       0.817031        0.115088        0.114626 
       0.832809        0.110138        0.109817 
       0.848511        0.105658        0.105305 
       0.864097        0.101655        0.101079 
       0.879701       0.0977746       0.0970817 
       0.895507       0.0934544       0.0932538 
       0.911279       0.0901287        0.089641 
        0.92691       0.0869007       0.0862503 
       0.942635       0.0833498        0.083017 
       0.958396       0.0804079       0.0799432 
       0.974128       0.0774649       0.0770314 
       0.989692       0.0747368       0.0742941 
        1.00528       0.0719105       0.0716864 
        1.02113       0.0697222       0.0691636 
        1.03692       0.0672959       0.0667722 
        1.05264       0.0649114       0.0645054 
        1.06832       0.0627601       0.0623479 
        1.08405       0.0606738       0.0602838 
        1.09979       0.0587845       0.0583124 
        1.11537       0.0566942        0.056449 
        1.13105       0.0549049       0.0546564 
        1.14679       0.0532268        0.052935 
        1.16256       0.0517385       0.0512847 
        1.17828       0.0501537       0.0497105 
        1.19395       0.0486487       0.0482079 
         1.2097        0.047154         0.04676 
        1.22537       0.0456893       0.0453788 
          1.241       0.0443754       0.0440578 
        1.25666       0.0431756       0.0427863 
        1.27241       0.0418913       0.0415591 
        1.28819       0.0406947       0.0403782 
        1.30392        0.039662       0.0392468 
        1.31957       0.0385023       0.0381638 
        1.33529       0.0375481        0.037118 
        1.35108       0.0364094       0.0361073 
        1.36674       0.0355699       0.0351416 
         1.3824       0.0345122       0.0342122 
        1.39811       0.0335963       0.0333134 
        1.41389       0.0328491       0.0324436 
        1.42964       0.0319204       0.0316064 
        1.44531        0.031139       0.0308029 
        1.46101       0.0303196       0.0300257 
        1.47667       0.0296015       0.0292778 
        1.49229       0.0289171       0.0285574 
        1.50793       0.0282012       0.0278605 
        1.52367       0.0275195       0.0271824 
        1.53953       0.0268032       0.0265224 
        1.55526       0.0261732       0.0258897 
        1.57092       0.0256551       0.0252802 
        1.58662       0.0250119        0.024689 
        1.60235       0.0244097       0.0241156 
        1.61809        0.023891       0.0235602 
        1.63369       0.0233373       0.0230272 
        1.64941       0.0227968        0.022507 
        1.66519       0.0223018        0.022001 
        1.68085       0.0218219       0.0215142 
        1.69652         0.02137        0.021042 
        1.71228       0.0208498       0.0205813 
        1.72806       0.0204639       0.0201341 
        1.74368       0.0200005       0.0197047 
        1.75933       0.0195855        0.019287 
        1.77505       0.0192037       0.0188795 
        1.79081        0.018782        0.018483 
         1.8065       0.0184147       0.0180997 
        1.82218       0.0180058       0.0177276 
        1.83797       0.0176601       0.0173634 
        1.85367       0.0172915       0.0170115 
        1.86928       0.0169093       0.0166714 
        1.88497       0.0166095       0.0163389 
        1.90073       0.0162448       0.0160142 
        1.91647       0.0160099       0.0156986 
        1.93218       0.0157277       0.0153922 
        1.94787       0.0153685       0.0150944 
        1.96363       0.0150639       0.0148034 
        1.97935       0.0147832       0.0145206 
        1.99499       0.0145332       0.0142469 
        2.01064       0.0142298       0.0139798 
         2.0264       0.0139875       0.0137179 
        2.04216       0.0137513       0.0134628 
        2.05781       0.0134684       0.0132158 
        2.07353         0.01324       0.0129742 
        2.08928        0.013002       0.0127381 
        2.10499       0.0128027       0.0125085 
        2.12065       0.0125549       0.0122853 
        2.13633       0.0123371       0.0120673 
        2.15211       0.0121172       0.0118532 
        2.16785       0.0118671       0.0116449 
        2.18349       0.0116967        0.011443 
        2.19916       0.0114816       0.0112454 
        2.21489       0.0112903       0.0110518 
        2.23063       0.0111257       0.0108626 
         2.2463       0.0109437       0.0106788 
        2.26194        0.010761       0.0104996 
        2.27765       0.0105875       0.0103237 
        2.29341       0.0103881       0.0101513 
        2.30914       0.0102243      0.00998324 
        2.32486       0.0100428      0.00981907 
        2.34061      0.00988978      0.00965833 
        2.35635      0.00974677      0.00950132 
        2.37203      0.00961891      0.00934836 
        2.38768      0.00948037      0.00919908 
        2.40339      0.00929992      0.00905253 
        2.41914      0.00915519      0.00890883 
        2.43483      0.00903825      0.00876876 
         2.4505      0.00887376      0.00863194 
        2.46622      0.00873428      0.00849757 
        2.48195      0.00860379      0.00836606 
        2.49759      0.00848473      0.00823804 
        2.51328      0.00833907      0.00811236 
        2.52906      0.00822104      0.00798851 
        2.54479      0.00810511      0.00786771 
        2.56049      0.00797092      0.00774965 
        2.57618      0.00786366      0.00763411 
        2.59189      0.00774183      0.00752076 
        2.60758      0.00765688      0.00740988 
        2.62325      0.00751909      0.00730138 
        2.63898      0.00742983      0.00719468 
        2.65468      0.00731058      0.00709033 
        2.67044      0.00720341      0.00698761 
        2.68618      0.00709984      0.00688716 
        2.70184      0.00703305      0.00678909 
        2.71755      0.00691997      0.00669268 
        2.73329      0.00684128        0.006598 
        2.74897      0.00672202      0.00650546 
        2.76462      0.00663484       0.0064149 
        2.78034      0.00655373       0.0063257 
        2.79607      0.00646183      0.00623809 
        2.81179        0.006373      0.00615225 
        2.82749      0.00629333      0.00606812 
        2.84321       0.0062073      0.00598547 
        2.85893      0.00612913      0.00590438 
        2.87462      0.00604674      0.00582494 
        2.89033      0.00596432      0.00574688 
        2.90605        0.005879      0.00567019 
        2.92176      0.00581001      0.00559494 
        2.93747      0.00573893      0.00552109 
        2.95318      0.00565817      0.00544856 
        2.96891      0.00558169       0.0053773 
        2.98456      0.00551289      0.00530763 
        3.00023      0.00546678       0.0052391 
        3.01596      0.00538136      0.00517156 
        3.03164      0.00531093       0.0051054 
        3.04738      0.00525439      0.00504021 
         3.0631      0.00517698      0.00497618 
        3.07883      0.00513049      0.00491326 
        3.09456      0.00505703      0.00485144 
        3.11026      0.00498657      0.00479078 
        3.12596      0.00494528      0.00473116 
        3.14163      0.00488235      0.00467269 
        3.15734       0.0048333      0.00461508 
        3.17308      0.00477648       0.0045583 
        3.18879      0.00470111      0.00450263 
        3.20447      0.00466235      0.00444797 
         3.2202      0.00459755      0.00439405 
         3.2359       0.0045508      0.00434111 
        3.25157      0.00449291      0.00428918 
        3.26729      0.00443712      0.00423794 
        3.28304      0.00439825      0.00418744 
        3.29877       0.0043402      0.00413782 
        3.31446      0.00428887      0.00408912 
        3.33014      0.00424063      0.00404124 
        3.34585      0.00420668      0.00399406 
        3.36158      0.00415738      0.00394756 
        3.37727      0.00410136      0.00390195 
        3.39294      0.00405577       0.0038571 
        3.40867      0.00401668      0.00381279 
        3.42439      0.00397346       0.0037692 
        3.44008      0.00392889      0.00372638 
        3.45578      0.00388661      0.00368419 
        3.47153      0.00384232      0.00364257 
        3.48724      0.00379837      0.00360165 
        3.50292       0.0037654      0.00356147 
        3.51859      0.00373936      0.00352191 
        3.53431      0.00369115      0.00348283 
        3.55007      0.00364662      0.00344426 
        3.56577      0.00360736      0.00340641 
        3.58146      0.00357483      0.00336915 
        3.59719      0.00354408      0.00333237 
        3.61292      0.00350306      0.00329614 
        3.62859      0.00345756      0.00326059 
        3.64429      0.00343481       0.0032255 
        3.66003      0.00340126      0.00319081 
        3.67578      0.00336299      0.00315665 
        3.69146      0.00333868      0.00312312 
        3.70712      0.00329444      0.00309013 
        3.72284      0.00326631       0.0030575 
        3.73853      0.00322579       0.0030254 
        3.75422      0.00320218      0.00299374 
        3.76993      0.00317445      0.00296251 
        3.78564      0.00314726      0.00293174 
        3.80137      0.00311216      0.00290136 
        3.81707      0.00307895      0.00287147 
        3.83279      0.00304663      0.00284198 
        3.84853      0.00302448      0.00281285 
        3.86424      0.00299557      0.00278419 
        3.87992       0.0029693      0.00275597 
        3.89561      0.00294303      0.00272814 
        3.91134      0.00291495      0.00270064 
        3.92704      0.00289684      0.00267355 
        3.94273      0.00286366      0.00264685 
        3.95845      0.00284803      0.00262047 
        3.97418      0.00281601      0.00259445 
        3.98988      0.00278506      0.00256882 
        4.00554      0.00276386       0.0025436 
        4.02125      0.00273643      0.00251864 
        4.03698      0.00269491      0.00249399 
        4.05268      0.00267469      0.00246972 
        4.06839      0.00265101      0.00244575 
         4.0841       0.0026273      0.00242211 
        4.09983      0.00260817      0.00239875 
        4.11555      0.00257643      0.00237571 
        4.13124      0.00256548      0.00235303 
        4.14693      0.00254172      0.00233063 
        4.16266      0.00252465      0.00230847 
        4.17839       0.0025095      0.00228661 
        4.19408      0.00248175      0.00226508 
        4.20977      0.00246423      0.00224382 
        4.22551      0.00244614      0.00222278 
        4.24123      0.00243515      0.00220203 
        4.25691      0.00242313      0.00218161 
        4.27259      0.00240218      0.00216144 
        4.28831      0.00239133      0.00214148 
        4.30404      0.00237241      0.00212175 
        4.31974      0.00236639      0.00210232 
        4.33543      0.00234817      0.00208314 
        4.35116       0.0023355      0.00206415 
        4.36688      0.00232307      0.00204541 
        4.38255      0.00231504      0.00202697 
        4.39825      0.00230796      0.00200872 
        4.41398      0.00229983      0.00199065 
         4.4297      0.00228241      0.00197283 
        4.44541      0.00227799      0.00195523 
        4.46111      0.00227127      0.00193785 
        4.47683      0.00226228      0.00192068 
        4.49251      0.00225626      0.00190374 
        4.50819      0.00224847      0.00188702 
         4.5239      0.00224483      0.00187047 
        4.53962      0.00224382       0.0018541 
        4.55535      0.00223683      0.00183792 
        4.57106      0.00223996      0.00182196 
        4.58678      0.00223468      0.00180618 
         4.6025      0.00223624      0.00179058 
        4.61821       0.0022291      0.00177517 
        4.63391      0.00223762      0.00175997 
         4.6496      0.00222639      0.00174494 
        4.66532      0.00223667      0.00173007 
        4.68103      0.00223566      0.00171538 
        4.69673      0.00223865      0.00170087 
        4.71241      0.00224517      0.00168655 
        4.72811      0.00224502      0.00167236 
        4.74384      0.00224988      0.00165832 
        4.75955      0.00226643      0.00164447 
        4.77525      0.00227227      0.00163078 
        4.79096      0.00227869      0.00161723 
        4.80669      0.00228237      0.00160382 
         4.8224      0.00229375      0.00159058 
        4.83809      0.00229808      0.00157751 
        4.85379       0.0023136      0.00156458 
         4.8695      0.00233027      0.00155178 
        4.88521      0.00234262      0.00153912 
        4.90093      0.00235241      0.00152661 
        4.91663      0.00237282      0.00151425 
        4.93234      0.00238335      0.00150201 
        4.94807      0.00239808       0.0014899 
        4.96377      0.00241027      0.00147794 
        4.97943      0.00243799      0.00146615 
        4.99514       0.0024437      0.00145445 
        5.01086      0.00247503      0.00144286 
        5.02654      0.00250169      0.00143144 
        5.04227      0.00251638       0.0014201 
          5.058      0.00253979      0.00140888 
        5.07371      0.00255809      0.00139781 
        5.08942      0.00260511      0.00138685 
        5.10513      0.00261808      0.00137601 
        5.12084      0.00264933      0.00136527 
        5.13656      0.00268093      0.00135466 
        5.15225      0.00270931      0.00134418 
        5.16796       0.0027505      0.00133379 
        5.18369      0.00276331       0.0013235 
         5.1994      0.00281836      0.00131333 
        5.21509      0.00283609      0.00130329 
        5.23079      0.00287014      0.00129333 
        5.24649      0.00291757      0.00128349 
        5.26217      0.00296272      0.00127376 
        5.27788      0.00299308      0.00126411 
        5.29359      0.00303025      0.00125457 
        5.30933      0.00307923       0.0012451 
        5.32504      0.00311521      0.00123575 
        5.34073      0.00316945      0.00122651 
        5.35646      0.00321848      0.00121734 
        5.37218      0.00326756      0.00120827 
        5.38789      0.00332329       0.0011993 
        5.40357      0.00335623      0.00119043 
        5.41929      0.00342506      0.00118164 
        5.43502      0.00348721      0.00117293 
         5.4507      0.00354073      0.00116433 
        5.46639      0.00357677      0.00115581 
        5.48212      0.00365255      0.00114736 
        5.49786       0.0037263      0.00113898 
        5.51353      0.00379647      0.00113073 
        5.52921      0.00383984      0.00112256 
        5.54495      0.00395196      0.00111444 
        5.56066      0.00401146       0.0011064 
        5.57637      0.00408253      0.00109845 
        5.59207      0.00415261      0.00109059 
        5.60778      0.00421672       0.0010828 
        5.62346      0.00429615      0.00107509 
        5.63916      0.00439702      0.00106745 
        5.65487      0.00449468      0.00105989 
         5.6706      0.00457236      0.00105238 
        5.68633       0.0046576      0.00104495 
        5.70203      0.00477706       0.0010376 
        5.71773      0.00481994      0.00103033 
        5.73344      0.00493801      0.00102312 
        5.74916      0.00508743      0.00101598 
        5.76486      0.00515852      0.00100891 
        5.78054      0.00525871      0.00100192 
        5.79626      0.00537728     0.000994974 
          5.812      0.00551069     0.000988089 
         5.8277      0.00561162      0.00098129 
        5.84339      0.00573428     0.000974555 
        5.85911       0.0058885      0.00096787 
        5.87484      0.00600561     0.000961249 
        5.89053      0.00616896     0.000954702 
        5.90623      0.00629296     0.000948214 
        5.92195      0.00643891     0.000941775 
        5.93767      0.00659545     0.000935399 
        5.95336      0.00674052     0.000929093 
        5.96905      0.00692645     0.000922847 
        5.98476      0.00707603     0.000916649 
        6.00048      0.00727007     0.000910507 
        6.01617      0.00742206     0.000904429 
        6.03185      0.00758647     0.000898414 
        6.04756      0.00777902     0.000892439 
        6.06331      0.00795366     0.000886506 
        6.07903      0.00817419     0.000880639 
        6.09473      0.00839475      0.00087483 
        6.11044      0.00862689     0.000869069 
        6.12616      0.00882406      0.00086336 
        6.14186      0.00899705     0.000857709 
        6.15755      0.00930106     0.000852108 
        6.17326      0.00948077     0.000846553 
        6.18898      0.00974312     0.000841045 
        6.20467       0.0100161     0.000835596 
        6.22036       0.0102302     0.000830195 
         6.2361        0.010453     0.000824827 
         6.2518       0.0108098     0.000819516 
        6.26748       0.0110384     0.000814263 
        6.28319       0.0113945     0.000809042 
        6.29893       0.0117098     0.000803861 
        6.31463       0.0119756     0.000798735 
        6.33033       0.0122971     0.000793656 
        6.34604        0.012629     0.000788617 
        6.36177       0.0129133     0.000783616 
        6.37747       0.0134291     0.000778669 
        6.39316       0.0136458     0.000773767 
        6.40888        0.014153     0.000768897 
         6.4246       0.0145752     0.000764069 
        6.44031       0.0150114     0.000759286 
        6.45601       0.0153433     0.000754549 
        6.47172       0.0158214     0.000749847 
        6.48744       0.0162896     0.000745183 
        6.50313       0.0166588     0.000740567 
        6.51882        0.017128     0.000735991 
        6.53452       0.0176662      0.00073145 
        6.55025       0.0182485     0.000726939 
        6.56597       0.0187973     0.000722472 
        6.58166        0.019303     0.000718048 
        6.59736       0.0198665     0.000713659 
        6.61307       0.0204786     0.000709302 
         6.6288       0.0210602     0.000704979 
         6.6445       0.0219182     0.000700698 
         6.6602       0.0225001     0.000696453 
        6.67592       0.0233023     0.000692239 
        6.69164       0.0240027     0.000688061 
        6.70735       0.0247696     0.000683918 
        6.72304       0.0256145     0.000679814 
        6.73874        0.026134     0.000675742 
        6.75446       0.0271893     0.000671699 
        6.77016       0.0279695     0.000667695 
        6.78585       0.0290996     0.000663723 
        6.80156         0.03007     0.000659782 
        6.81729       0.0311974     0.000655867 
        6.83301        0.032175     0.000651984 
         6.8487       0.0333255     0.000648141 
         6.8644       0.0343892     0.000644327 
        6.88012       0.0357608     0.000640539 
        6.89583       0.0367682     0.000636786 
        6.91151       0.0379357     0.000633067 
        6.92723       0.0395048     0.000629369 
        6.94296       0.0410099     0.000625699 
        6.95866       0.0423314     0.000622065 
        6.97436       0.0442173      0.00061846 
        6.99007       0.0460044     0.000614881 
        7.00578       0.0476161     0.000611332 
        7.02147       0.0495419     0.000607814 
        7.03718       0.0510945      0.00060432 
         7.0529        0.053743      0.00060085 
        7.06863       0.0553244     0.000597406 
        7.08433       0.0576843     0.000593994 
        7.10004       0.0592545      0.00059061 
        7.11575       0.0627363     0.000587251 
        7.13145       0.0647436     0.000583918 
        7.14715       0.0679328     0.000580613 
        7.16284       0.0707756     0.000577336 
        7.17855        0.074873     0.000574079 
        7.19428         0.07777     0.000570843 
        7.20998       0.0805413     0.000567638 
        7.22568       0.0847107     0.000564459 
        7.24139       0.0881691     0.000561301 
        7.25711        0.092025     0.000558168 
        7.27282       0.0972805     0.000555058 
        7.28852        0.102226     0.000551975 
        7.30423        0.105818     0.000548912 
        7.31995        0.111013     0.000545873 
        7.33565        0.116386     0.000542858 
        7.35135        0.123115     0.000539867 
        7.36706        0.129439     0.000536898 
        7.38277        0.134864     0.000533949 
        7.39847        0.144767     0.000531025 
        7.41419        0.150929      0.00052812 
         7.4299        0.160968     0.000525238 
        7.44561        0.166625     0.000522377 
        7.46132        0.178097     0.000519538 
        7.47701         0.18936     0.000516724 
        7.49272        0.196814     0.000513927 
        7.50842        0.212419     0.000511152 
         7.5241        0.224749     0.000508401 
        7.53981        0.238365     0.000505666 
        7.55552        0.254146      0.00050295 
        7.57125        0.273386     0.000500252 
        7.58698        0.289746     0.000497573 
        7.60268        0.308769     0.000494918 
         7.6184        0.338237     0.000492281 
        7.63411        0.355024     0.000489663 
        7.64981        0.387904     0.000487066 
        7.66552        0.413754     0.000484488 
        7.68123        0.436745     0.000481927 
        7.69695        0.498144     0.000479383 
        7.71264        0.521099     0.000476862 
        7.72834        0.572024     0.000474358 
        7.74407        0.609117     0.000471868 
        7.75978        0.666358     0.000469397 
        7.77546        0.742423      0.00046695 
        7.79116         0.80093     0.000464517 
         7.8069        0.853288     0.000462096 
         7.8226        0.985449     0.000459697 
        7.83828         1.08204     0.000457319 
        7.85399         1.24698     0.000454954 
        7.86972         1.34262     0.000452601 
        7.88543         1.51037     0.000450269 
        7.90111         1.70301     0.000447957 
        7.91681         1.98207     0.000445658 
        7.93255         2.16875     0.000443371 
        7.94828         2.40701     0.000441101 
        7.96397          3.0231     0.000438851 
        7.97967         3.52362     0.000436617 
        7.99538         4.02087     0.000434397 
         8.0111         4.96731     0.000432191 
         8.0268         5.91853     0.000430002 
        8.04248         20.2325     0.000427832 
         8.0582         5.96886     0.000425672 
        8.07393         5.33469     0.000423524 
        8.08963         4.22069     0.000421396 
        8.10533         3.39144     0.000419283 
        8.12104         2.83772     0.000417182 
        8.13675         2.69548     0.000415096 
        8.15245         2.20055     0.000413026 
        8.16815         1.88848      0.00041097 
        8.18387         1.73835     0.000408925 
        8.19959         1.50739     0.000406894 
         8.2153         1.38663     0.000404878 
        8.23101          1.2505     0.000402876 
        8.24672          1.1448     0.000400887 
        8.26241         1.05205     0.000398915 
         8.2781        0.935162     0.000396956 
        8.29381        0.854095     0.000395007 
        8.30952        0.811411     0.000393071 
        8.32524        0.740803     0.000391147 
        8.34095        0.687341     0.000389238 
        8.35666        0.641747     0.000387341 
        8.37237        0.591898     0.000385457 
        8.38808        0.546437     0.000383585 
        8.40379        0.514808     0.000381726 
         8.4195        0.488724     0.000379879 
         8.4352         0.45519     0.000378045 
        8.45091        0.428031     0.000376224 
        8.46662        0.406166     0.000374413 
        8.48232        0.378351     0.000372615 
        8.49802        0.358712      0.00037083 
        8.51374        0.336864     0.000369054 
        8.52945        0.318489      0.00036729 
        8.54515        0.308676      0.00036554 
        8.56086        0.292458     0.000363799 
        8.57658        0.275726     0.000362069 
        8.59228        0.259246     0.000360353 
        8.60799        0.248501     0.000358645 
        8.62371        0.236634     0.000356949 
        8.63942        0.224951     0.000355265 
        8.65512        0.218796     0.000353592 
        8.67082        0.209564      0.00035193 
        8.68653        0.199654     0.000350278 
        8.70224        0.194679     0.000348636 
        8.71795        0.184314     0.000347006 
        8.73365        0.176226     0.000345385 
        8.74936        0.170998     0.000343775 
        8.76506        0.163761     0.000342177 
        8.78076        0.158247     0.000340588 
        8.79646        0.150791     0.000339009 
        8.81218        0.147398     0.000337439 
        8.82791         0.14277     0.000335877 
         8.8436        0.137414     0.000334329 
         8.8593        0.131909      0.00033279 
        8.87503        0.128921     0.000331258 
        8.89076        0.123481     0.000329736 
        8.90644        0.120853     0.000328227 
        8.92214        0.116128     0.000326727 
        8.93786        0.113887     0.000325234 
        8.95357        0.110278     0.000323751 
        8.96928        0.107517     0.000322277 
        8.98498        0.104207     0.000320814 
        9.00069        0.100749     0.000319359 
        9.01639       0.0986103     0.000317912 
        9.03208       0.0962301     0.000316477 
        9.04778       0.0935343     0.000315049 
        9.06351        0.091385     0.000313628 
        9.07923       0.0896135     0.000312217 
        9.09493       0.0883639     0.000310816 
        9.11062        0.085636     0.000309424 
        9.12635       0.0839527     0.000308038 
        9.14207       0.0820252      0.00030666 
        9.15777       0.0800838     0.000305293 
        9.17346       0.0785517     0.000303935 
        9.18917       0.0770662     0.000302583 
         9.2049       0.0760867     0.000301239 
        9.22061       0.0735137     0.000299904 
        9.23631       0.0726791     0.000298578 
        9.25201       0.0719839      0.00029726 
        9.26773        0.070473     0.000295948 
        9.28343       0.0694238     0.000294646 
        9.29913       0.0681477     0.000293351 
        9.31484       0.0676865     0.000292064 
        9.33057       0.0661367     0.000290783 
        9.34627       0.0657614     0.000289511 
        9.36197       0.0647196     0.000288248 
        9.37768       0.0635272     0.000286991 
        9.39338       0.0633633     0.000285742 
        9.40909       0.0624873     0.000284501 
        9.42479       0.0618088     0.000283267 
         9.4405       0.0615617     0.000282041 
        9.45621       0.0603806     0.000280821 
        9.47193       0.0603926     0.000279608 
        9.48763       0.0593771     0.000278404 
        9.50334       0.0596233     0.000277206 
        9.51906       0.0591257     0.000276015 
        9.53476       0.0585331     0.000274832 
        9.55045        0.058615     0.000273656 
        9.56616       0.0580021     0.000272486 
        9.58188       0.0582109     0.000271321 
        9.59759       0.0577723     0.000270164 
         9.6133       0.0575597     0.000269014 
        9.62901       0.0576979      0.00026787 
        9.64471       0.0572358     0.000266733 
        9.66041       0.0578358     0.000265602 
        9.67612       0.0572599     0.000264476 
        9.69184       0.0577039     0.000263357 
        9.70754       0.0577271     0.000262245 
        9.72324       0.0576371      0.00026114 
        9.73895       0.0584415     0.000260042 
        9.75467       0.0579811      0.00025895 
        9.77038       0.0589585     0.000257866 
        9.78607       0.0589485      0.00025679 
        9.80177       0.0591657     0.000255721 
        9.81749       0.0600624     0.000254658 
         9.8332       0.0592114     0.000253603 
         9.8489        0.061294     0.000252555 
        9.86463       0.0607488     0.000251513 
        9.88035       0.0619559     0.000250476 
        9.89606       0.0622726     0.000249445 
        9.91175       0.0625519     0.000248419 
        9.92745       0.0645177     0.000247397 
        9.94317       0.0638669     0.000246376 
        9.95888       0.0660915     0.000245359 
        9.97458       0.0661429     0.000244343 
        9.99029       0.0669099     0.000243328 
         10.006       0.0687886     0.000242701 
        10.0217       0.0679538     0.000242701 
        10.0374       0.0717553     0.000242701 
        10.0531       0.0710141     0.000242701 
        10.0688       0.0735534     0.000242701 
        10.0845        0.074581     0.000242701 
        10.1002       0.0742242     0.000242701 
        10.1159       0.0789455     0.000242701 
        10.1317       0.0776922     0.000242701 
        10.1474       0.0817857     0.000242701 
        10.1631       0.0822122     0.000242701 
        10.1788       0.0837224     0.000242701 
        10.1945       0.0876497     0.000242701 
        10.2102       0.0859889     0.000242701 
        10.2259        0.092852     0.000242701 
        10.2416       0.0917814     0.000242701 
        10.2573       0.0949596     0.000242701 
         10.273         0.09892     0.000242701 
        10.2887       0.0974169     0.000242701 
        10.3044        0.106778     0.000242701 
        10.3201        0.104113     0.000242701 
        10.3359        0.111268     0.000242701 
        10.3516        0.112929     0.000242701 
        10.3673        0.114027     0.000242701 
         10.383        0.123268     0.000242701 
        10.3987        0.119137     0.000242701 
        10.4144        0.131513     0.000242701 
        10.4301        0.130251     0.000242701 
        10.4458        0.136868     0.000242701 
        10.4615        0.143848     0.000242701 
        10.4772        0.138479     0.000242701 
        10.4929        0.160824     0.000242701 
        10.5086        0.153236     0.000242701 
        10.5244        0.165589     0.000242701 
        10.5401        0.170526     0.000242701 
        10.5558        0.168997     0.000242701 
        10.5715        0.194325     0.000242701 
        10.5872        0.180919     0.000242701 
        10.6029        0.208841     0.000242701 
        10.6186        0.205322     0.000242701 
        10.6343         0.21324     0.000242701 
          10.65        0.234244     0.000242701 
        10.6657        0.217009     0.000242701 
        10.6814        0.265281     0.000242701 
        10.6971        0.245926     0.000242701 
        10.7129        0.277244     0.000242701 
        10.7286        0.286462     0.000242701 
        10.7443        0.275303     0.000242701 
          10.76         0.34054     0.000242701 
        10.7757        0.303788     0.000242701 
        10.7914        0.364144     0.000242701 
        10.8071        0.352009     0.000242701 
        10.8228        0.369837     0.000242701 
        10.8385        0.426325     0.000242701 
        10.8542        0.377281     0.000242701 
        10.8699        0.506031     0.000242701 
        10.8856        0.439375     0.000242701 
        10.9014        0.517651     0.000242701 
        10.9171        0.533841     0.000242701 
        10.9328        0.475385     0.000242701 
        10.9485        0.711755     0.000242701 
        10.9642         0.55879     0.000242701 
        10.9799        0.765756     0.000242701 
        10.9956        0.672345     0.000242701 
        11.0113        0.744718     0.000242701 
         11.027         0.90748     0.000242701 
        11.0427        0.725579     0.000242701 
        11.0584         1.13279     0.000242701 
        11.0741        0.877756     0.000242701 
        11.0898          1.1778     0.000242701 
        11.1055         1.12102     0.000242701 
        11.1212        0.979265     0.000242701 
         11.137         1.65683     0.000242701 
        11.1527         1.15112     0.000242701 
        11.1684         1.88031     0.000242701 
        11.1841         1.44669     0.000242701 
        11.1998         1.80965     0.000242701 
        11.2155         2.10231     0.000242701 
        11.2312         1.65368     0.000242701 
        11.2469         3.01033     0.000242701 
        11.2626         1.91711     0.000242701 
        11.2783         3.27784     0.000242701 
         11.294         2.44038     0.000242701 
        11.3097         2.46214     0.000242701 
        11.3254         4.59398     0.000242701 
        11.3412         2.72607     0.000242701 
        11.3569         5.78189     0.000242701 
        11.3726         5.06412     0.000242701 
        11.3883         4.47894     0.000242701 
         11.404         4.03563     0.000242701 
        11.4197         2.58529     0.000242701 
        11.4354         4.39145     0.000242701 
        11.4511         2.35522     0.000242701 
        11.4668         3.22693     0.000242701 
        11.4825         2.21218     0.000242701 
        11.4982         1.81897     0.000242701 
         11.514         2.84051     0.000242701 
        11.5297         1.59829     0.000242701 
        11.5454         2.22763     0.000242701 
        11.5611         1.57343     0.000242701 
        11.5768          1.2705     0.000242701 
        11.5925         1.95153     0.000242701 
        11.6082         1.14638     0.000242701 
        11.6239         1.56545     0.000242701 
        11.6396         1.11762     0.000242701 
        11.6553         1.08915     0.000242701 
         11.671         1.24087     0.000242701 
        11.6867        0.875835     0.000242701 
        11.7024         1.14932     0.000242701 
        11.7182        0.836407     0.000242701 
        11.7339         0.89563     0.000242701 
        11.7496        0.854338     0.000242701 
        11.7653        0.681313     0.000242701 
         11.781        0.866189     0.000242701 
        11.7967        0.639876     0.000242701 
        11.8124        0.708426     0.000242701 
        11.8281        0.634801     0.000242701 
        11.8438        0.548811     0.000242701 
        11.8595        0.649316     0.000242701 
        11.8752        0.508359     0.000242701 
         11.891        0.565623     0.000242701 
        11.9067        0.489743     0.000242701 
        11.9224        0.470683     0.000242701 
        11.9381        0.485554     0.000242701 
        11.9538        0.404506     0.000242701 
        11.9695        0.461495     0.000242701 
        11.9852        0.393781     0.000242701 
        12.0009        0.391458     0.000242701 
        12.0166        0.386297     0.000242701 
        12.0323        0.333758     0.000242701 
         12.048        0.379339     0.000242701 
        12.0637        0.325252     0.000242701 
