# k  (h/Mpc)    Pcb(k)  (Mpc/h)^3    Pcb_linear(k) (Mpc/h)^3   ShotnoiseSubtracted = true
      0.0200456         27290.8         27770.6 
      0.0350414         22379.2           21775 
      0.0492313         16580.8         17252.5 
      0.0637834         13080.9           14029 
      0.0800726         9874.51         10597.6 
       0.096163         8477.18         8335.66 
       0.111083         7202.51         7056.12 
       0.126058         5755.75         5865.65 
       0.142273         4997.07          4773.1 
       0.158546         4226.59         4066.12 
        0.17375         3877.68         3537.66 
       0.188953         3691.08         3041.31 
       0.204907         3185.62         2632.69 
       0.220756         2912.21         2326.88 
        0.23588         2624.63         2066.78 
         0.2514         2404.18         1831.33 
       0.267535         2299.79         1633.23 
       0.283568         2089.08          1467.6 
       0.299022         1996.09         1325.28 
       0.314451         2074.57         1201.58 
       0.330372         1898.37         1092.53 
       0.346141         1757.87         997.352 
       0.361624         1679.84         914.093 
       0.377134         1629.73         840.458 
       0.392932         1543.85         774.105 
       0.408854         1493.54         714.278 
       0.424564         1468.04         661.286 
       0.440253         1394.07         613.854 
       0.455999          1333.3         570.967 
       0.471626         1328.08         532.395 
        0.48727         1277.34         497.341 
       0.502856         1254.37         465.575 
       0.518488         1199.47         436.502 
       0.534347         1163.48         409.533 
       0.550082         1128.58          385.03 
       0.565732         1100.98         362.655 
       0.581496          1071.3         341.916 
       0.597222         1066.94         322.844 
       0.612804         1034.63         305.387 
       0.628434         999.254         289.179 
       0.644267         978.651         273.963 
       0.660051         960.489         259.889 
       0.675724         950.001         246.894 
       0.691403         908.835         234.786 
       0.707174         892.159          223.43 
       0.722871         886.591         212.875 
        0.73838         855.974         203.119 
       0.754018          852.03         193.904 
       0.769845         829.732         185.161 
        0.78569         809.118         176.951 
       0.801365         791.342         169.321 
       0.817031         778.257         162.146 
       0.832809          762.05         155.343 
       0.848511         739.731         148.961 
       0.864097         733.438         142.983 
       0.879701         734.028         137.328 
       0.895507         713.439         131.913 
       0.911279         706.329         126.803 
        0.92691         690.377         122.006 
       0.942635         675.621         117.433 
       0.958396         671.119         113.085 
       0.974128         653.304         108.966 
       0.989692         642.407         105.094 
        1.00528          630.89         101.405 
        1.02113         618.299         97.8361 
        1.03692         606.313         94.4533 
        1.05264         600.413         91.2468 
        1.06832         590.192         88.1949 
        1.08405         580.481         85.2751 
        1.09979         569.673         82.4864 
        1.11537         555.525         79.8506 
        1.13105         550.262         77.3148 
        1.14679          541.52         74.8798 
        1.16256         534.315         72.5453 
        1.17828          527.03         70.3185 
        1.19395         515.105          68.193 
         1.2097         503.038         66.1449 
        1.22537         499.037         64.1912 
          1.241         487.646         62.3225 
        1.25666         479.371         60.5238 
        1.27241         477.323         58.7879 
        1.28819          467.22         57.1174 
        1.30392         461.453         55.5169 
        1.31957         451.555         53.9851 
        1.33529         446.665         52.5056 
        1.35108         445.447          51.076 
        1.36674         436.559         49.7099 
         1.3824         425.733         48.3952 
        1.39811         422.891         47.1238 
        1.41389         417.412         45.8934 
        1.42964           408.7         44.7092 
        1.44531         404.848         43.5726 
        1.46101         393.806         42.4732 
        1.47667          391.71         41.4152 
        1.49229         388.103         40.3961 
        1.50793         378.086         39.4103 
        1.52367          373.44         38.4512 
        1.53953          367.05         37.5176 
        1.55526         359.051         36.6225 
        1.57092         355.115         35.7604 
        1.58662         351.835         34.9241 
        1.60235         345.632          34.113 
        1.61809         339.573         33.3273 
        1.63369         336.281         32.5734 
        1.64941         330.445         31.8375 
        1.66519         327.519         31.1218 
        1.68085         318.865         30.4331 
        1.69652         315.938         29.7652 
        1.71228         311.121         29.1136 
        1.72806         307.397          28.481 
        1.74368         304.147         27.8735 
        1.75933         300.359         27.2827 
        1.77505         295.174         26.7062 
        1.79081         291.546         26.1454 
         1.8065         288.408         25.6031 
        1.82218         281.837         25.0767 
        1.83797         279.629         24.5616 
        1.85367         274.796         24.0638 
        1.86928         271.048         23.5828 
        1.88497          267.57         23.1123 
        1.90073         264.546          22.653 
        1.91647         260.579         22.2066 
        1.93218         256.986         21.7732 
        1.94787         253.192          21.352 
        1.96363         251.016         20.9403 
        1.97935         244.765         20.5403 
        1.99499         243.968         20.1531 
        2.01064         238.311         19.7752 
         2.0264         235.696         19.4047 
        2.04216         233.137          19.044 
        2.05781         228.945         18.6946 
        2.07353         227.096         18.3528 
        2.08928         223.449         18.0188 
        2.10499         222.051         17.6941 
        2.12065         218.596         17.3783 
        2.13633         215.313         17.0699 
        2.15211         211.818         16.7671 
        2.16785         210.106         16.4725 
        2.18349          206.31         16.1868 
        2.19916         205.314         15.9073 
        2.21489         201.966         15.6334 
        2.23063         200.053         15.3659 
         2.2463         196.515         15.1058 
        2.26194         193.727         14.8524 
        2.27765         192.577         14.6035 
        2.29341         190.046         14.3597 
        2.30914         187.182         14.1219 
        2.32486         186.177         13.8897 
        2.34061         182.527         13.6623 
        2.35635         180.281         13.4402 
        2.37203         178.915         13.2238 
        2.38768         176.494         13.0127 
        2.40339         173.469         12.8054 
        2.41914         172.187         12.6021 
        2.43483         170.104          12.404 
         2.4505         167.729         12.2104 
        2.46622          165.95         12.0203 
        2.48195          163.79         11.8343 
        2.49759         162.439         11.6532 
        2.51328         159.314         11.4754 
        2.52906         157.668         11.3002 
        2.54479         155.889         11.1294 
        2.56049         154.324         10.9624 
        2.57618         152.434         10.7989 
        2.59189         151.062         10.6386 
        2.60758         150.101         10.4817 
        2.62325         147.332         10.3283 
        2.63898         145.428         10.1773 
        2.65468         144.119         10.0297 
        2.67044         143.171          9.8844 
        2.68618         140.629         9.74231 
        2.70184         139.587         9.60358 
        2.71755         137.737         9.46721 
        2.73329         136.071         9.33328 
        2.74897         134.237         9.20238 
        2.76462         132.878         9.07428 
        2.78034          131.55         8.94809 
        2.79607         130.266         8.82417 
        2.81179         128.375         8.70273 
        2.82749         127.362         8.58373 
        2.84321         126.093         8.46681 
        2.85893         124.739         8.35211 
        2.87462         122.778         8.23973 
        2.89033         122.037         8.12932 
        2.90605         120.221         8.02083 
        2.92176         118.833         7.91438 
        2.93747          117.57         7.80992 
        2.95318         116.822         7.70732 
        2.96891         115.234         7.60652 
        2.98456         114.208         7.50797 
        3.00023          112.88         7.41102 
        3.01596         111.757         7.31549 
        3.03164         110.406         7.22191 
        3.04738         109.454         7.12969 
         3.0631         108.277         7.03912 
        3.07883         107.078         6.95011 
        3.09456         106.014         6.86266 
        3.11026         104.721         6.77685 
        3.12596          103.65         6.69252 
        3.14163         102.025         6.60981 
        3.15734         101.313         6.52831 
        3.17308         100.315         6.44799 
        3.18879         99.1122         6.36924 
        3.20447          98.167         6.29192 
         3.2202         97.1834         6.21565 
         3.2359         96.4035         6.14077 
        3.25157         95.4909         6.06731 
        3.26729         94.2129         5.99483 
        3.28304         93.5588         5.92339 
        3.29877         92.2588          5.8532 
        3.31446         91.4106         5.78431 
        3.33014         90.7887         5.71659 
        3.34585         89.7658         5.64984 
        3.36158         88.6848         5.58407 
        3.37727         87.7596         5.51954 
        3.39294         87.1242          5.4561 
        3.40867           86.08         5.39342 
        3.42439         85.1375         5.33177 
        3.44008         84.1759         5.27119 
        3.45578         83.5303         5.21152 
        3.47153         82.6262         5.15263 
        3.48724         81.6762         5.09476 
        3.50292         81.1695         5.03791 
        3.51859         80.3795         4.98196 
        3.53431         79.5402         4.92668 
        3.55007         78.6621         4.87211 
        3.56577         77.8734         4.81858 
        3.58146         77.1684         4.76587 
        3.59719         76.4272         4.71384 
        3.61292         75.8106         4.66259 
        3.62859         74.9026         4.61231 
        3.64429           74.55         4.56266 
        3.66003         73.6992          4.5136 
        3.67578         72.8906         4.46527 
        3.69146         72.3097         4.41784 
        3.70712         71.4744         4.37118 
        3.72284         70.8171         4.32502 
        3.73853         70.2592         4.27961 
        3.75422         69.7082         4.23483 
        3.76993         68.8964         4.19066 
        3.78564         68.0436         4.14713 
        3.80137         67.7929         4.10415 
        3.81707         67.0947         4.06187 
        3.83279         66.3162         4.02015 
        3.84853         66.0335         3.97895 
        3.86424         65.2574         3.93841 
        3.87992         64.4272         3.89849 
        3.89561         64.1264         3.85912 
        3.91134         63.4222         3.82022 
        3.92704          62.918         3.78189 
        3.94273         62.1211         3.74414 
        3.95845         61.6614         3.70682 
        3.97418         61.1544         3.67001 
        3.98988         60.7653         3.63375 
        4.00554         60.0131         3.59807 
        4.02125         59.5136         3.56278 
        4.03698         59.0037          3.5279 
        4.05268         58.5266         3.49357 
        4.06839         57.9262         3.45966 
         4.0841         57.5422         3.42622 
        4.09983         57.0082         3.39318 
        4.11555         56.5175         3.36058 
        4.13124         56.0202          3.3285 
        4.14693         55.4076         3.29681 
        4.16266         55.0108         3.26547 
        4.17839         54.5289         3.23454 
        4.19408         53.9862         3.20409 
        4.20977         53.5772         3.17402 
        4.22551         53.1203         3.14426 
        4.24123         52.7038         3.11491 
        4.25691          52.169         3.08602 
        4.27259         51.7833         3.05748 
        4.28831         51.3406         3.02925 
        4.30404         50.9644         3.00135 
        4.31974          50.559         2.97386 
        4.33543         49.9885         2.94673 
        4.35116         49.6939         2.91987 
        4.36688         49.0999         2.89336 
        4.38255         48.8079         2.86727 
        4.39825         48.3709         2.84145 
        4.41398         47.8527          2.8159 
         4.4297         47.5942         2.79069 
        4.44541         47.0748         2.76579 
        4.46111         46.6363         2.74121 
        4.47683         46.3867         2.71692 
        4.49251         45.9892         2.69296 
        4.50819         45.6191         2.66931 
         4.5239         45.1728          2.6459 
        4.53962         44.7778         2.62274 
        4.55535         44.4549         2.59986 
        4.57106          44.224         2.57727 
        4.58678          43.721         2.55495 
         4.6025         43.3036         2.53289 
        4.61821         43.0362         2.51109 
        4.63391         42.6757         2.48958 
         4.6496          42.382         2.46833 
        4.66532         41.9633         2.44729 
        4.68103         41.6328         2.42651 
        4.69673         41.3485         2.40599 
        4.71241         40.9572         2.38572 
        4.72811         40.5911         2.36566 
        4.74384         40.3242          2.3458 
        4.75955         40.0214          2.3262 
        4.77525         39.5998         2.30683 
        4.79096         39.3042         2.28767 
        4.80669         39.0128          2.2687 
         4.8224          38.777         2.24998 
        4.83809         38.4009         2.23149 
        4.85379         38.1712         2.21319 
         4.8695         37.8463         2.19508 
        4.88521         37.4552         2.17719 
        4.90093          37.195         2.15949 
        4.91663          36.929           2.142 
        4.93234         36.5988         2.12469 
        4.94807         36.2712         2.10756 
        4.96377          35.992         2.09064 
        4.97943         35.7205         2.07395 
        4.99514         35.4615          2.0574 
        5.01086         35.2093         2.04102 
        5.02654         34.9103         2.02486 
        5.04227         34.6468         2.00882 
          5.058         34.3761         1.99295 
        5.07371         34.0961         1.97728 
        5.08942         33.8303         1.96178 
        5.10513         33.5861         1.94644 
        5.12084         33.3491         1.93126 
        5.13656         33.1188         1.91625 
        5.15225         32.8436         1.90142 
        5.16796         32.6041         1.88672 
        5.18369         32.3369         1.87217 
         5.1994          32.118         1.85779 
        5.21509         31.8007         1.84358 
        5.23079         31.5518          1.8295 
        5.24649         31.3068         1.81558 
        5.26217         31.1603         1.80181 
        5.27788         30.8293         1.78816 
        5.29359         30.6336         1.77466 
        5.30933         30.3942         1.76127 
        5.32504         30.2067         1.74805 
        5.34073         29.9928         1.73497 
        5.35646         29.7475         1.72201 
        5.37218         29.5647         1.70917 
        5.38789         29.3334         1.69648 
        5.40357         29.0971         1.68394 
        5.41929         28.8984          1.6715 
        5.43502         28.6544         1.65918 
         5.4507         28.4737         1.64701 
        5.46639         28.1944         1.63497 
        5.48212         28.0272         1.62301 
        5.49786         27.8378         1.61116 
        5.51353         27.5728         1.59949 
        5.52921         27.4482         1.58793 
        5.54495          27.216         1.57644 
        5.56066         27.0495         1.56508 
        5.57637         26.8049         1.55383 
        5.59207         26.6424          1.5427 
        5.60778         26.4121         1.53168 
        5.62346         26.2734         1.52078 
        5.63916         26.0488         1.50998 
        5.65487         25.8528         1.49927 
         5.6706         25.7129         1.48866 
        5.68633         25.4999         1.47815 
        5.70203          25.289         1.46775 
        5.71773         25.1651         1.45746 
        5.73344         24.9577         1.44727 
        5.74916         24.7743         1.43716 
        5.76486         24.6143         1.42716 
        5.78054         24.4045         1.41727 
        5.79626         24.2598         1.40745 
          5.812         24.0465         1.39771 
         5.8277         23.9253          1.3881 
        5.84339         23.6897         1.37857 
        5.85911         23.5495         1.36911 
        5.87484          23.459         1.35975 
        5.89053         23.2563         1.35049 
        5.90623         23.1044         1.34131 
        5.92195         22.9012          1.3322 
        5.93767          22.721         1.32318 
        5.95336         22.6017         1.31426 
        5.96905         22.4273         1.30542 
        5.98476         22.2213         1.29666 
        6.00048         22.1236         1.28797 
        6.01617          21.961         1.27937 
        6.03185         21.8104         1.27086 
        6.04756         21.6657         1.26241 
        6.06331         21.5107         1.25402 
        6.07903         21.3412         1.24572 
        6.09473         21.2016          1.2375 
        6.11044         21.0522         1.22935 
        6.12616          20.935         1.22128 
        6.14186         20.8151         1.21328 
        6.15755          20.602         1.20536 
        6.17326          20.524          1.1975 
        6.18898         20.3423         1.18971 
        6.20467         20.2008           1.182 
        6.22036         20.0343         1.17436 
         6.2361         19.9197         1.16677 
         6.2518         19.7794         1.15926 
        6.26748         19.6319         1.15183 
        6.28319         19.5227         1.14444 
        6.29893         19.3972         1.13711 
        6.31463         19.2961         1.12986 
        6.33033         19.1305         1.12267 
        6.34604          19.007         1.11555 
        6.36177         18.9028         1.10847 
        6.37747         18.7593         1.10147 
        6.39316         18.5947         1.09454 
        6.40888          18.499         1.08765 
         6.4246         18.4017         1.08082 
        6.44031         18.2686         1.07406 
        6.45601         18.1537         1.06736 
        6.47172         18.0145          1.0607 
        6.48744         17.8865         1.05411 
        6.50313         17.7758         1.04758 
        6.51882         17.6452          1.0411 
        6.53452         17.5728         1.03468 
        6.55025         17.4106          1.0283 
        6.56597         17.2869         1.02198 
        6.58166          17.196         1.01572 
        6.59736         17.0996         1.00951 
        6.61307         16.9933         1.00335 
         6.6288         16.8611        0.997236 
         6.6445         16.7559         0.99118 
         6.6602         16.6301        0.985176 
        6.67592         16.5318        0.979214 
        6.69164         16.4122        0.973304 
        6.70735         16.3265        0.967444 
        6.72304         16.2144        0.961638 
        6.73874         16.1326        0.955879 
        6.75446         16.0091         0.95016 
        6.77016         15.8741        0.944496 
        6.78585         15.7833        0.938877 
        6.80156         15.7138        0.933303 
        6.81729         15.5718        0.927764 
        6.83301         15.4923        0.922271 
         6.8487          15.377        0.916835 
         6.8644         15.2898         0.91144 
        6.88012         15.1757        0.906082 
        6.89583         15.0851        0.900772 
        6.91151           14.98        0.895512 
        6.92723         14.9054        0.890281 
        6.94296         14.8242         0.88509 
        6.95866         14.7242        0.879949 
        6.97436         14.6117         0.87485 
        6.99007         14.5203        0.869788 
        7.00578         14.4457        0.864766 
        7.02147         14.3451         0.85979 
        7.03718         14.2707        0.854847 
         7.0529         14.1666         0.84994 
        7.06863         14.0933        0.845068 
        7.08433         13.9707        0.840241 
        7.10004         13.8813        0.835454 
        7.11575         13.8034        0.830702 
        7.13145         13.7322        0.825988 
        7.14715         13.6219        0.821313 
        7.16284         13.5624        0.816678 
        7.17855         13.4723         0.81207 
        7.19428         13.3756        0.807492 
        7.20998         13.3086        0.802959 
        7.22568         13.2209        0.798461 
        7.24139         13.1317        0.793995 
        7.25711         13.0451        0.789562 
        7.27282          12.967        0.785163 
        7.28852         12.8791        0.780803 
        7.30423         12.8166         0.77647 
        7.31995          12.732        0.772171 
        7.33565         12.6456        0.767907 
        7.35135         12.5786        0.763675 
        7.36706         12.4948        0.759475 
        7.38277         12.4186        0.755304 
        7.39847         12.3543        0.751167 
        7.41419         12.2515        0.747058 
         7.4299         12.1815        0.742981 
        7.44561         12.1295        0.738934 
        7.46132         12.0358        0.734919 
        7.47701         11.9845        0.730937 
        7.49272         11.8973        0.726981 
        7.50842         11.8167        0.723055 
         7.5241         11.7776        0.719164 
        7.53981         11.6745        0.715296 
        7.55552         11.6017        0.711454 
        7.57125         11.5376        0.707637 
        7.58698          11.488        0.703847 
        7.60268          11.402        0.700092 
         7.6184         11.3246        0.696361 
        7.63411         11.2838        0.692658 
        7.64981         11.2057        0.688985 
        7.66552         11.1479        0.685338 
        7.68123         11.0723        0.681715 
        7.69695         10.9883        0.678117 
        7.71264         10.9409        0.674551 
        7.72834         10.8729        0.671009 
        7.74407         10.8306        0.667486 
        7.75978         10.7367        0.663991 
        7.77546         10.6766        0.660529 
        7.79116         10.6289        0.657088 
         7.8069          10.549        0.653664 
         7.8226         10.4996        0.650269 
        7.83828         10.4377        0.646905 
        7.85399         10.3705         0.64356 
        7.86972         10.2992        0.640232 
        7.88543         10.2463        0.636933 
        7.90111         10.1848        0.633663 
        7.91681         10.1386        0.630411 
        7.93255         10.0613        0.627176 
        7.94828         10.0201        0.623965 
        7.96397         9.96105        0.620782 
        7.97967         9.90658        0.617621 
        7.99538         9.84001        0.614481 
         8.0111         9.77482        0.611361 
         8.0268         9.72968        0.608265 
        8.04248         9.66851        0.605194 
         8.0582          9.6008        0.602139 
        8.07393         9.56371        0.599101 
        8.08963         9.51309         0.59609 
        8.10533         9.44649        0.593101 
        8.12104         9.38964         0.59013 
        8.13675          9.3577        0.587179 
        8.15245         9.28568         0.58425 
        8.16815         9.24854        0.581342 
        8.18387         9.18556        0.578449 
        8.19959          9.1346        0.575576 
         8.2153         9.07581        0.572725 
        8.23101         9.01493        0.569893 
        8.24672         8.97872         0.56708 
        8.26241         8.92578         0.56429 
         8.2781         8.87845        0.561518 
        8.29381         8.81497        0.558761 
        8.30952         8.76812        0.556024 
        8.32524         8.72426        0.553302 
        8.34095         8.66547          0.5506 
        8.35666         8.61774        0.547918 
        8.37237         8.57391        0.545252 
        8.38808         8.52581        0.542604 
        8.40379         8.47292        0.539975 
         8.4195         8.44122        0.537363 
         8.4352         8.39271        0.534768 
        8.45091         8.34399        0.532191 
        8.46662         8.30134         0.52963 
        8.48232         8.25536        0.527088 
        8.49802         8.20706        0.524562 
        8.51374         8.15941        0.522049 
        8.52945         8.10775        0.519555 
        8.54515         8.06321        0.517079 
        8.56086         8.02287        0.514616 
        8.57658         7.99822        0.512169 
        8.59228         7.94777        0.509741 
        8.60799         7.89585        0.507326 
        8.62371         7.85459        0.504927 
        8.63942         7.80417        0.502544 
        8.65512         7.75374        0.500178 
        8.67082         7.72356        0.497827 
        8.68653         7.68487        0.495489 
        8.70224         7.63385        0.493167 
        8.71795         7.59697        0.490861 
        8.73365         7.55665        0.488569 
        8.74936         7.51912        0.486291 
        8.76506         7.47625         0.48403 
        8.78076         7.44188        0.481782 
        8.79646          7.4024        0.479549 
        8.81218         7.35081        0.477328 
        8.82791         7.32105        0.475119 
         8.8436          7.2773        0.472928 
         8.8593         7.23169        0.470752 
        8.87503         7.20299        0.468584 
        8.89076         7.17089        0.466431 
        8.90644          7.1269        0.464297 
        8.92214         7.08753        0.462175 
        8.93786         7.05117        0.460063 
        8.95357         7.00223        0.457965 
        8.96928         6.98239        0.455881 
        8.98498           6.946        0.453811 
        9.00069         6.90666        0.451752 
        9.01639         6.85785        0.449707 
        9.03208         6.81544        0.447677 
        9.04778         6.79685        0.445657 
        9.06351         6.76855        0.443647 
        9.07923         6.72043         0.44165 
        9.09493          6.6867        0.439668 
        9.11062         6.65432        0.437699 
        9.12635         6.62522        0.435738 
        9.14207         6.59478         0.43379 
        9.15777         6.55771        0.431856 
        9.17346         6.52066        0.429935 
        9.18917         6.48908        0.428023 
         9.2049          6.4526        0.426121 
        9.22061         6.41819        0.424232 
        9.23631         6.39394        0.422356 
        9.25201         6.36308        0.420492 
        9.26773         6.31254        0.418637 
        9.28343         6.29435        0.416794 
        9.29913          6.2653        0.414963 
        9.31484         6.23046        0.413143 
        9.33057         6.19675         0.41133 
        9.34627         6.15964        0.409531 
        9.36197         6.13192        0.407745 
        9.37768          6.1031        0.405966 
        9.39338         6.07784          0.4042 
        9.40909         6.04326        0.402444 
        9.42479         6.00912        0.400699 
         9.4405         5.98724        0.398964 
        9.45621         5.95528        0.397238 
        9.47193         5.92171        0.395523 
        9.48763         5.89689        0.393819 
        9.50334         5.86889        0.392124 
        9.51906         5.83855         0.39044 
        9.53476          5.8014        0.388766 
        9.55045         5.78172        0.387103 
        9.56616         5.74843        0.385448 
        9.58188         5.72002        0.383801 
        9.59759          5.7007        0.382164 
         9.6133         5.66623        0.380537 
        9.62901         5.64125        0.378919 
        9.64471         5.61832         0.37731 
        9.66041         5.58557         0.37571 
        9.67612         5.55976        0.374118 
        9.69184          5.5355        0.372534 
        9.70754         5.50784        0.370962 
        9.72324         5.47962        0.369399 
        9.73895         5.45089        0.367846 
        9.75467         5.42994        0.366301 
        9.77038         5.40344        0.364767 
        9.78607         5.38169        0.363245 
        9.80177         5.35135        0.361733 
        9.81749         5.32176        0.360229 
         9.8332         5.30256        0.358737 
         9.8489          5.2758        0.357255 
        9.86463         5.24745         0.35578 
        9.88035         5.22168        0.354313 
        9.89606         5.20329        0.352855 
        9.91175         5.17977        0.351404 
        9.92745         5.15769        0.349958 
        9.94317         5.13719        0.348514 
        9.95888         5.11321        0.347075 
        9.97458         5.08397        0.345638 
        9.99029         5.06631        0.344202 
         10.006         5.04157        0.343315 
        10.0217         5.00749        0.343315 
        10.0374         4.99118        0.343315 
        10.0531         4.97711        0.343315 
        10.0688         4.95033        0.343315 
        10.0845         4.93034        0.343315 
        10.1002         4.90534        0.343315 
        10.1159         4.88745        0.343315 
        10.1317         4.86664        0.343315 
        10.1474         4.84555        0.343315 
        10.1631         4.82637        0.343315 
        10.1788         4.80254        0.343315 
        10.1945         4.78496        0.343315 
        10.2102         4.76193        0.343315 
        10.2259          4.7423        0.343315 
        10.2416         4.71612        0.343315 
        10.2573         4.69672        0.343315 
         10.273         4.68036        0.343315 
        10.2887         4.66196        0.343315 
        10.3044         4.64171        0.343315 
        10.3201         4.62225        0.343315 
        10.3359         4.60358        0.343315 
        10.3516          4.5818        0.343315 
        10.3673         4.56006        0.343315 
         10.383         4.54643        0.343315 
        10.3987         4.52458        0.343315 
        10.4144         4.50645        0.343315 
        10.4301         4.48629        0.343315 
        10.4458          4.4646        0.343315 
        10.4615          4.4495        0.343315 
        10.4772         4.43442        0.343315 
        10.4929         4.41462        0.343315 
        10.5086         4.39539        0.343315 
        10.5244         4.37905        0.343315 
        10.5401         4.36253        0.343315 
        10.5558         4.34535        0.343315 
        10.5715         4.32681        0.343315 
        10.5872           4.311        0.343315 
        10.6029          4.2911        0.343315 
        10.6186          4.2778        0.343315 
        10.6343            4.26        0.343315 
          10.65         4.24498        0.343315 
        10.6657         4.22392        0.343315 
        10.6814          4.2122        0.343315 
        10.6971         4.20332        0.343315 
        10.7129         4.17904        0.343315 
        10.7286         4.16633        0.343315 
        10.7443         4.15152        0.343315 
          10.76         4.13041        0.343315 
        10.7757         4.11813        0.343315 
        10.7914         4.10424        0.343315 
        10.8071         4.08838        0.343315 
        10.8228         4.07325        0.343315 
        10.8385         4.05972        0.343315 
        10.8542          4.0456        0.343315 
        10.8699         4.03056        0.343315 
        10.8856         4.01597        0.343315 
        10.9014         3.99892        0.343315 
        10.9171         3.98408        0.343315 
        10.9328         3.97688        0.343315 
        10.9485         3.96186        0.343315 
        10.9642          3.9504        0.343315 
        10.9799         3.93497        0.343315 
        10.9956         3.91904        0.343315 
        11.0113         3.90555        0.343315 
         11.027         3.89859        0.343315 
        11.0427         3.88386        0.343315 
        11.0584         3.87246        0.343315 
        11.0741         3.85251        0.343315 
        11.0898         3.84462        0.343315 
        11.1055         3.83583        0.343315 
        11.1212         3.81824        0.343315 
         11.137         3.80871        0.343315 
        11.1527          3.7993        0.343315 
        11.1684         3.78615        0.343315 
        11.1841         3.76951        0.343315 
        11.1998         3.76113        0.343315 
        11.2155         3.74865        0.343315 
        11.2312         3.73977        0.343315 
        11.2469         3.72712        0.343315 
        11.2626         3.71829        0.343315 
        11.2783         3.70744        0.343315 
         11.294         3.69555        0.343315 
        11.3097         3.69083        0.343315 
        11.3254         3.67599        0.343315 
        11.3412         3.66611        0.343315 
        11.3569         3.65423        0.343315 
        11.3726         3.64952        0.343315 
        11.3883         3.63905        0.343315 
         11.404         3.62625        0.343315 
        11.4197         3.61561        0.343315 
        11.4354         3.60696        0.343315 
        11.4511         3.59996        0.343315 
        11.4668         3.58941        0.343315 
        11.4825         3.58097        0.343315 
        11.4982         3.56864        0.343315 
         11.514         3.56509        0.343315 
        11.5297         3.55389        0.343315 
        11.5454         3.54538        0.343315 
        11.5611         3.53566        0.343315 
        11.5768         3.53023        0.343315 
        11.5925         3.52133        0.343315 
        11.6082         3.51275        0.343315 
        11.6239         3.50638        0.343315 
        11.6396         3.49794        0.343315 
        11.6553          3.4907        0.343315 
         11.671         3.48408        0.343315 
        11.6867         3.47821        0.343315 
        11.7024         3.46693        0.343315 
        11.7182         3.46521        0.343315 
        11.7339         3.45797        0.343315 
        11.7496         3.45133        0.343315 
        11.7653         3.44566        0.343315 
         11.781         3.43872        0.343315 
        11.7967         3.43097        0.343315 
        11.8124         3.42551        0.343315 
        11.8281         3.41676        0.343315 
        11.8438         3.41557        0.343315 
        11.8595         3.41227        0.343315 
        11.8752         3.40412        0.343315 
         11.891         3.40148        0.343315 
        11.9067          3.3964        0.343315 
        11.9224         3.39084        0.343315 
        11.9381         3.38379        0.343315 
        11.9538         3.38073        0.343315 
        11.9695         3.37712        0.343315 
        11.9852         3.37592        0.343315 
        12.0009         3.37133        0.343315 
        12.0166         3.36555        0.343315 
        12.0323         3.36133        0.343315 
         12.048         3.36028        0.343315 
        12.0637         3.35573        0.343315 
