# k  (h/Mpc)    Pcb(k)  (Mpc/h)^3    Pcb_linear(k) (Mpc/h)^3   ShotnoiseSubtracted = true
      0.0200456         8917.79         9072.47 
      0.0350414         6913.38         7113.74 
      0.0492313         5566.64         5636.27 
      0.0637834         4653.61         4583.19 
      0.0800726          3538.2         3462.16 
       0.096163         2649.39         2723.21 
       0.111083          2208.6         2305.19 
       0.126058         1939.26         1916.27 
       0.142273         1623.44         1559.34 
       0.158546         1421.01         1328.38 
        0.17375         1169.12         1155.73 
       0.188953         1091.04         993.577 
       0.204907         1014.64         860.083 
       0.220756         877.629         760.177 
        0.23588          777.17         675.202 
         0.2514         676.405         598.283 
       0.267535          651.68         533.566 
       0.283568         594.858         479.456 
       0.299022         554.988         432.962 
       0.314451          518.17         392.549 
       0.330372          478.47         356.922 
       0.346141         435.365         325.829 
       0.361624         416.529         298.628 
       0.377134         389.697         274.572 
       0.392932         367.354         252.895 
       0.408854         352.344          233.35 
       0.424564         336.842         216.038 
       0.440253         323.048         200.542 
       0.455999         304.672         186.531 
       0.471626         282.025          173.93 
        0.48727         275.499         162.478 
       0.502856         265.782           152.1 
       0.518488         262.045         142.602 
       0.534347         247.388         133.792 
       0.550082         231.801         125.787 
       0.565732         227.691         118.477 
       0.581496         216.519         111.702 
       0.597222         211.072         105.471 
       0.612804         202.798         99.7679 
       0.628434         196.447         94.4729 
       0.644267         189.898         89.5021 
       0.660051         187.314          84.904 
       0.675724         183.251         80.6587 
       0.691403         177.731         76.7032 
       0.707174         170.063         72.9931 
       0.722871         168.562          69.545 
        0.73838         164.886         66.3578 
       0.754018         159.105         63.3471 
       0.769845         155.323          60.491 
        0.78569         152.685         57.8088 
       0.801365         148.505         55.3159 
       0.817031         143.339         52.9721 
       0.832809         140.964         50.7494 
       0.848511         137.604         48.6646 
       0.864097         134.479         46.7116 
       0.879701         132.163         44.8642 
       0.895507         128.941         43.0952 
       0.911279         126.943         41.4256 
        0.92691         124.633         39.8587 
       0.942635         121.839         38.3645 
       0.958396         121.387          36.944 
       0.974128         117.895         35.5984 
       0.989692         114.739         34.3334 
        1.00528         112.737         33.1283 
        1.02113         111.584         31.9624 
        1.03692         107.582         30.8573 
        1.05264         107.269         29.8097 
        1.06832         104.679         28.8127 
        1.08405         103.255         27.8588 
        1.09979         102.532         26.9478 
        1.11537         99.1237         26.0867 
        1.13105         99.0211         25.2582 
        1.14679         97.6394         24.4627 
        1.16256         96.1457         23.7001 
        1.17828         93.3347         22.9726 
        1.19395          92.804         22.2782 
         1.2097         90.2139         21.6091 
        1.22537         90.3632         20.9708 
          1.241         88.0249         20.3604 
        1.25666         86.4107         19.7727 
        1.27241         85.5293         19.2056 
        1.28819         84.0457         18.6599 
        1.30392          82.778          18.137 
        1.31957         81.4824         17.6366 
        1.33529         80.3375         17.1533 
        1.35108         79.6433         16.6862 
        1.36674         78.5194         16.2399 
         1.3824         77.1745         15.8104 
        1.39811         76.2701         15.3951 
        1.41389          75.078         14.9931 
        1.42964         74.2635         14.6062 
        1.44531          72.776         14.2349 
        1.46101         71.6942         13.8757 
        1.47667         71.4277         13.5301 
        1.49229         70.0414         13.1972 
        1.50793         69.3354         12.8751 
        1.52367         68.3899         12.5617 
        1.53953         67.5152         12.2567 
        1.55526          66.762         11.9643 
        1.57092         66.4255         11.6827 
        1.58662         65.1602         11.4095 
        1.60235         64.5303         11.1445 
        1.61809          63.628         10.8878 
        1.63369         62.4331         10.6415 
        1.64941         61.8112         10.4011 
        1.66519         60.8666         10.1673 
        1.68085         60.2221         9.94231 
        1.69652         59.4414          9.7241 
        1.71228          58.873         9.51121 
        1.72806         58.4108         9.30454 
        1.74368         57.4716         9.10611 
        1.75933         56.9638         8.91307 
        1.77505         56.2348         8.72474 
        1.79081          55.404         8.54153 
         1.8065         54.9805         8.36437 
        1.82218         54.1033         8.19241 
        1.83797         53.5522         8.02411 
        1.85367          52.819         7.86148 
        1.86928          52.392         7.70434 
        1.88497         51.6687         7.55065 
        1.90073         51.2114         7.40059 
        1.91647          50.699         7.25475 
        1.93218         49.9336         7.11316 
        1.94787         49.4654         6.97556 
        1.96363         48.7187         6.84106 
        1.97935         48.3196         6.71039 
        1.99499         47.6031         6.58387 
        2.01064         47.4495         6.46044 
         2.0264         46.4085         6.33941 
        2.04216         45.9571         6.22154 
        2.05781         45.4538         6.10741 
        2.07353         44.9703         5.99575 
        2.08928         44.4425         5.88663 
        2.10499          44.075         5.78053 
        2.12065         43.5523         5.67737 
        2.13633         43.4345         5.57664 
        2.15211         42.7297          5.4777 
        2.16785         41.9104         5.38145 
        2.18349         41.7015         5.28812 
        2.19916          41.321          5.1968 
        2.21489         40.7554         5.10734 
        2.23063         40.2847         5.01993 
         2.2463         39.8025         4.93496 
        2.26194         39.2897         4.85218 
        2.27765         38.8274         4.77087 
        2.29341          38.441         4.69121 
        2.30914          38.021         4.61354 
        2.32486          37.554         4.53767 
        2.34061         37.2606         4.46338 
        2.35635         36.8742         4.39083 
        2.37203         36.4172         4.32014 
        2.38768         36.0537         4.25116 
        2.40339         35.7989         4.18343 
        2.41914         35.4463         4.11702 
        2.43483         34.7627         4.05229 
         2.4505         34.5376         3.98906 
        2.46622         34.2768         3.92697 
        2.48195         33.9185         3.86619 
        2.49759         33.4549         3.80703 
        2.51328         33.0392         3.74895 
        2.52906         32.8807         3.69172 
        2.54479         32.3702         3.63589 
        2.56049         32.0622         3.58133 
        2.57618         31.6606         3.52794 
        2.59189         31.4896         3.47555 
        2.60758         31.1605         3.42432 
        2.62325         30.7166         3.37417 
        2.63898         30.5462         3.32486 
        2.65468         30.1067         3.27664 
        2.67044         29.9102         3.22917 
        2.68618         29.5508         3.18275 
        2.70184          29.183         3.13743 
        2.71755         29.0386         3.09288 
        2.73329         28.6861         3.04912 
        2.74897         28.3535         3.00636 
        2.76462         28.0466         2.96451 
        2.78034         27.7918         2.92328 
        2.79607         27.5353          2.8828 
        2.81179         27.3793         2.84313 
        2.82749         27.0614         2.80425 
        2.84321         26.6176         2.76605 
        2.85893         26.4192         2.72858 
        2.87462         26.1267         2.69187 
        2.89033          25.961          2.6558 
        2.90605         25.7029         2.62035 
        2.92176         25.5498         2.58558 
        2.93747         25.1832         2.55145 
        2.95318         24.8242         2.51793 
        2.96891         24.7301           2.485 
        2.98456         24.3506         2.45281 
        3.00023         24.2156         2.42113 
        3.01596         23.9136         2.38992 
        3.03164         23.6591         2.35935 
        3.04738         23.5748         2.32922 
         3.0631         23.2711         2.29963 
        3.07883          23.051         2.27056 
        3.09456         22.7765         2.24199 
        3.11026          22.564         2.21395 
        3.12596         22.3799          2.1864 
        3.14163         22.2101         2.15938 
        3.15734         21.9561         2.13276 
        3.17308         21.7976         2.10652 
        3.18879         21.5341         2.08079 
        3.20447         21.3603         2.05553 
         3.2202         21.1573         2.03061 
         3.2359         20.8764         2.00615 
        3.25157         20.8622         1.98215 
        3.26729          20.632         1.95847 
        3.28304         20.4003         1.93513 
        3.29877         20.0677          1.9122 
        3.31446         20.0202          1.8897 
        3.33014          19.783         1.86757 
        3.34585         19.5575         1.84577 
        3.36158         19.4497         1.82428 
        3.37727         19.2045          1.8032 
        3.39294         19.0364         1.78247 
        3.40867         18.8922           1.762 
        3.42439         18.6832         1.74185 
        3.44008         18.4717         1.72206 
        3.45578         18.3358         1.70257 
        3.47153         18.1631         1.68333 
        3.48724         17.9793         1.66443 
        3.50292         17.8361         1.64585 
        3.51859         17.6853         1.62757 
        3.53431         17.5099         1.60952 
        3.55007         17.3414         1.59169 
        3.56577         17.1817          1.5742 
        3.58146         17.0461         1.55698 
        3.59719         16.8717         1.53998 
        3.61292         16.6825         1.52324 
        3.62859          16.569         1.50681 
        3.64429         16.4028         1.49059 
        3.66003         16.2785         1.47456 
        3.67578         16.1241         1.45878 
        3.69146         15.9792         1.44328 
        3.70712         15.8226         1.42804 
        3.72284         15.7668         1.41296 
        3.73853         15.5936         1.39812 
        3.75422         15.3572         1.38349 
        3.76993         15.2529         1.36906 
        3.78564          15.144         1.35484 
        3.80137         14.9948          1.3408 
        3.81707         14.8378         1.32699 
        3.83279         14.6849         1.31336 
        3.84853         14.5808          1.2999 
        3.86424         14.4908         1.28665 
        3.87992         14.2994         1.27361 
        3.89561         14.2249         1.26075 
        3.91134         14.0755         1.24804 
        3.92704         13.9286         1.23552 
        3.94273         13.8544         1.22319 
        3.95845         13.7182           1.211 
        3.97418         13.6176         1.19897 
        3.98988         13.4826         1.18712 
        4.00554         13.3518         1.17547 
        4.02125         13.2317         1.16394 
        4.03698         13.1774         1.15254 
        4.05268         13.0045         1.14133 
        4.06839         12.8874         1.13025 
         4.0841         12.7834         1.11933 
        4.09983         12.6742         1.10853 
        4.11555         12.5358         1.09788 
        4.13124         12.4682          1.0874 
        4.14693         12.3529         1.07705 
        4.16266         12.2617         1.06681 
        4.17839         12.1344          1.0567 
        4.19408         12.0224         1.04676 
        4.20977         11.9427         1.03693 
        4.22551         11.8398         1.02721 
        4.24123         11.7378         1.01762 
        4.25691         11.6087         1.00818 
        4.27259         11.5267         0.99886 
        4.28831         11.4416        0.989637 
        4.30404         11.3349        0.980521 
        4.31974          11.238        0.971541 
        4.33543         11.1408        0.962677 
        4.35116         11.0538        0.953903 
        4.36688         10.9392        0.945241 
        4.38255         10.8873         0.93672 
        4.39825         10.7998        0.928284 
        4.41398         10.7334        0.919936 
         4.4297         10.6065        0.911699 
        4.44541         10.4896        0.903565 
        4.46111         10.4343        0.895536 
        4.47683         10.3383        0.887599 
        4.49251         10.2571        0.879774 
        4.50819         10.1834        0.872045 
         4.5239         10.1223        0.864399 
        4.53962         10.0153        0.856834 
        4.55535         9.92154        0.849356 
        4.57106         9.83722        0.841978 
        4.58678         9.75941        0.834686 
         4.6025           9.693        0.827479 
        4.61821         9.59986        0.820358 
        4.63391         9.51409         0.81333 
         4.6496         9.47549        0.806387 
        4.66532          9.3735        0.799514 
        4.68103         9.29583        0.792725 
        4.69673         9.22828        0.786021 
        4.71241         9.11662        0.779401 
        4.72811         9.06462        0.772846 
        4.74384         9.00355        0.766358 
        4.75955         8.93617        0.759955 
        4.77525         8.85926        0.753628 
        4.79096         8.81448        0.747365 
        4.80669         8.73037        0.741171 
         4.8224         8.67545        0.735054 
        4.83809         8.59354        0.729012 
        4.85379         8.50678        0.723035 
         4.8695         8.47449         0.71712 
        4.88521         8.38551        0.711273 
        4.90093         8.32142        0.705491 
        4.91663         8.26742        0.699778 
        4.93234         8.20433        0.694122 
        4.94807         8.13694        0.688525 
        4.96377         8.07545           0.683 
        4.97943         8.01483        0.677547 
        4.99514         7.96264         0.67214 
        5.01086         7.88915        0.666788 
        5.02654         7.83185        0.661507 
        5.04227         7.78746        0.656268 
          5.058         7.70578        0.651084 
        5.07371         7.66203        0.645966 
        5.08942         7.60391        0.640901 
        5.10513         7.54882        0.635891 
        5.12084          7.4984        0.630932 
        5.13656         7.44468        0.626026 
        5.15225         7.37238        0.621181 
        5.16796         7.33001         0.61638 
        5.18369         7.27248        0.611624 
         5.1994         7.19567        0.606928 
        5.21509         7.15976        0.602285 
        5.23079         7.10683        0.597685 
        5.24649         7.04085        0.593137 
        5.26217         7.00117        0.588639 
        5.27788         6.93461        0.584182 
        5.29359         6.89552         0.57977 
        5.30933           6.855        0.575397 
        5.32504         6.80694        0.571076 
        5.34073         6.74194        0.566805 
        5.35646         6.70086        0.562569 
        5.37218         6.64593        0.558375 
        5.38789         6.60283         0.55423 
        5.40357         6.57121        0.550133 
        5.41929         6.51686        0.546067 
        5.43502          6.4613        0.542043 
         5.4507         6.41802        0.538068 
        5.46639         6.37553        0.534133 
        5.48212         6.33273        0.530228 
        5.49786         6.29407        0.526357 
        5.51353          6.2356        0.522544 
        5.52921         6.20592        0.518765 
        5.54495         6.14286        0.515012 
        5.56066         6.10261        0.511301 
        5.57637         6.05368        0.507626 
        5.59207         6.02214        0.503991 
        5.60778         5.96548         0.50039 
        5.62346         5.93142        0.496829 
        5.63916         5.88686          0.4933 
        5.65487         5.85487        0.489803 
         5.6706         5.81526        0.486336 
        5.68633         5.77202        0.482901 
        5.70203         5.73241        0.479506 
        5.71773         5.69757        0.476144 
        5.73344         5.64962        0.472813 
        5.74916         5.61928        0.469511 
        5.76486         5.58268        0.466244 
        5.78054         5.54564        0.463014 
        5.79626         5.50258        0.459805 
          5.812         5.46193        0.456624 
         5.8277         5.42518        0.453482 
        5.84339         5.39097        0.450369 
        5.85911         5.35337         0.44728 
        5.87484         5.32743         0.44422 
        5.89053         5.26697        0.441195 
        5.90623         5.24965        0.438196 
        5.92195         5.21358        0.435221 
        5.93767         5.16707        0.432274 
        5.95336         5.14072         0.42936 
        5.96905         5.11281        0.426473 
        5.98476         5.08424        0.423609 
        6.00048         5.03926        0.420771 
        6.01617          5.0104        0.417962 
        6.03185         4.98106        0.415182 
        6.04756         4.94882        0.412421 
        6.06331         4.90558        0.409679 
        6.07903         4.88517        0.406968 
        6.09473         4.84897        0.404284 
        6.11044         4.82134        0.401621 
        6.12616         4.78764        0.398983 
        6.14186         4.74134        0.396371 
        6.15755         4.73053        0.393783 
        6.17326         4.69471        0.391216 
        6.18898         4.65852        0.388671 
        6.20467          4.6324        0.386152 
        6.22036         4.59337        0.383656 
         6.2361         4.57756        0.381176 
         6.2518         4.55024        0.378721 
        6.26748         4.51498        0.376294 
        6.28319         4.48361        0.373881 
        6.29893         4.46525        0.371487 
        6.31463         4.43611        0.369118 
        6.33033         4.40206        0.366771 
        6.34604          4.3769        0.364442 
        6.36177         4.35397        0.362131 
        6.37747         4.32271        0.359845 
        6.39316         4.30214        0.357579 
        6.40888         4.26842        0.355329 
         6.4246         4.24525        0.353098 
        6.44031         4.21945        0.350887 
        6.45601         4.18974        0.348698 
        6.47172         4.16657        0.346525 
        6.48744          4.1352         0.34437 
        6.50313         4.11184        0.342237 
        6.51882         4.08222        0.340122 
        6.53452          4.0614        0.338023 
        6.55025         4.04164        0.335939 
        6.56597          4.0137        0.333874 
        6.58166          3.9901         0.33183 
        6.59736         3.96775        0.329802 
        6.61307          3.9378        0.327788 
         6.6288         3.92313        0.325791 
         6.6445         3.89367        0.323812 
         6.6602         3.87138        0.321851 
        6.67592          3.8523        0.319903 
        6.69164         3.82655        0.317972 
        6.70735         3.79939        0.316058 
        6.72304          3.7828        0.314161 
        6.73874         3.75627         0.31228 
        6.75446         3.73707        0.310411 
        6.77016          3.7138        0.308561 
        6.78585          3.6949        0.306725 
        6.80156         3.66621        0.304904 
        6.81729         3.64941        0.303094 
        6.83301         3.62785          0.3013 
         6.8487         3.60832        0.299524 
         6.8644          3.5881        0.297761 
        6.88012         3.56595        0.296011 
        6.89583         3.54321        0.294277 
        6.91151         3.52257        0.292558 
        6.92723         3.50495        0.290849 
        6.94296         3.48013        0.289153 
        6.95866         3.46734        0.287474 
        6.97436         3.44518        0.285808 
        6.99007         3.42325        0.284154 
        7.00578         3.40591        0.282514 
        7.02147         3.38838        0.280888 
        7.03718         3.37132        0.279273 
         7.0529         3.34892         0.27767 
        7.06863         3.33761        0.276078 
        7.08433         3.30955        0.274501 
        7.10004         3.29349        0.272937 
        7.11575         3.26871        0.271385 
        7.13145         3.25666        0.269845 
        7.14715         3.24051        0.268318 
        7.16284           3.223        0.266803 
        7.17855         3.20279        0.265298 
        7.19428         3.18322        0.263803 
        7.20998         3.16599        0.262322 
        7.22568         3.15001        0.260852 
        7.24139         3.13598        0.259393 
        7.25711         3.11394        0.257945 
        7.27282         3.09734        0.256508 
        7.28852         3.08791        0.255083 
        7.30423         3.06392        0.253668 
        7.31995         3.04991        0.252263 
        7.33565         3.03714         0.25087 
        7.35135         3.01778        0.249488 
        7.36706         3.00055        0.248116 
        7.38277         2.98589        0.246753 
        7.39847         2.97135        0.245401 
        7.41419         2.95395        0.244059 
         7.4299         2.93914        0.242727 
        7.44561         2.92572        0.241405 
        7.46132         2.90763        0.240093 
        7.47701         2.88756        0.238793 
        7.49272         2.88046          0.2375 
        7.50842         2.86298        0.236218 
         7.5241          2.8485        0.234946 
        7.53981         2.82878        0.233682 
        7.55552         2.81735        0.232427 
        7.57125         2.80394         0.23118 
        7.58698         2.78914        0.229942 
        7.60268           2.779        0.228716 
         7.6184         2.75992        0.227497 
        7.63411         2.75053        0.226287 
        7.64981         2.73264        0.225087 
        7.66552         2.71576        0.223895 
        7.68123         2.70775        0.222712 
        7.69695         2.69226        0.221536 
        7.71264         2.67919        0.220371 
        7.72834         2.66211        0.219214 
        7.74407         2.65367        0.218064 
        7.75978         2.63846        0.216922 
        7.77546         2.62329        0.215791 
        7.79116         2.61388        0.214666 
         7.8069         2.59787        0.213548 
         7.8226         2.58554        0.212439 
        7.83828         2.57215         0.21134 
        7.85399          2.5594        0.210247 
        7.86972         2.54675         0.20916 
        7.88543         2.53789        0.208082 
        7.90111         2.52038        0.207014 
        7.91681         2.50924        0.205951 
        7.93255         2.49781        0.204894 
        7.94828          2.4868        0.203845 
        7.96397         2.47431        0.202805 
        7.97967         2.46334        0.201773 
        7.99538         2.45202        0.200747 
         8.0111         2.43898        0.199728 
         8.0268         2.42483        0.198716 
        8.04248          2.4141        0.197713 
         8.0582         2.40511        0.196715 
        8.07393         2.39392        0.195723 
        8.08963         2.37823        0.194739 
        8.10533         2.37059        0.193762 
        8.12104         2.35884        0.192792 
        8.13675         2.34748        0.191828 
        8.15245         2.34097        0.190871 
        8.16815         2.32365        0.189921 
        8.18387         2.31768        0.188976 
        8.19959         2.30238        0.188037 
         8.2153         2.29547        0.187105 
        8.23101         2.28571         0.18618 
        8.24672         2.27494        0.185261 
        8.26241         2.26672         0.18435 
         8.2781         2.25089        0.183444 
        8.29381         2.24314        0.182544 
        8.30952         2.23477        0.181649 
        8.32524         2.22255         0.18076 
        8.34095         2.21433        0.179878 
        8.35666         2.19954        0.179001 
        8.37237         2.19302         0.17813 
        8.38808         2.18288        0.177265 
        8.40379         2.17229        0.176406 
         8.4195         2.16372        0.175553 
         8.4352         2.15169        0.174705 
        8.45091         2.14891        0.173864 
        8.46662         2.13527        0.173027 
        8.48232         2.12741        0.172196 
        8.49802         2.11516        0.171371 
        8.51374         2.10549         0.17055 
        8.52945          2.1018        0.169735 
        8.54515         2.09049        0.168926 
        8.56086         2.08098        0.168122 
        8.57658         2.07169        0.167322 
        8.59228         2.06191        0.166529 
        8.60799          2.0529         0.16574 
        8.62371         2.04288        0.164956 
        8.63942         2.03782        0.164178 
        8.65512         2.02711        0.163405 
        8.67082         2.01782        0.162637 
        8.68653         2.01036        0.161873 
        8.70224         2.00011        0.161115 
        8.71795         1.99458        0.160361 
        8.73365         1.98445        0.159612 
        8.74936         1.97838        0.158868 
        8.76506          1.9689         0.15813 
        8.78076         1.96098        0.157395 
        8.79646         1.95437        0.156666 
        8.81218         1.94373         0.15594 
        8.82791         1.93511        0.155218 
         8.8436         1.93166        0.154503 
         8.8593         1.92209        0.153792 
        8.87503         1.91284        0.153084 
        8.89076         1.90422         0.15238 
        8.90644         1.90099        0.151683 
        8.92214         1.88981         0.15099 
        8.93786         1.88441          0.1503 
        8.95357         1.87621        0.149614 
        8.96928         1.86738        0.148933 
        8.98498         1.85807        0.148257 
        9.00069         1.85431        0.147585 
        9.01639         1.84855        0.146916 
        9.03208         1.84114        0.146253 
        9.04778         1.83193        0.145593 
        9.06351         1.82884        0.144937 
        9.07923         1.81796        0.144284 
        9.09493         1.81239        0.143637 
        9.11062         1.80675        0.142993 
        9.12635         1.79824        0.142353 
        9.14207         1.78957        0.141716 
        9.15777         1.78641        0.141084 
        9.17346         1.77772        0.140457 
        9.18917         1.77032        0.139832 
         9.2049         1.76679        0.139211 
        9.22061         1.75756        0.138594 
        9.23631         1.75183        0.137981 
        9.25201         1.74321        0.137372 
        9.26773         1.73704        0.136766 
        9.28343         1.73261        0.136164 
        9.29913         1.72872        0.135566 
        9.31484         1.71968        0.134971 
        9.33057         1.71385        0.134379 
        9.34627         1.70807        0.133791 
        9.36197         1.70185        0.133208 
        9.37768         1.69704        0.132627 
        9.39338         1.68788         0.13205 
        9.40909         1.68507        0.131476 
        9.42479          1.6789        0.130906 
         9.4405         1.67094        0.130339 
        9.45621         1.66714        0.129775 
        9.47193         1.66148        0.129215 
        9.48763         1.65566        0.128658 
        9.50334         1.65057        0.128105 
        9.51906         1.64344        0.127554 
        9.53476         1.63918        0.127007 
        9.55045         1.63102        0.126464 
        9.56616         1.62449        0.125923 
        9.58188         1.62156        0.125385 
        9.59759         1.61802        0.124851 
         9.6133         1.60919        0.124319 
        9.62901         1.60607         0.12379 
        9.64471         1.60021        0.123265 
        9.66041         1.59679        0.122742 
        9.67612         1.59036        0.122222 
        9.69184         1.58556        0.121705 
        9.70754          1.5798        0.121191 
        9.72324         1.57443         0.12068 
        9.73895         1.56901        0.120173 
        9.75467         1.56554        0.119668 
        9.77038         1.55923        0.119167 
        9.78607         1.55411         0.11867 
        9.80177         1.55016        0.118176 
        9.81749         1.54454        0.117684 
         9.8332         1.53976        0.117197 
         9.8489         1.53465        0.116713 
        9.86463         1.53002        0.116231 
        9.88035          1.5251        0.115752 
        9.89606         1.51983        0.115276 
        9.91175         1.51665        0.114801 
        9.92745         1.51289        0.114329 
        9.94317         1.50837        0.113857 
        9.95888         1.50217        0.113387 
        9.97458         1.49852        0.112918 
        9.99029         1.49566        0.112449 
         10.006         1.49052        0.112159 
        10.0217         1.48688        0.112159 
        10.0374         1.48168        0.112159 
        10.0531         1.47681        0.112159 
        10.0688          1.4713        0.112159 
        10.0845         1.46839        0.112159 
        10.1002         1.46464        0.112159 
        10.1159         1.45994        0.112159 
        10.1317         1.45585        0.112159 
        10.1474         1.45305        0.112159 
        10.1631         1.44626        0.112159 
        10.1788         1.44497        0.112159 
        10.1945         1.44151        0.112159 
        10.2102         1.43843        0.112159 
        10.2259         1.43313        0.112159 
        10.2416         1.43055        0.112159 
        10.2573         1.42756        0.112159 
         10.273         1.42231        0.112159 
        10.2887         1.41846        0.112159 
        10.3044         1.41501        0.112159 
        10.3201         1.41229        0.112159 
        10.3359         1.40979        0.112159 
        10.3516         1.40468        0.112159 
        10.3673         1.40029        0.112159 
         10.383         1.39715        0.112159 
        10.3987         1.39466        0.112159 
        10.4144         1.39009        0.112159 
        10.4301         1.38713        0.112159 
        10.4458         1.38456        0.112159 
        10.4615         1.38077        0.112159 
        10.4772         1.37684        0.112159 
        10.4929         1.37419        0.112159 
        10.5086         1.36983        0.112159 
        10.5244         1.36802        0.112159 
        10.5401         1.36381        0.112159 
        10.5558         1.36296        0.112159 
        10.5715         1.35962        0.112159 
        10.5872         1.35614        0.112159 
        10.6029         1.35155        0.112159 
        10.6186         1.35009        0.112159 
        10.6343         1.34684        0.112159 
          10.65         1.34427        0.112159 
        10.6657          1.3434        0.112159 
        10.6814         1.33961        0.112159 
        10.6971         1.33677        0.112159 
        10.7129         1.33329        0.112159 
        10.7286         1.33034        0.112159 
        10.7443         1.33001        0.112159 
          10.76         1.32517        0.112159 
        10.7757         1.32392        0.112159 
        10.7914         1.32149        0.112159 
        10.8071          1.3184        0.112159 
        10.8228         1.31643        0.112159 
        10.8385         1.31416        0.112159 
        10.8542          1.3114        0.112159 
        10.8699         1.30813        0.112159 
        10.8856         1.30737        0.112159 
        10.9014         1.30563        0.112159 
        10.9171         1.30081        0.112159 
        10.9328         1.30138        0.112159 
        10.9485         1.29731        0.112159 
        10.9642         1.29573        0.112159 
        10.9799         1.29434        0.112159 
        10.9956         1.29032        0.112159 
        11.0113         1.28941        0.112159 
         11.027         1.28667        0.112159 
        11.0427         1.28481        0.112159 
        11.0584         1.28382        0.112159 
        11.0741         1.28326        0.112159 
        11.0898         1.28055        0.112159 
        11.1055         1.27808        0.112159 
        11.1212         1.27706        0.112159 
         11.137         1.27521        0.112159 
        11.1527         1.27184        0.112159 
        11.1684         1.27117        0.112159 
        11.1841         1.26922        0.112159 
        11.1998         1.26782        0.112159 
        11.2155         1.26632        0.112159 
        11.2312         1.26393        0.112159 
        11.2469         1.26291        0.112159 
        11.2626         1.26194        0.112159 
        11.2783          1.2604        0.112159 
         11.294         1.26029        0.112159 
        11.3097          1.2567        0.112159 
        11.3254          1.2556        0.112159 
        11.3412         1.25435        0.112159 
        11.3569         1.25437        0.112159 
        11.3726         1.25211        0.112159 
        11.3883         1.25097        0.112159 
         11.404         1.25023        0.112159 
        11.4197         1.24978        0.112159 
        11.4354         1.25007        0.112159 
        11.4511         1.24725        0.112159 
        11.4668         1.24619        0.112159 
        11.4825         1.24601        0.112159 
        11.4982         1.24584        0.112159 
         11.514         1.24383        0.112159 
        11.5297         1.24335        0.112159 
        11.5454         1.24241        0.112159 
        11.5611         1.24198        0.112159 
        11.5768         1.24081        0.112159 
        11.5925         1.24012        0.112159 
        11.6082         1.23966        0.112159 
        11.6239         1.23862        0.112159 
        11.6396         1.23883        0.112159 
        11.6553         1.23753        0.112159 
         11.671         1.23652        0.112159 
        11.6867         1.23737        0.112159 
        11.7024         1.23666        0.112159 
        11.7182         1.23619        0.112159 
        11.7339         1.23573        0.112159 
        11.7496         1.23645        0.112159 
        11.7653         1.23619        0.112159 
         11.781         1.23628        0.112159 
        11.7967         1.23535        0.112159 
        11.8124         1.23567        0.112159 
        11.8281         1.23473        0.112159 
        11.8438         1.23481        0.112159 
        11.8595         1.23439        0.112159 
        11.8752         1.23488        0.112159 
         11.891         1.23381        0.112159 
        11.9067          1.2357        0.112159 
        11.9224         1.23558        0.112159 
        11.9381         1.23661        0.112159 
        11.9538         1.23673        0.112159 
        11.9695         1.23723        0.112159 
        11.9852          1.2373        0.112159 
        12.0009         1.23759        0.112159 
        12.0166         1.23828        0.112159 
        12.0323         1.23904        0.112159 
         12.048         1.23936        0.112159 
        12.0637         1.23887        0.112159 
