# k  (h/Mpc)    Pcb(k)  (Mpc/h)^3    Pcb_linear(k) (Mpc/h)^3   ShotnoiseSubtracted = true
      0.0200456          5696.5         5784.93 
      0.0350414         4440.68         4535.97 
      0.0492313         3567.63         3593.89 
      0.0637834         2964.71          2922.4 
      0.0800726          2254.7         2207.59 
       0.096163         1702.31         1736.41 
       0.111083         1420.22         1469.87 
       0.126058          1236.8         1221.88 
       0.142273         1030.54         994.291 
       0.158546         889.834          847.02 
        0.17375         739.793         736.936 
       0.188953         678.118          633.54 
       0.204907         625.892          548.42 
       0.220756         538.844         484.716 
        0.23588         476.877         430.533 
         0.2514         416.539         381.486 
       0.267535         392.484         340.221 
       0.283568          358.37         305.718 
       0.299022         331.953         276.072 
       0.314451         303.668         250.303 
       0.330372         281.064         227.586 
       0.346141         254.449          207.76 
       0.361624          241.62         190.416 
       0.377134         227.508         175.077 
       0.392932         208.459         161.255 
       0.408854         200.091         148.792 
       0.424564         192.206         137.753 
       0.440253         180.455         127.873 
       0.455999         170.393         118.939 
       0.471626         157.089         110.904 
        0.48727         153.218         103.602 
       0.502856         146.435         96.9845 
       0.518488         142.437         90.9284 
       0.534347         136.022         85.3104 
       0.550082         126.096         80.2062 
       0.565732         121.474         75.5451 
       0.581496         116.671          71.225 
       0.597222         113.057          67.252 
       0.612804         107.516         63.6156 
       0.628434         105.194         60.2393 
       0.644267         101.717         57.0697 
       0.660051         99.0396         54.1378 
       0.675724         95.5881         51.4308 
       0.691403         92.7536         48.9087 
       0.707174         89.5719          46.543 
       0.722871         87.4591         44.3444 
        0.73838         85.5821         42.3121 
       0.754018         81.4999         40.3924 
       0.769845         79.9026         38.5712 
        0.78569         77.9462          36.861 
       0.801365         75.3555         35.2714 
       0.817031         73.1196         33.7769 
       0.832809         72.2081         32.3597 
       0.848511         69.0837         31.0303 
       0.864097         67.3118          29.785 
       0.879701         66.6062          28.607 
       0.895507         65.4075          27.479 
       0.911279         64.0462         26.4145 
        0.92691         62.2206         25.4153 
       0.942635          60.323         24.4626 
       0.958396         60.0168         23.5568 
       0.974128         58.4513         22.6988 
       0.989692         57.2652         21.8922 
        1.00528         56.2209         21.1238 
        1.02113         54.5944         20.3804 
        1.03692         53.5674         19.6757 
        1.05264         52.8926         19.0078 
        1.06832         51.7507          18.372 
        1.08405          51.046         17.7638 
        1.09979         50.1348         17.1829 
        1.11537         48.3683         16.6338 
        1.13105         48.5913         16.1056 
        1.14679         47.7306         15.5983 
        1.16256         46.6159          15.112 
        1.17828         45.6185         14.6482 
        1.19395         44.9586         14.2054 
         1.2097         44.3504         13.7787 
        1.22537         43.9011         13.3718 
          1.241         42.8422         12.9825 
        1.25666         41.8989         12.6078 
        1.27241         41.6806         12.2462 
        1.28819         40.5222         11.8982 
        1.30392         40.0111         11.5648 
        1.31957         39.7916         11.2457 
        1.33529          39.347         10.9375 
        1.35108         38.6007         10.6397 
        1.36674         37.9043         10.3551 
         1.3824         37.1305         10.0813 
        1.39811         36.9406         9.81643 
        1.41389         36.3802         9.56013 
        1.42964         35.7959         9.31343 
        1.44531         35.4574         9.07667 
        1.46101         34.5534         8.84766 
        1.47667         34.4277         8.62726 
        1.49229         34.1391         8.41498 
        1.50793         33.4535         8.20962 
        1.52367         33.1647         8.00982 
        1.53953         32.8276         7.81534 
        1.55526         32.2115         7.62889 
        1.57092         31.8768         7.44931 
        1.58662          31.428         7.27509 
        1.60235         31.1092         7.10613 
        1.61809         30.6465         6.94247 
        1.63369         30.2531         6.78542 
        1.64941         29.7265         6.63212 
        1.66519         29.5478         6.48302 
        1.68085         29.1692         6.33957 
        1.69652         28.8083         6.20043 
        1.71228         28.5637         6.06469 
        1.72806         28.1129         5.93291 
        1.74368         27.7638         5.80638 
        1.75933         27.4204         5.68329 
        1.77505          27.236          5.5632 
        1.79081         26.7839         5.44638 
         1.8065         26.6053         5.33342 
        1.82218         26.2477         5.22377 
        1.83797         25.9105         5.11646 
        1.85367         25.6205         5.01276 
        1.86928         25.3318         4.91256 
        1.88497         24.9592         4.81456 
        1.90073         24.9649         4.71888 
        1.91647         24.4975         4.62589 
        1.93218         24.2901          4.5356 
        1.94787         24.1083         4.44786 
        1.96363         23.8806          4.3621 
        1.97935         23.5877         4.27878 
        1.99499         23.2976         4.19811 
        2.01064         23.0736         4.11941 
         2.0264         22.7244         4.04223 
        2.04216         22.5417         3.96707 
        2.05781         22.3119          3.8943 
        2.07353         22.0936          3.8231 
        2.08928         21.9778         3.75353 
        2.10499         21.6266         3.68587 
        2.12065         21.3183         3.62009 
        2.13633         21.2236         3.55586 
        2.15211         20.8842         3.49278 
        2.16785         20.7972          3.4314 
        2.18349         20.6306         3.37189 
        2.19916          20.317         3.31367 
        2.21489         20.1456         3.25662 
        2.23063         19.9692         3.20089 
         2.2463         19.7778         3.14671 
        2.26194         19.6237         3.09392 
        2.27765         19.3587         3.04207 
        2.29341         19.1303         2.99128 
        2.30914         18.9808         2.94176 
        2.32486         18.8585         2.89338 
        2.34061         18.6112         2.84601 
        2.35635         18.3757         2.79975 
        2.37203         18.2992         2.75468 
        2.38768         18.1299         2.71069 
        2.40339         17.9022          2.6675 
        2.41914         17.7261         2.62516 
        2.43483         17.5547         2.58389 
         2.4505         17.3638         2.54357 
        2.46622         17.2269         2.50398 
        2.48195         17.0147         2.46522 
        2.49759         16.9358          2.4275 
        2.51328         16.7328         2.39046 
        2.52906         16.5895         2.35397 
        2.54479         16.4567         2.31837 
        2.56049         16.2798         2.28358 
        2.57618         16.1839         2.24954 
        2.59189         15.9948         2.21614 
        2.60758         15.8762         2.18347 
        2.62325         15.7481         2.15149 
        2.63898         15.5326         2.12005 
        2.65468         15.4956          2.0893 
        2.67044         15.2894         2.05903 
        2.68618         15.1676         2.02943 
        2.70184         15.0404         2.00054 
        2.71755         14.8516         1.97213 
        2.73329         14.7513         1.94423 
        2.74897         14.5844         1.91696 
        2.76462         14.5957         1.89028 
        2.78034          14.387         1.86399 
        2.79607         14.2351         1.83817 
        2.81179         14.1124         1.81288 
        2.82749         14.0144         1.78809 
        2.84321         13.8434         1.76373 
        2.85893         13.7409         1.73984 
        2.87462         13.6192         1.71643 
        2.89033         13.4568         1.69343 
        2.90605         13.3626         1.67083 
        2.92176         13.2805         1.64866 
        2.93747         13.1259          1.6269 
        2.95318         13.0497         1.60552 
        2.96891         12.8796         1.58453 
        2.98456         12.8199           1.564 
        3.00023         12.7253          1.5438 
        3.01596         12.5938          1.5239 
        3.03164         12.4955         1.50441 
        3.04738         12.3615          1.4852 
         3.0631         12.2468         1.46633 
        3.07883         12.1438         1.44779 
        3.09456         12.0579         1.42957 
        3.11026          11.882          1.4117 
        3.12596         11.8801         1.39413 
        3.14163         11.7526          1.3769 
        3.15734         11.6319         1.35992 
        3.17308         11.5795         1.34319 
        3.18879          11.472         1.32679 
        3.20447         11.3486         1.31068 
         3.2202         11.2516         1.29479 
         3.2359         11.1909         1.27919 
        3.25157         11.0923         1.26389 
        3.26729         10.9654         1.24879 
        3.28304         10.8925         1.23391 
        3.29877         10.7888         1.21929 
        3.31446         10.7326         1.20494 
        3.33014         10.6131         1.19083 
        3.34585         10.5688         1.17693 
        3.36158         10.4542         1.16323 
        3.37727         10.3846         1.14978 
        3.39294         10.2876         1.13657 
        3.40867         10.1472         1.12351 
        3.42439         10.1145         1.11067 
        3.44008         10.0183         1.09805 
        3.45578         9.95878         1.08562 
        3.47153         9.89007         1.07335 
        3.48724         9.80584          1.0613 
        3.50292         9.69276         1.04946 
        3.51859         9.64208          1.0378 
        3.53431         9.55443         1.02628 
        3.55007         9.50227         1.01492 
        3.56577         9.42093         1.00377 
        3.58146         9.34701        0.992786 
        3.59719         9.23732        0.981946 
        3.61292         9.19613        0.971272 
        3.62859         9.07199        0.960796 
        3.64429         9.03184        0.950455 
        3.66003         8.97219        0.940235 
        3.67578         8.86027        0.930168 
        3.69146         8.82378        0.920287 
        3.70712         8.76541        0.910567 
        3.72284         8.66748        0.900951 
        3.73853         8.62566        0.891492 
        3.75422         8.54418        0.882164 
        3.76993           8.477        0.872962 
        3.78564         8.40593        0.863895 
        3.80137         8.35684        0.854942 
        3.81707         8.26968        0.846134 
        3.83279         8.23559        0.837443 
        3.84853         8.15472        0.828861 
        3.86424         8.06956        0.820415 
        3.87992         8.01555          0.8121 
        3.89561          7.9674        0.803899 
        3.91134         7.89877        0.795795 
        3.92704          7.8466        0.787812 
        3.94273          7.7824        0.779946 
        3.95845         7.72527        0.772174 
        3.97418         7.65076        0.764505 
        3.98988         7.60378        0.756951 
        4.00554         7.51965         0.74952 
        4.02125         7.48309        0.742167 
        4.03698          7.4331        0.734902 
        4.05268         7.37706         0.72775 
        4.06839         7.30578        0.720688 
         4.0841          7.2626        0.713722 
        4.09983          7.2208        0.706838 
        4.11555         7.17151        0.700048 
        4.13124         7.09614        0.693365 
        4.14693         7.03964        0.686764 
        4.16266         6.98106        0.680234 
        4.17839         6.92897        0.673793 
        4.19408         6.87082        0.667449 
        4.20977         6.81338        0.661185 
        4.22551         6.76797        0.654985 
        4.24123         6.72482        0.648872 
        4.25691         6.67298        0.642853 
        4.27259         6.61297        0.636909 
        4.28831         6.56957        0.631028 
        4.30404         6.51254        0.625215 
        4.31974         6.45939        0.619489 
        4.33543          6.4103        0.613837 
        4.35116         6.38461        0.608242 
        4.36688           6.324         0.60272 
        4.38255         6.26644        0.597286 
        4.39825         6.22047        0.591907 
        4.41398         6.17568        0.586584 
         4.4297          6.1601        0.581332 
        4.44541         6.08842        0.576145 
        4.46111         6.05924        0.571026 
        4.47683         5.99257        0.565965 
        4.49251         5.97594        0.560975 
        4.50819         5.91987        0.556047 
         4.5239         5.85997        0.551171 
        4.53962         5.83708        0.546348 
        4.55535         5.78444         0.54158 
        4.57106         5.73784        0.536875 
        4.58678         5.69619        0.532226 
         4.6025         5.66114         0.52763 
        4.61821         5.61591        0.523089 
        4.63391         5.57243        0.518608 
         4.6496         5.52805        0.514181 
        4.66532         5.49814        0.509799 
        4.68103         5.44931         0.50547 
        4.69673         5.42458        0.501195 
        4.71241         5.38045        0.496974 
        4.72811         5.34083        0.492794 
        4.74384         5.30392        0.488657 
        4.75955         5.26643        0.484574 
        4.77525         5.22802         0.48054 
        4.79096         5.19914        0.476547 
        4.80669         5.14951        0.472597 
         4.8224         5.12235        0.468697 
        4.83809         5.07096        0.464844 
        4.85379         5.03609        0.461033 
         4.8695         5.00752        0.457261 
        4.88521         4.97489        0.453533 
        4.90093         4.93546        0.449846 
        4.91663         4.90306        0.446203 
        4.93234         4.87945        0.442597 
        4.94807         4.83392        0.439028 
        4.96377         4.80185        0.435505 
        4.97943         4.75479        0.432028 
        4.99514          4.7289         0.42858 
        5.01086         4.68944        0.425168 
        5.02654         4.68225        0.421801 
        5.04227         4.62987         0.41846 
          5.058         4.60015        0.415154 
        5.07371         4.58097        0.411891 
        5.08942         4.55044        0.408662 
        5.10513         4.51894        0.405467 
        5.12084         4.48645        0.402305 
        5.13656         4.45728        0.399177 
        5.15225         4.41923        0.396087 
        5.16796         4.40152        0.393026 
        5.18369         4.35829        0.389994 
         5.1994         4.33664        0.386999 
        5.21509         4.30386        0.384039 
        5.23079         4.27677        0.381106 
        5.24649         4.25008        0.378205 
        5.26217         4.22174        0.375338 
        5.27788         4.18985        0.372495 
        5.29359         4.15763        0.369682 
        5.30933         4.12911        0.366894 
        5.32504         4.11321        0.364139 
        5.34073          4.0692        0.361415 
        5.35646         4.05008        0.358714 
        5.37218         4.02414         0.35604 
        5.38789         4.00399        0.353397 
        5.40357         3.97541        0.350784 
        5.41929         3.94357        0.348192 
        5.43502         3.92826        0.345626 
         5.4507         3.88885        0.343091 
        5.46639         3.86731        0.340582 
        5.48212          3.8502        0.338092 
        5.49786         3.82126        0.335624 
        5.51353         3.79378        0.333193 
        5.52921         3.76875        0.330783 
        5.54495         3.74031         0.32839 
        5.56066         3.72541        0.326024 
        5.57637          3.7036        0.323681 
        5.59207         3.68158        0.321363 
        5.60778         3.65531        0.319067 
        5.62346         3.61888        0.316796 
        5.63916         3.60508        0.314546 
        5.65487         3.58013        0.312316 
         5.6706         3.56186        0.310105 
        5.68633         3.53722        0.307915 
        5.70203         3.51525         0.30575 
        5.71773         3.49925        0.303607 
        5.73344            3.48        0.301482 
        5.74916         3.45172        0.299377 
        5.76486         3.42806        0.297294 
        5.78054         3.40123        0.295234 
        5.79626         3.39169        0.293188 
          5.812         3.37039         0.29116 
         5.8277         3.35241        0.289156 
        5.84339         3.33014        0.287171 
        5.85911         3.30732        0.285202 
        5.87484         3.29438        0.283251 
        5.89053         3.26456        0.281322 
        5.90623          3.2499         0.27941 
        5.92195         3.22532        0.277512 
        5.93767         3.21227        0.275633 
        5.95336         3.19189        0.273775 
        5.96905         3.17124        0.271935 
        5.98476         3.15414        0.270109 
        6.00048         3.12896        0.268299 
        6.01617         3.11613        0.266508 
        6.03185         3.09067        0.264735 
        6.04756          3.0726        0.262974 
        6.06331         3.05771        0.261226 
        6.07903         3.04406        0.259497 
        6.09473         3.02286        0.257786 
        6.11044         3.00471        0.256088 
        6.12616         2.99091        0.254406 
        6.14186         2.96667        0.252741 
        6.15755         2.95309         0.25109 
        6.17326         2.93751        0.249453 
        6.18898         2.91871         0.24783 
        6.20467         2.90022        0.246224 
        6.22036         2.87991        0.244633 
         6.2361         2.86743        0.243051 
         6.2518         2.84833        0.241486 
        6.26748         2.83681        0.239938 
        6.28319         2.81635          0.2384 
        6.29893         2.79907        0.236873 
        6.31463         2.78912        0.235363 
        6.33033         2.77543        0.233866 
        6.34604         2.75382        0.232381 
        6.36177         2.73709        0.230908 
        6.37747         2.72381         0.22945 
        6.39316         2.70335        0.228005 
        6.40888         2.69274         0.22657 
         6.4246         2.67906        0.225148 
        6.44031         2.66324        0.223738 
        6.45601         2.64808        0.222342 
        6.47172         2.63225        0.220957 
        6.48744         2.61931        0.219583 
        6.50313         2.60484        0.218222 
        6.51882         2.59469        0.216874 
        6.53452         2.57819        0.215536 
        6.55025           2.565        0.214207 
        6.56597         2.55146         0.21289 
        6.58166         2.53332        0.211587 
        6.59736          2.5192        0.210293 
        6.61307         2.50826         0.20901 
         6.6288         2.49232        0.207736 
         6.6445         2.47761        0.206474 
         6.6602         2.46633        0.205223 
        6.67592         2.45469        0.203982 
        6.69164          2.4451         0.20275 
        6.70735         2.42675         0.20153 
        6.72304         2.41983         0.20032 
        6.73874         2.40554        0.199121 
        6.75446         2.39098        0.197929 
        6.77016         2.37891        0.196749 
        6.78585         2.36747        0.195579 
        6.80156         2.35524        0.194418 
        6.81729         2.34161        0.193264 
        6.83301          2.3319         0.19212 
         6.8487         2.32111        0.190987 
         6.8644         2.30525        0.189863 
        6.88012         2.29289        0.188747 
        6.89583         2.28176        0.187641 
        6.91151         2.26672        0.186545 
        6.92723         2.25823        0.185456 
        6.94296          2.2463        0.184374 
        6.95866         2.23404        0.183304 
        6.97436         2.22418        0.182241 
        6.99007         2.21216        0.181187 
        7.00578         2.20011        0.180141 
        7.02147         2.19311        0.179104 
        7.03718         2.17886        0.178075 
         7.0529          2.1704        0.177052 
        7.06863         2.15853        0.176037 
        7.08433         2.14707        0.175032 
        7.10004         2.13764        0.174035 
        7.11575         2.12605        0.173045 
        7.13145         2.11535        0.172063 
        7.14715         2.10384        0.171089 
        7.16284         2.09297        0.170123 
        7.17855         2.08598        0.169163 
        7.19428         2.07434         0.16821 
        7.20998          2.0655        0.167266 
        7.22568         2.05337        0.166329 
        7.24139         2.04419        0.165398 
        7.25711         2.03544        0.164475 
        7.27282         2.02607        0.163558 
        7.28852          2.0147         0.16265 
        7.30423         2.00633        0.161748 
        7.31995         1.99556        0.160852 
        7.33565          1.9881        0.159964 
        7.35135         1.98039        0.159082 
        7.36706         1.97243        0.158207 
        7.38277         1.95978        0.157338 
        7.39847         1.94921        0.156477 
        7.41419          1.9406        0.155621 
         7.4299         1.93476        0.154771 
        7.44561         1.92175        0.153929 
        7.46132          1.9128        0.153092 
        7.47701          1.9026        0.152263 
        7.49272         1.89825        0.151438 
        7.50842          1.8854        0.150621 
         7.5241         1.88002         0.14981 
        7.53981         1.87209        0.149004 
        7.55552         1.86484        0.148204 
        7.57125         1.85178        0.147409 
        7.58698         1.84473        0.146619 
        7.60268           1.837        0.145837 
         7.6184         1.83038         0.14506 
        7.63411            1.82        0.144289 
        7.64981         1.81403        0.143523 
        7.66552         1.80663        0.142764 
        7.68123         1.80011        0.142009 
        7.69695          1.7903         0.14126 
        7.71264         1.78095        0.140517 
        7.72834          1.7749        0.139779 
        7.74407         1.76724        0.139045 
        7.75978         1.75656        0.138317 
        7.77546         1.75125        0.137596 
        7.79116         1.74268        0.136879 
         7.8069         1.73612        0.136166 
         7.8226         1.72959        0.135459 
        7.83828         1.72176        0.134758 
        7.85399         1.71543        0.134061 
        7.86972         1.70741        0.133368 
        7.88543         1.70077         0.13268 
        7.90111         1.69067        0.131999 
        7.91681         1.68346        0.131322 
        7.93255         1.67782        0.130648 
        7.94828         1.67378        0.129979 
        7.96397         1.66245        0.129316 
        7.97967         1.66039        0.128658 
        7.99538         1.65324        0.128003 
         8.0111         1.64475        0.127353 
         8.0268         1.63874        0.126709 
        8.04248         1.63265        0.126069 
         8.0582         1.62454        0.125432 
        8.07393         1.62106          0.1248 
        8.08963         1.61264        0.124172 
        8.10533          1.6048         0.12355 
        8.12104         1.60069        0.122931 
        8.13675         1.59477        0.122316 
        8.15245          1.5872        0.121706 
        8.16815         1.58046          0.1211 
        8.18387         1.57532        0.120498 
        8.19959         1.56746        0.119899 
         8.2153         1.56224        0.119305 
        8.23101         1.55466        0.118715 
        8.24672         1.54915        0.118129 
        8.26241         1.54588        0.117548 
         8.2781         1.53912        0.116971 
        8.29381         1.53327        0.116396 
        8.30952         1.52627        0.115826 
        8.32524         1.52097        0.115259 
        8.34095         1.51564        0.114696 
        8.35666         1.50914        0.114138 
        8.37237         1.50257        0.113582 
        8.38808         1.49631        0.113031 
        8.40379         1.49262        0.112483 
         8.4195          1.4891        0.111939 
         8.4352         1.48131        0.111398 
        8.45091         1.47691        0.110862 
        8.46662         1.47023        0.110328 
        8.48232         1.46598        0.109798 
        8.49802         1.46012        0.109272 
        8.51374         1.45614        0.108749 
        8.52945         1.44984        0.108229 
        8.54515         1.44475        0.107713 
        8.56086         1.44028          0.1072 
        8.57658         1.43587        0.106691 
        8.59228         1.42874        0.106185 
        8.60799         1.42373        0.105682 
        8.62371         1.41894        0.105182 
        8.63942         1.41348        0.104686 
        8.65512         1.40837        0.104193 
        8.67082         1.40237        0.103703 
        8.68653         1.39901        0.103216 
        8.70224         1.39424        0.102732 
        8.71795         1.38855        0.102252 
        8.73365         1.38455        0.101774 
        8.74936         1.38119          0.1013 
        8.76506         1.37619        0.100829 
        8.78076          1.3725        0.100361 
        8.79646         1.36777       0.0998956 
        8.81218         1.36112       0.0994329 
        8.82791         1.35722       0.0989727 
         8.8436         1.35526       0.0985164 
         8.8593          1.3487       0.0980631 
        8.87503         1.34394       0.0976115 
        8.89076         1.33965        0.097163 
        8.90644         1.33643       0.0967185 
        8.92214         1.33046       0.0962764 
        8.93786         1.32778       0.0958364 
        8.95357         1.32342       0.0953994 
        8.96928         1.31934       0.0949653 
        8.98498         1.31492        0.094534 
        9.00069          1.3103       0.0941052 
        9.01639         1.30559       0.0936791 
        9.03208         1.30154       0.0932562 
        9.04778         1.29836       0.0928354 
        9.06351         1.29459       0.0924167 
        9.07923         1.29194       0.0920008 
        9.09493         1.28498       0.0915878 
        9.11062         1.28128       0.0911776 
        9.12635         1.27835       0.0907693 
        9.14207         1.27646       0.0903634 
        9.15777         1.27079       0.0899605 
        9.17346         1.26789       0.0895603 
        9.18917         1.26458        0.089162 
         9.2049          1.2611       0.0887658 
        9.22061         1.25628       0.0883724 
        9.23631         1.25246       0.0879817 
        9.25201         1.24964       0.0875933 
        9.26773         1.24414       0.0872069 
        9.28343         1.24284        0.086823 
        9.29913         1.23777       0.0864416 
        9.31484         1.23431       0.0860624 
        9.33057         1.23184       0.0856848 
        9.34627         1.22839       0.0853101 
        9.36197         1.22453       0.0849379 
        9.37768         1.22178       0.0845674 
        9.39338         1.21687       0.0841995 
        9.40909         1.21335       0.0838337 
        9.42479         1.21019       0.0834702 
         9.4405         1.20732       0.0831087 
        9.45621         1.20522       0.0827492 
        9.47193         1.20038        0.082392 
        9.48763         1.19701        0.082037 
        9.50334          1.1964        0.081684 
        9.51906         1.19228       0.0813331 
        9.53476         1.18805       0.0809845 
        9.55045          1.1857        0.080638 
        9.56616         1.18311       0.0802932 
        9.58188         1.17804       0.0799501 
        9.59759         1.17694       0.0796092 
         9.6133         1.17312       0.0792702 
        9.62901         1.17237       0.0789331 
        9.64471         1.16671        0.078598 
        9.66041         1.16492       0.0782647 
        9.67612         1.16187        0.077933 
        9.69184         1.15876       0.0776032 
        9.70754         1.15611       0.0772756 
        9.72324         1.15348       0.0769501 
        9.73895         1.15005       0.0766264 
        9.75467         1.14733       0.0763046 
        9.77038         1.14539       0.0759852 
        9.78607         1.14253       0.0756681 
        9.80177         1.14149        0.075353 
        9.81749         1.13688       0.0750398 
         9.8332         1.13413        0.074729 
         9.8489         1.13289       0.0744203 
        9.86463         1.12857       0.0741131 
        9.88035          1.1276       0.0738075 
        9.89606         1.12461       0.0735038 
        9.91175         1.12189       0.0732015 
        9.92745         1.11862       0.0729002 
        9.94317         1.11705       0.0725995 
        9.95888         1.11456       0.0722997 
        9.97458         1.11337       0.0720004 
        9.99029         1.11181       0.0717012 
         10.006         1.10809       0.0715165 
        10.0217         1.10541       0.0715165 
        10.0374          1.1036       0.0715165 
        10.0531         1.10079       0.0715165 
        10.0688         1.09799       0.0715165 
        10.0845         1.09651       0.0715165 
        10.1002         1.09257       0.0715165 
        10.1159         1.09281       0.0715165 
        10.1317         1.08974       0.0715165 
        10.1474         1.08769       0.0715165 
        10.1631         1.08491       0.0715165 
        10.1788         1.08292       0.0715165 
        10.1945         1.08013       0.0715165 
        10.2102         1.07861       0.0715165 
        10.2259         1.07795       0.0715165 
        10.2416         1.07571       0.0715165 
        10.2573         1.07282       0.0715165 
         10.273         1.07139       0.0715165 
        10.2887         1.06897       0.0715165 
        10.3044         1.06768       0.0715165 
        10.3201         1.06522       0.0715165 
        10.3359         1.06343       0.0715165 
        10.3516         1.06193       0.0715165 
        10.3673         1.06203       0.0715165 
         10.383         1.05697       0.0715165 
        10.3987         1.05701       0.0715165 
        10.4144         1.05556       0.0715165 
        10.4301         1.05466       0.0715165 
        10.4458         1.05206       0.0715165 
        10.4615         1.04962       0.0715165 
        10.4772         1.04897       0.0715165 
        10.4929         1.04562       0.0715165 
        10.5086         1.04493       0.0715165 
        10.5244          1.0439       0.0715165 
        10.5401         1.04143       0.0715165 
        10.5558         1.04045       0.0715165 
        10.5715         1.03847       0.0715165 
        10.5872         1.03737       0.0715165 
        10.6029         1.03551       0.0715165 
        10.6186         1.03431       0.0715165 
        10.6343         1.03369       0.0715165 
          10.65         1.03144       0.0715165 
        10.6657         1.03024       0.0715165 
        10.6814         1.03006       0.0715165 
        10.6971         1.02711       0.0715165 
        10.7129         1.02631       0.0715165 
        10.7286         1.02398       0.0715165 
        10.7443         1.02279       0.0715165 
          10.76         1.02307       0.0715165 
        10.7757         1.02224       0.0715165 
        10.7914         1.01997       0.0715165 
        10.8071         1.01913       0.0715165 
        10.8228         1.01863       0.0715165 
        10.8385         1.01748       0.0715165 
        10.8542         1.01586       0.0715165 
        10.8699         1.01549       0.0715165 
        10.8856         1.01396       0.0715165 
        10.9014         1.01266       0.0715165 
        10.9171         1.01226       0.0715165 
        10.9328         1.00975       0.0715165 
        10.9485         1.01002       0.0715165 
        10.9642         1.00789       0.0715165 
        10.9799         1.00802       0.0715165 
        10.9956         1.00793       0.0715165 
        11.0113         1.00627       0.0715165 
         11.027         1.00551       0.0715165 
        11.0427         1.00487       0.0715165 
        11.0584         1.00347       0.0715165 
        11.0741         1.00258       0.0715165 
        11.0898         1.00157       0.0715165 
        11.1055         1.00182       0.0715165 
        11.1212          1.0008       0.0715165 
         11.137         1.00039       0.0715165 
        11.1527        0.999705       0.0715165 
        11.1684         0.99915       0.0715165 
        11.1841        0.997666       0.0715165 
        11.1998        0.998744       0.0715165 
        11.2155        0.996858       0.0715165 
        11.2312        0.997309       0.0715165 
        11.2469        0.996924       0.0715165 
        11.2626        0.997091       0.0715165 
        11.2783        0.995439       0.0715165 
         11.294        0.995229       0.0715165 
        11.3097        0.995022       0.0715165 
        11.3254        0.994293       0.0715165 
        11.3412        0.993983       0.0715165 
        11.3569        0.992675       0.0715165 
        11.3726        0.993771       0.0715165 
        11.3883        0.992844       0.0715165 
         11.404        0.993436       0.0715165 
        11.4197        0.992449       0.0715165 
        11.4354        0.993373       0.0715165 
        11.4511        0.992229       0.0715165 
        11.4668         0.99291       0.0715165 
        11.4825        0.991877       0.0715165 
        11.4982         0.99242       0.0715165 
         11.514        0.992386       0.0715165 
        11.5297        0.993301       0.0715165 
        11.5454        0.992679       0.0715165 
        11.5611        0.992876       0.0715165 
        11.5768        0.992235       0.0715165 
        11.5925        0.991649       0.0715165 
        11.6082         0.99212       0.0715165 
        11.6239        0.992812       0.0715165 
        11.6396        0.993516       0.0715165 
        11.6553         0.99232       0.0715165 
         11.671        0.993577       0.0715165 
        11.6867        0.993809       0.0715165 
        11.7024        0.993899       0.0715165 
        11.7182         0.99509       0.0715165 
        11.7339        0.994757       0.0715165 
        11.7496        0.995427       0.0715165 
        11.7653        0.995139       0.0715165 
         11.781        0.996434       0.0715165 
        11.7967        0.997079       0.0715165 
        11.8124        0.997667       0.0715165 
        11.8281        0.997843       0.0715165 
        11.8438        0.997814       0.0715165 
        11.8595        0.998702       0.0715165 
        11.8752        0.999408       0.0715165 
         11.891        0.999704       0.0715165 
        11.9067         1.00092       0.0715165 
        11.9224         1.00195       0.0715165 
        11.9381         1.00206       0.0715165 
        11.9538         1.00229       0.0715165 
        11.9695         1.00291       0.0715165 
        11.9852         1.00489       0.0715165 
        12.0009         1.00599       0.0715165 
        12.0166         1.00614       0.0715165 
        12.0323         1.00747       0.0715165 
         12.048         1.00871       0.0715165 
        12.0637         1.00843       0.0715165 
