# k  (h/Mpc)    Pcb(k)  (Mpc/h)^3    Pcb_linear(k) (Mpc/h)^3   ShotnoiseSubtracted = true
      0.0200456           13283           13463 
      0.0350414         10807.7         10556.4 
      0.0492313         8205.99         8363.91 
      0.0637834         6499.34         6801.19 
      0.0800726         4916.09         5137.65 
       0.096163         4124.69         4041.09 
       0.111083         3525.12         3420.77 
       0.126058         2804.79         2843.64 
       0.142273         2370.85         2313.97 
       0.158546         2036.08         1971.23 
        0.17375         1824.44         1715.04 
       0.188953         1663.48         1474.41 
       0.204907         1417.58         1276.31 
       0.220756         1289.43         1128.06 
        0.23588         1158.17         1001.96 
         0.2514         1037.15         887.818 
       0.267535         1002.51         791.782 
       0.283568         885.089         711.485 
       0.299022         847.815         642.491 
       0.314451         866.043          582.52 
       0.330372         748.709         529.652 
       0.346141         693.869         483.511 
       0.361624         665.338         443.147 
       0.377134          629.06          407.45 
       0.392932         608.887         375.282 
       0.408854          579.15         346.278 
       0.424564         562.662         320.588 
       0.440253         513.466         297.593 
       0.455999         492.476         276.802 
       0.471626         498.032         258.102 
        0.48727         471.834         241.108 
       0.502856         437.697         225.708 
       0.518488         437.075         211.614 
       0.534347         407.948         198.539 
       0.550082         394.637         186.661 
       0.565732         391.957         175.813 
       0.581496         378.102         165.759 
       0.597222         367.582         156.513 
       0.612804         359.547          148.05 
       0.628434         344.198         140.192 
       0.644267         330.584         132.816 
       0.660051         325.383         125.993 
       0.675724         321.847         119.693 
       0.691403         312.425         113.823 
       0.707174         301.233         108.318 
       0.722871         296.324         103.201 
        0.73838         294.017         98.4712 
       0.754018         280.732         94.0035 
       0.769845         279.174         89.7652 
        0.78569          273.05          85.785 
       0.801365         266.661         82.0857 
       0.817031         260.319         78.6076 
       0.832809         256.946         75.3093 
       0.848511         249.906         72.2155 
       0.864097         244.061         69.3173 
       0.879701         242.829         66.5759 
       0.895507         236.259         63.9509 
       0.911279         229.502         61.4733 
        0.92691         227.493          59.148 
       0.942635         225.789         56.9307 
       0.958396         219.981         54.8228 
       0.974128         215.437          52.826 
       0.989692         208.819         50.9488 
        1.00528         207.792         49.1605 
        1.02113         204.229         47.4304 
        1.03692         199.816         45.7905 
        1.05264         197.026          44.236 
        1.06832         195.726         42.7564 
        1.08405         190.569         41.3409 
        1.09979         189.631          39.989 
        1.11537         185.031         38.7112 
        1.13105         182.436         37.4818 
        1.14679         180.008         36.3013 
        1.16256         177.658         35.1696 
        1.17828          175.15           34.09 
        1.19395         170.506         33.0596 
         1.2097         169.915         32.0667 
        1.22537         168.195         31.1195 
          1.241         165.036         30.2136 
        1.25666         161.531         29.3416 
        1.27241         158.027         28.5001 
        1.28819         156.699         27.6902 
        1.30392         153.853         26.9143 
        1.31957         150.877         26.1717 
        1.33529         149.513         25.4545 
        1.35108         146.816         24.7614 
        1.36674         144.877         24.0991 
         1.3824         143.938         23.4617 
        1.39811         139.971         22.8454 
        1.41389          138.97         22.2489 
        1.42964         136.358         21.6748 
        1.44531         134.786         21.1238 
        1.46101         132.305         20.5908 
        1.47667         131.778         20.0779 
        1.49229         129.641         19.5838 
        1.50793         127.339         19.1059 
        1.52367         125.772         18.6409 
        1.53953         123.416         18.1883 
        1.55526         122.867         17.7544 
        1.57092         121.044         17.3365 
        1.58662         119.002          16.931 
        1.60235         117.003         16.5378 
        1.61809          115.94         16.1569 
        1.63369          114.36         15.7914 
        1.64941         113.723         15.4347 
        1.66519         111.302         15.0877 
        1.68085         109.892         14.7538 
        1.69652          108.48           14.43 
        1.71228         107.527         14.1141 
        1.72806         105.602         13.8074 
        1.74368         104.045         13.5129 
        1.75933          103.06         13.2265 
        1.77505         101.433          12.947 
        1.79081         100.308         12.6751 
         1.8065         98.6614         12.4123 
        1.82218         97.4003         12.1571 
        1.83797         96.9937         11.9073 
        1.85367         94.9109          11.666 
        1.86928         94.4584         11.4328 
        1.88497         93.1831         11.2047 
        1.90073         92.1226         10.9821 
        1.91647         90.2033         10.7656 
        1.93218         89.2446         10.5555 
        1.94787          88.405         10.3513 
        1.96363         87.2532         10.1517 
        1.97935         86.3426         9.95783 
        1.99499         85.2242         9.77009 
        2.01064         83.8394         9.58693 
         2.0264         82.6494         9.40732 
        2.04216         81.7812         9.23241 
        2.05781         80.9021         9.06305 
        2.07353         79.8715         8.89735 
        2.08928         78.8292         8.73543 
        2.10499         77.6605         8.57798 
        2.12065         77.4038          8.4249 
        2.13633         76.3327         8.27542 
        2.15211         75.1578          8.1286 
        2.16785         73.9342         7.98577 
        2.18349         73.1342         7.84726 
        2.19916         72.4566         7.71176 
        2.21489         71.2411         7.57901 
        2.23063         70.5748          7.4493 
         2.2463         69.8891         7.32321 
        2.26194         69.0145         7.20036 
        2.27765         68.1021          7.0797 
        2.29341         67.3217         6.96149 
        2.30914         66.4208         6.84623 
        2.32486         65.1567         6.73365 
        2.34061         64.8969         6.62341 
        2.35635         63.9183         6.51574 
        2.37203         63.1814         6.41084 
        2.38768         62.3744         6.30847 
        2.40339         61.5152         6.20797 
        2.41914         60.9571         6.10943 
        2.43483         60.3369         6.01337 
         2.4505         59.5244         5.91954 
        2.46622          59.045          5.8274 
        2.48195         58.1994         5.73721 
        2.49759         57.5905         5.64941 
        2.51328         56.9155         5.56323 
        2.52906         56.2313          5.4783 
        2.54479         55.5082         5.39546 
        2.56049         54.8056         5.31449 
        2.57618         54.1761         5.23526 
        2.59189         53.8331         5.15752 
        2.60758          52.937         5.08149 
        2.62325         52.5274         5.00708 
        2.63898         51.7509         4.93391 
        2.65468         51.4101         4.86235 
        2.67044          50.747         4.79191 
        2.68618         50.3164         4.72302 
        2.70184         49.4815         4.65577 
        2.71755         49.0694         4.58965 
        2.73329         48.5651         4.52472 
        2.74897         48.1217         4.46126 
        2.76462         47.5775         4.39916 
        2.78034         46.8744         4.33799 
        2.79607         46.1887         4.27791 
        2.81179         45.9017         4.21904 
        2.82749         45.4653         4.16135 
        2.84321          45.003         4.10467 
        2.85893         44.4355         4.04906 
        2.87462          43.741         3.99458 
        2.89033          43.421         3.94105 
        2.90605         42.8151         3.88846 
        2.92176         42.3447         3.83685 
        2.93747         41.9449         3.78621 
        2.95318         41.7087         3.73647 
        2.96891         41.1579          3.6876 
        2.98456         40.7412         3.63982 
        3.00023         40.2746         3.59282 
        3.01596         39.9175         3.54651 
        3.03164         39.3254         3.50114 
        3.04738         38.9412         3.45644 
         3.0631         38.7375         3.41253 
        3.07883         38.2573         3.36938 
        3.09456         37.7668         3.32698 
        3.11026         37.3373         3.28538 
        3.12596          36.856          3.2445 
        3.14163         36.6306          3.2044 
        3.15734         36.3363         3.16489 
        3.17308         35.9683         3.12595 
        3.18879         35.4233         3.08778 
        3.20447         35.0812         3.05029 
         3.2202         34.7513         3.01331 
         3.2359         34.3635         2.97702 
        3.25157         34.1332          2.9414 
        3.26729          33.742         2.90626 
        3.28304         33.3432         2.87163 
        3.29877         32.9338          2.8376 
        3.31446         32.7445          2.8042 
        3.33014         32.2738         2.77137 
        3.34585         32.0082         2.73901 
        3.36158         31.6255         2.70713 
        3.37727          31.371         2.67585 
        3.39294         31.0995         2.64509 
        3.40867         30.8035          2.6147 
        3.42439         30.5089         2.58481 
        3.44008         30.1715         2.55545 
        3.45578         29.8823         2.52652 
        3.47153         29.6444         2.49797 
        3.48724         29.2786         2.46991 
        3.50292          29.062         2.44235 
        3.51859         28.7366         2.41523 
        3.53431         28.3569         2.38843 
        3.55007         28.1377         2.36197 
        3.56577         27.8474         2.33602 
        3.58146         27.6451         2.31047 
        3.59719         27.3567         2.28524 
        3.61292         27.0785          2.2604 
        3.62859         26.8166         2.23602 
        3.64429         26.5194         2.21196 
        3.66003         26.2572         2.18817 
        3.67578         26.0886         2.16474 
        3.69146         25.9167         2.14175 
        3.70712         25.5415         2.11913 
        3.72284         25.3277         2.09675 
        3.73853         25.1369         2.07473 
        3.75422         24.8214         2.05302 
        3.76993         24.5582         2.03161 
        3.78564         24.4078         2.01051 
        3.80137         24.1369         1.98967 
        3.81707          23.967         1.96917 
        3.83279         23.6676         1.94895 
        3.84853         23.5241         1.92897 
        3.86424         23.1632         1.90932 
        3.87992          23.011         1.88997 
        3.89561         22.8314         1.87088 
        3.91134         22.5621         1.85202 
        3.92704         22.3329         1.83344 
        3.94273         22.2237         1.81514 
        3.95845         21.9822         1.79705 
        3.97418          21.747          1.7792 
        3.98988         21.5611         1.76162 
        4.00554         21.3721         1.74433 
        4.02125         21.2092         1.72722 
        4.03698         20.9826         1.71031 
        4.05268         20.7831         1.69366 
        4.06839         20.6251         1.67723 
         4.0841         20.4677         1.66102 
        4.09983         20.2195           1.645 
        4.11555          20.065         1.62919 
        4.13124         19.9105         1.61364 
        4.14693         19.7655         1.59828 
        4.16266         19.5562         1.58308 
        4.17839         19.4209         1.56809 
        4.19408         19.1426         1.55333 
        4.20977         19.0163         1.53875 
        4.22551         18.8614         1.52432 
        4.24123         18.6836         1.51009 
        4.25691         18.5378         1.49609 
        4.27259         18.3325         1.48225 
        4.28831         18.2195         1.46857 
        4.30404         18.0349         1.45504 
        4.31974         17.8873         1.44171 
        4.33543          17.767         1.42856 
        4.35116         17.6126         1.41554 
        4.36688          17.471         1.40268 
        4.38255         17.2619         1.39004 
        4.39825         17.1207         1.37752 
        4.41398          16.944         1.36513 
         4.4297         16.8461         1.35291 
        4.44541         16.6761         1.34084 
        4.46111         16.5435         1.32892 
        4.47683         16.4094         1.31715 
        4.49251         16.3369         1.30553 
        4.50819         16.1376         1.29407 
         4.5239         16.0309         1.28272 
        4.53962         15.9313         1.27149 
        4.55535         15.7615          1.2604 
        4.57106         15.5948         1.24945 
        4.58678         15.4717         1.23863 
         4.6025         15.3036         1.22793 
        4.61821         15.2728         1.21736 
        4.63391         15.0831         1.20694 
         4.6496         14.9506         1.19663 
        4.66532         14.8726         1.18643 
        4.68103           14.74         1.17636 
        4.69673         14.6161         1.16641 
        4.71241         14.4867         1.15659 
        4.72811         14.3868         1.14686 
        4.74384         14.2532         1.13723 
        4.75955         14.1567         1.12773 
        4.77525           14.02         1.11834 
        4.79096         13.9148         1.10905 
        4.80669         13.8057         1.09986 
         4.8224         13.6863         1.09078 
        4.83809         13.5786         1.08181 
        4.85379         13.4746         1.07294 
         4.8695         13.3393         1.06416 
        4.88521         13.2543         1.05549 
        4.90093          13.125         1.04691 
        4.91663         13.0425         1.03843 
        4.93234         12.9375         1.03004 
        4.94807          12.851         1.02173 
        4.96377         12.7454         1.01353 
        4.97943         12.6745         1.00544 
        4.99514          12.561        0.997418 
        5.01086         12.4353        0.989475 
        5.02654         12.3363        0.981639 
        5.04227         12.2456        0.973865 
          5.058         12.1484        0.966172 
        5.07371         12.0667        0.958576 
        5.08942         11.9562        0.951061 
        5.10513         11.8951        0.943626 
        5.12084          11.776        0.936267 
        5.13656         11.7274        0.928988 
        5.15225         11.5739        0.921798 
        5.16796         11.5032        0.914673 
        5.18369         11.4239        0.907616 
         5.1994         11.3443        0.900647 
        5.21509         11.2319        0.893757 
        5.23079         11.1563        0.886931 
        5.24649         11.0818        0.880182 
        5.26217          10.994        0.873508 
        5.27788         10.9197        0.866893 
        5.29359         10.8111        0.860346 
        5.30933         10.7477        0.853856 
        5.32504         10.6958        0.847445 
        5.34073         10.5836        0.841106 
        5.35646         10.5121         0.83482 
        5.37218         10.4132        0.828596 
        5.38789         10.3367        0.822446 
        5.40357         10.2881        0.816366 
        5.41929         10.2222        0.810333 
        5.43502         10.1533        0.804361 
         5.4507         10.0385        0.798463 
        5.46639         9.95475        0.792623 
        5.48212         9.89627        0.786828 
        5.49786         9.85228        0.781084 
        5.51353         9.77324        0.775426 
        5.52921         9.70016        0.769818 
        5.54495         9.62117        0.764249 
        5.56066         9.55519        0.758741 
        5.57637         9.48557        0.753289 
        5.59207         9.42957        0.747894 
        5.60778         9.34335        0.742551 
        5.62346         9.26709        0.737267 
        5.63916         9.21404        0.732029 
        5.65487         9.13192         0.72684 
         5.6706         9.07475        0.721694 
        5.68633         9.00278        0.716597 
        5.70203         8.95429        0.711559 
        5.71773         8.90092        0.706571 
        5.73344         8.83161        0.701628 
        5.74916          8.7656        0.696727 
        5.76486         8.71306         0.69188 
        5.78054         8.64234        0.687087 
        5.79626          8.5718        0.682325 
          5.812         8.51301        0.677604 
         5.8277         8.45172        0.672941 
        5.84339         8.37958        0.668322 
        5.85911         8.35156        0.663738 
        5.87484         8.29469        0.659197 
        5.89053          8.2235        0.654708 
        5.90623         8.16953        0.650259 
        5.92195         8.11387        0.645843 
        5.93767         8.03856        0.641471 
        5.95336         8.00601        0.637146 
        5.96905         7.94675        0.632862 
        5.98476         7.89612        0.628612 
        6.00048           7.821          0.6244 
        6.01617           7.781        0.620232 
        6.03185         7.73661        0.616107 
        6.04756          7.6705         0.61201 
        6.06331         7.63444        0.607941 
        6.07903         7.57963        0.603917 
        6.09473         7.51279        0.599934 
        6.11044         7.45951        0.595983 
        6.12616         7.43458        0.592068 
        6.14186         7.38091        0.588193 
        6.15755         7.31471        0.584352 
        6.17326         7.27975        0.580542 
        6.18898         7.22806        0.576765 
        6.20467          7.1724        0.573028 
        6.22036         7.12977        0.569324 
         6.2361         7.07916        0.565643 
         6.2518         7.03992        0.562001 
        6.26748         6.99133        0.558399 
        6.28319         6.94564        0.554818 
        6.29893         6.90367        0.551266 
        6.31463         6.85738         0.54775 
        6.33033         6.80563        0.544267 
        6.34604         6.75348        0.540811 
        6.36177         6.73324        0.537382 
        6.37747          6.6655        0.533989 
        6.39316         6.63395        0.530628 
        6.40888         6.57791        0.527288 
         6.4246         6.55183        0.523977 
        6.44031         6.50291        0.520697 
        6.45601         6.45659        0.517449 
        6.47172         6.41569        0.514224 
        6.48744          6.3764        0.511025 
        6.50313         6.34235         0.50786 
        6.51882         6.29598        0.504722 
        6.53452         6.25878        0.501608 
        6.55025         6.22005        0.498514 
        6.56597         6.17888        0.495451 
        6.58166         6.13572        0.492417 
        6.59736         6.09901        0.489407 
        6.61307          6.0584        0.486419 
         6.6288         6.02265        0.483455 
         6.6445         5.98669        0.480519 
         6.6602         5.94494        0.477608 
        6.67592          5.9135        0.474718 
        6.69164         5.87698        0.471853 
        6.70735         5.83741        0.469012 
        6.72304         5.80366        0.466197 
        6.73874         5.76593        0.463405 
        6.75446         5.72064        0.460633 
        6.77016          5.6998        0.457886 
        6.78585          5.6564        0.455163 
        6.80156         5.62438         0.45246 
        6.81729         5.59313        0.449775 
        6.83301         5.55113        0.447112 
         6.8487         5.52235        0.444477 
         6.8644         5.48986        0.441861 
        6.88012          5.4526        0.439264 
        6.89583         5.42374         0.43669 
        6.91151         5.38205         0.43414 
        6.92723         5.34925        0.431604 
        6.94296         5.31742        0.429087 
        6.95866         5.28883        0.426595 
        6.97436         5.25811        0.424123 
        6.99007         5.22754        0.421668 
        7.00578         5.19187        0.419234 
        7.02147         5.16602        0.416822 
        7.03718         5.12813        0.414426 
         7.0529         5.09945        0.412046 
        7.06863          5.0756        0.409684 
        7.08433         5.03916        0.407345 
        7.10004         5.00756        0.405024 
        7.11575         4.99108         0.40272 
        7.13145          4.9518        0.400435 
        7.14715         4.92154        0.398168 
        7.16284         4.89848        0.395921 
        7.17855         4.86662        0.393687 
        7.19428         4.83589        0.391468 
        7.20998         4.81404         0.38927 
        7.22568          4.7761         0.38709 
        7.24139         4.75388        0.384925 
        7.25711         4.72471        0.382776 
        7.27282         4.70242        0.380643 
        7.28852         4.67059        0.378529 
        7.30423         4.64249        0.376428 
        7.31995         4.61898        0.374344 
        7.33565         4.59204        0.372277 
        7.35135         4.56262        0.370225 
        7.36706         4.53486         0.36819 
        7.38277         4.50728        0.366167 
        7.39847         4.47987        0.364162 
        7.41419          4.4593         0.36217 
         7.4299         4.43647        0.360193 
        7.44561         4.40648        0.358232 
        7.46132         4.39342        0.356285 
        7.47701         4.36268        0.354355 
        7.49272         4.33439        0.352437 
        7.50842         4.31213        0.350533 
         7.5241         4.28487        0.348647 
        7.53981         4.26329        0.346772 
        7.55552         4.24663        0.344909 
        7.57125         4.21985        0.343059 
        7.58698         4.19469        0.341221 
        7.60268         4.17352        0.339401 
         7.6184         4.14727        0.337592 
        7.63411         4.13176        0.335797 
        7.64981         4.09905        0.334016 
        7.66552         4.07246        0.332248 
        7.68123         4.05527        0.330492 
        7.69695         4.03743        0.328748 
        7.71264         4.00713        0.327019 
        7.72834         3.99361        0.325302 
        7.74407         3.97147        0.323594 
        7.75978         3.94517        0.321899 
        7.77546         3.92479        0.320221 
        7.79116         3.89941        0.318553 
         7.8069         3.87746        0.316893 
         7.8226         3.86275        0.315247 
        7.83828         3.83941        0.313616 
        7.85399         3.82111        0.311995 
        7.86972         3.80337        0.310381 
        7.88543         3.77918        0.308782 
        7.90111         3.75815        0.307197 
        7.91681         3.73761         0.30562 
        7.93255         3.71941        0.304052 
        7.94828         3.70329        0.302495 
        7.96397         3.67486        0.300952 
        7.97967         3.66217         0.29942 
        7.99538         3.64034        0.297897 
         8.0111          3.6257        0.296385 
         8.0268         3.60168        0.294884 
        8.04248          3.5847        0.293395 
         8.0582         3.56354        0.291914 
        8.07393         3.54816        0.290441 
        8.08963         3.52833        0.288982 
        8.10533         3.50969        0.287532 
        8.12104          3.4888        0.286092 
        8.13675         3.47146        0.284661 
        8.15245         3.46244        0.283241 
        8.16815         3.43763        0.281832 
        8.18387         3.42042        0.280429 
        8.19959           3.401        0.279036 
         8.2153         3.38467        0.277654 
        8.23101         3.37033        0.276281 
        8.24672         3.34913        0.274917 
        8.26241         3.33219        0.273565 
         8.2781         3.31667        0.272221 
        8.29381         3.30126        0.270885 
        8.30952         3.28555        0.269557 
        8.32524         3.26881        0.268238 
        8.34095         3.25515        0.266928 
        8.35666         3.23544        0.265628 
        8.37237         3.21935        0.264335 
        8.38808         3.20067        0.263052 
        8.40379         3.18358        0.261777 
         8.4195         3.17423        0.260511 
         8.4352         3.15239        0.259253 
        8.45091         3.14066        0.258004 
        8.46662         3.12484        0.256762 
        8.48232          3.1055        0.255529 
        8.49802         3.09444        0.254305 
        8.51374         3.07767        0.253087 
        8.52945         3.06608        0.251877 
        8.54515          3.0503        0.250677 
        8.56086         3.03238        0.249483 
        8.57658         3.01892        0.248297 
        8.59228         3.00746         0.24712 
        8.60799         2.99021        0.245949 
        8.62371         2.97715        0.244786 
        8.63942         2.96357        0.243631 
        8.65512         2.94756        0.242484 
        8.67082         2.93818        0.241344 
        8.68653         2.92253        0.240211 
        8.70224         2.90672        0.239085 
        8.71795         2.89359        0.237967 
        8.73365            2.88        0.236856 
        8.74936         2.86813        0.235752 
        8.76506         2.85539        0.234655 
        8.78076         2.84029        0.233566 
        8.79646         2.82488        0.232483 
        8.81218         2.81413        0.231406 
        8.82791         2.80034        0.230335 
         8.8436         2.78742        0.229273 
         8.8593         2.77278        0.228218 
        8.87503         2.75978        0.227167 
        8.89076         2.74764        0.226123 
        8.90644         2.74019        0.225089 
        8.92214         2.72566         0.22406 
        8.93786          2.7134        0.223036 
        8.95357         2.70182        0.222019 
        8.96928         2.68608        0.221009 
        8.98498         2.67401        0.220005 
        9.00069         2.66431        0.219007 
        9.01639          2.6533        0.218015 
        9.03208         2.63905        0.217031 
        9.04778         2.62913        0.216052 
        9.06351         2.61618        0.215078 
        9.07923          2.6068         0.21411 
        9.09493         2.59467        0.213149 
        9.11062         2.58056        0.212194 
        9.12635         2.57348        0.211244 
        9.14207         2.55969        0.210299 
        9.15777         2.55024        0.209361 
        9.17346         2.53949         0.20843 
        9.18917         2.52928        0.207503 
         9.2049         2.51756        0.206581 
        9.22061         2.50421        0.205666 
        9.23631         2.49396        0.204756 
        9.25201         2.48535        0.203852 
        9.26773         2.47567        0.202953 
        9.28343         2.46347         0.20206 
        9.29913         2.45418        0.201172 
        9.31484         2.44269        0.200289 
        9.33057         2.43412        0.199411 
        9.34627         2.42194        0.198539 
        9.36197         2.40969        0.197672 
        9.37768         2.40202         0.19681 
        9.39338         2.39169        0.195954 
        9.40909         2.38098        0.195103 
        9.42479         2.36937        0.194257 
         9.4405         2.36293        0.193415 
        9.45621         2.35634        0.192579 
        9.47193         2.34378        0.191747 
        9.48763         2.33434        0.190921 
        9.50334         2.32413          0.1901 
        9.51906         2.31702        0.189283 
        9.53476         2.30707        0.188472 
        9.55045         2.29742        0.187665 
        9.56616         2.28608        0.186863 
        9.58188         2.27976        0.186065 
        9.59759         2.27049        0.185271 
         9.6133         2.25963        0.184482 
        9.62901         2.25277        0.183698 
        9.64471         2.24578        0.182918 
        9.66041         2.23342        0.182142 
        9.67612         2.22708         0.18137 
        9.69184         2.21684        0.180603 
        9.70754         2.21093         0.17984 
        9.72324         2.19957        0.179083 
        9.73895         2.19346         0.17833 
        9.75467          2.1842        0.177581 
        9.77038         2.17497        0.176837 
        9.78607         2.16553        0.176099 
        9.80177         2.15955        0.175366 
        9.81749         2.15135        0.174637 
         9.8332         2.14349        0.173914 
         9.8489         2.13873        0.173195 
        9.86463         2.12979         0.17248 
        9.88035         2.12168        0.171769 
        9.89606         2.11322        0.171062 
        9.91175         2.10438        0.170359 
        9.92745         2.09878        0.169658 
        9.94317         2.08856        0.168958 
        9.95888         2.08086         0.16826 
        9.97458         2.07474        0.167564 
        9.99029          2.0696        0.166867 
         10.006         2.06122        0.166437 
        10.0217         2.05387        0.166437 
        10.0374         2.04999        0.166437 
        10.0531         2.03894        0.166437 
        10.0688         2.03273        0.166437 
        10.0845         2.02623        0.166437 
        10.1002         2.01798        0.166437 
        10.1159         2.01475        0.166437 
        10.1317         2.00437        0.166437 
        10.1474         2.00079        0.166437 
        10.1631         1.99082        0.166437 
        10.1788         1.98561        0.166437 
        10.1945         1.97845        0.166437 
        10.2102         1.97292        0.166437 
        10.2259         1.96563        0.166437 
        10.2416         1.95773        0.166437 
        10.2573         1.95252        0.166437 
         10.273         1.94572        0.166437 
        10.2887         1.93963        0.166437 
        10.3044         1.93171        0.166437 
        10.3201         1.92701        0.166437 
        10.3359         1.92042        0.166437 
        10.3516         1.91513        0.166437 
        10.3673         1.91054        0.166437 
         10.383         1.90329        0.166437 
        10.3987          1.8971        0.166437 
        10.4144         1.89043        0.166437 
        10.4301         1.88539        0.166437 
        10.4458         1.88103        0.166437 
        10.4615         1.87308        0.166437 
        10.4772         1.86685        0.166437 
        10.4929         1.86485        0.166437 
        10.5086         1.85948        0.166437 
        10.5244         1.85328        0.166437 
        10.5401         1.84817        0.166437 
        10.5558         1.84122        0.166437 
        10.5715          1.8362        0.166437 
        10.5872         1.83292        0.166437 
        10.6029         1.82601        0.166437 
        10.6186         1.82109        0.166437 
        10.6343         1.81731        0.166437 
          10.65         1.81369        0.166437 
        10.6657         1.80616        0.166437 
        10.6814         1.80221        0.166437 
        10.6971         1.79732        0.166437 
        10.7129         1.79112        0.166437 
        10.7286          1.7864        0.166437 
        10.7443         1.78312        0.166437 
          10.76         1.77817        0.166437 
        10.7757          1.7727        0.166437 
        10.7914         1.76902        0.166437 
        10.8071         1.76361        0.166437 
        10.8228         1.76012        0.166437 
        10.8385         1.75432        0.166437 
        10.8542         1.75234        0.166437 
        10.8699         1.74706        0.166437 
        10.8856         1.74372        0.166437 
        10.9014         1.73837        0.166437 
        10.9171          1.7353        0.166437 
        10.9328         1.72973        0.166437 
        10.9485         1.72455        0.166437 
        10.9642         1.72183        0.166437 
        10.9799         1.71731        0.166437 
        10.9956         1.71411        0.166437 
        11.0113         1.71055        0.166437 
         11.027         1.70723        0.166437 
        11.0427         1.70218        0.166437 
        11.0584         1.69907        0.166437 
        11.0741         1.69742        0.166437 
        11.0898         1.69291        0.166437 
        11.1055         1.69026        0.166437 
        11.1212         1.68651        0.166437 
         11.137         1.68398        0.166437 
        11.1527         1.68031        0.166437 
        11.1684         1.67905        0.166437 
        11.1841         1.67419        0.166437 
        11.1998         1.66932        0.166437 
        11.2155         1.66792        0.166437 
        11.2312         1.66429        0.166437 
        11.2469         1.66137        0.166437 
        11.2626         1.65686        0.166437 
        11.2783         1.65637        0.166437 
         11.294         1.65198        0.166437 
        11.3097         1.64913        0.166437 
        11.3254          1.6473        0.166437 
        11.3412         1.64306        0.166437 
        11.3569         1.64035        0.166437 
        11.3726         1.63936        0.166437 
        11.3883         1.63649        0.166437 
         11.404         1.63657        0.166437 
        11.4197         1.63134        0.166437 
        11.4354         1.62783        0.166437 
        11.4511         1.62744        0.166437 
        11.4668         1.62482        0.166437 
        11.4825          1.6224        0.166437 
        11.4982         1.62103        0.166437 
         11.514         1.61825        0.166437 
        11.5297         1.61561        0.166437 
        11.5454         1.61509        0.166437 
        11.5611         1.61199        0.166437 
        11.5768         1.61222        0.166437 
        11.5925         1.60923        0.166437 
        11.6082         1.60776        0.166437 
        11.6239         1.60516        0.166437 
        11.6396         1.60359        0.166437 
        11.6553         1.60194        0.166437 
         11.671          1.6028        0.166437 
        11.6867         1.59871        0.166437 
        11.7024         1.59744        0.166437 
        11.7182         1.59651        0.166437 
        11.7339         1.59428        0.166437 
        11.7496         1.59313        0.166437 
        11.7653         1.59315        0.166437 
         11.781         1.59194        0.166437 
        11.7967         1.59007        0.166437 
        11.8124         1.58842        0.166437 
        11.8281         1.58864        0.166437 
        11.8438         1.58794        0.166437 
        11.8595          1.5867        0.166437 
        11.8752         1.58658        0.166437 
         11.891         1.58534        0.166437 
        11.9067         1.58492        0.166437 
        11.9224         1.58414        0.166437 
        11.9381         1.58293        0.166437 
        11.9538         1.58183        0.166437 
        11.9695         1.58235        0.166437 
        11.9852          1.5835        0.166437 
        12.0009         1.58129        0.166437 
        12.0166          1.5823        0.166437 
        12.0323         1.58229        0.166437 
         12.048         1.58266        0.166437 
        12.0637         1.58154        0.166437 
