# k  (h/Mpc)    Pcb(k)  (Mpc/h)^3    Pcb_linear(k) (Mpc/h)^3   ShotnoiseSubtracted = true
      0.0200456         24193.6         24800.7 
      0.0350414         18402.6         19446.3 
      0.0492313         14868.5         15407.5 
      0.0637834           12662         12528.7 
      0.0800726         9614.53         9464.24 
       0.096163         7047.77         7444.23 
       0.111083         5922.37         6301.53 
       0.126058         5257.17         5238.37 
       0.142273         4455.45         4262.65 
       0.158546         4114.96         3631.28 
        0.17375         3347.48         3159.34 
       0.188953         3237.68         2716.07 
       0.204907         3033.47         2351.15 
       0.220756         2673.72         2078.04 
        0.23588         2410.03         1845.75 
         0.2514         2113.05         1635.48 
       0.267535         2123.54         1458.57 
       0.283568         1929.85         1310.65 
       0.299022         1838.84         1183.56 
       0.314451         1752.39         1073.08 
       0.330372         1604.67         975.692 
       0.346141         1580.15         890.693 
       0.361624         1516.25         816.338 
       0.377134         1418.63         750.578 
       0.392932         1364.32         691.321 
       0.408854         1340.16         637.891 
       0.424564         1238.45         590.567 
       0.440253         1213.57         548.207 
       0.455999         1197.25         509.907 
       0.471626         1149.05         475.459 
        0.48727         1109.12         444.154 
       0.502856         1067.48         415.785 
       0.518488         1069.13         389.822 
       0.534347          1001.9         365.737 
       0.550082         989.644         343.854 
       0.565732         976.399         323.872 
       0.581496         931.747         305.351 
       0.597222         909.845         288.318 
       0.612804         898.372         272.728 
       0.628434         876.253         258.254 
       0.644267         853.089         244.665 
       0.660051         833.974         232.096 
       0.675724         827.727         220.491 
       0.691403         802.272         209.678 
       0.707174         776.917         199.536 
       0.722871         760.898          190.11 
        0.73838         747.552         181.397 
       0.754018         737.639         173.167 
       0.769845         723.705          165.36 
        0.78569         713.183         158.028 
       0.801365         693.829         151.213 
       0.817031         681.872         144.806 
       0.832809         672.449          138.73 
       0.848511         657.035         133.031 
       0.864097         637.128         127.692 
       0.879701         628.302         122.642 
       0.895507         627.749         117.806 
       0.911279         614.331         113.242 
        0.92691         605.158         108.959 
       0.942635         586.914         104.874 
       0.958396         574.609         100.991 
       0.974128         569.711         97.3126 
       0.989692         562.704         93.8546 
        1.00528         543.342         90.5603 
        1.02113         543.686         87.3733 
        1.03692         529.684         84.3523 
        1.05264         521.976         81.4887 
        1.06832         510.758         78.7632 
        1.08405         505.086         76.1556 
        1.09979         497.407         73.6652 
        1.11537         488.975         71.3112 
        1.13105         482.341         69.0466 
        1.14679          470.68          66.872 
        1.16256         459.802         64.7872 
        1.17828         459.589         62.7985 
        1.19395         450.073         60.9003 
         1.2097         437.985         59.0713 
        1.22537          432.39         57.3264 
          1.241         424.786         55.6576 
        1.25666         419.696         54.0513 
        1.27241         412.284          52.501 
        1.28819         402.994         51.0092 
        1.30392         398.455         49.5799 
        1.31957         391.664         48.2118 
        1.33529          388.96         46.8906 
        1.35108         379.718         45.6138 
        1.36674         373.484         44.3938 
         1.3824          369.69         43.2197 
        1.39811         361.941         42.0843 
        1.41389         358.033         40.9855 
        1.42964         353.772         39.9279 
        1.44531         350.122         38.9129 
        1.46101         340.616         37.9311 
        1.47667         335.586         36.9862 
        1.49229         332.445         36.0761 
        1.50793         323.031         35.1957 
        1.52367         322.784         34.3391 
        1.53953         314.322         33.5054 
        1.55526         312.355          32.706 
        1.57092         309.657         31.9361 
        1.58662         303.657         31.1893 
        1.60235         297.939         30.4649 
        1.61809         293.692         29.7632 
        1.63369         289.935           29.09 
        1.64941         283.773         28.4328 
        1.66519         281.829         27.7935 
        1.68085         279.081         27.1786 
        1.69652         274.298          26.582 
        1.71228         267.153         26.0001 
        1.72806         263.959         25.4351 
        1.74368          260.16         24.8927 
        1.75933         257.796          24.365 
        1.77505         254.211         23.8502 
        1.79081         251.047         23.3493 
         1.8065         245.701         22.8651 
        1.82218         242.806          22.395 
        1.83797         241.819         21.9349 
        1.85367          236.96         21.4903 
        1.86928         232.388         21.0608 
        1.88497         230.739         20.6407 
        1.90073         226.589         20.2304 
        1.91647         224.128         19.8318 
        1.93218         220.419         19.4447 
        1.94787         217.025         19.0686 
        1.96363         213.889         18.7009 
        1.97935         210.874         18.3437 
        1.99499         208.649         17.9978 
        2.01064         205.097         17.6604 
         2.0264         203.896         17.3296 
        2.04216         201.259         17.0074 
        2.05781         197.721         16.6954 
        2.07353         194.658         16.3901 
        2.08928         191.216         16.0919 
        2.10499         189.863         15.8018 
        2.12065         187.489         15.5198 
        2.13633         184.704         15.2444 
        2.15211         181.965          14.974 
        2.16785         180.503         14.7109 
        2.18349         178.061         14.4557 
        2.19916         175.336         14.2061 
        2.21489         173.252         13.9616 
        2.23063         171.133         13.7226 
         2.2463         167.945         13.4903 
        2.26194          166.21          13.264 
        2.27765         163.656         13.0418 
        2.29341         161.706          12.824 
        2.30914          159.71         12.6117 
        2.32486         158.549         12.4043 
        2.34061         155.681         12.2012 
        2.35635         154.248         12.0029 
        2.37203         152.325         11.8096 
        2.38768         149.721         11.6211 
        2.40339         148.062         11.4359 
        2.41914         146.474         11.2544 
        2.43483         144.992         11.0775 
         2.4505         143.345         10.9046 
        2.46622         141.318         10.7349 
        2.48195         139.534         10.5687 
        2.49759         138.367          10.407 
        2.51328         137.117         10.2482 
        2.52906         134.834         10.0918 
        2.54479         132.856         9.93917 
        2.56049         131.107         9.79002 
        2.57618         130.219         9.64406 
        2.59189         128.306         9.50086 
        2.60758         126.436          9.3608 
        2.62325           125.4         9.22373 
        2.63898         123.885         9.08893 
        2.65468         122.374         8.95711 
        2.67044         120.452         8.82734 
        2.68618         119.862         8.70045 
        2.70184         117.877         8.57655 
        2.71755         116.964         8.45477 
        2.73329         115.151         8.33516 
        2.74897         114.092         8.21826 
        2.76462         112.579         8.10386 
        2.78034         111.518         7.99116 
        2.79607         109.911         7.88049 
        2.81179           109.4         7.77205 
        2.82749         108.039         7.66577 
        2.84321         105.996         7.56135 
        2.85893         104.827         7.45892 
        2.87462         103.946         7.35856 
        2.89033         102.556         7.25995 
        2.90605         101.582         7.16307 
        2.92176         100.142           7.068 
        2.93747         99.0916         6.97471 
        2.95318         98.6252         6.88309 
        2.96891         97.1718         6.79307 
        2.98456         96.2531         6.70505 
        3.00023         95.1908         6.61847 
        3.01596         93.8575         6.53315 
        3.03164         93.0624         6.44958 
        3.04738         92.2554         6.36723 
         3.0631         91.0009         6.28634 
        3.07883         89.7813         6.20685 
        3.09456         88.9582         6.12875 
        3.11026          88.389         6.05212 
        3.12596         87.3573         5.97681 
        3.14163         86.1852         5.90295 
        3.15734         85.3742         5.83016 
        3.17308         84.5639         5.75843 
        3.18879         83.4916          5.6881 
        3.20447         82.6718         5.61905 
         3.2202         81.8234         5.55094 
         3.2359         80.9982         5.48407 
        3.25157         80.3738         5.41846 
        3.26729         79.2864         5.35373 
        3.28304          78.536         5.28993 
        3.29877         77.7982         5.22725 
        3.31446         77.0866         5.16572 
        3.33014         76.1187         5.10524 
        3.34585         75.4416         5.04564 
        3.36158         74.5085          4.9869 
        3.37727         73.8059         4.92927 
        3.39294          73.113         4.87261 
        3.40867         72.3715         4.81664 
        3.42439         71.4521         4.76158 
        3.44008          70.687         4.70748 
        3.45578         69.9435         4.65419 
        3.47153         69.6054          4.6016 
        3.48724         68.9251         4.54992 
        3.50292         68.3286         4.49915 
        3.51859         67.6525         4.44918 
        3.53431         66.9325         4.39981 
        3.55007          66.248         4.35108 
        3.56577         65.3161         4.30327 
        3.58146         64.8149          4.2562 
        3.59719         64.2521         4.20973 
        3.61292         63.7263         4.16397 
        3.62859         63.0581         4.11906 
        3.64429         62.2738         4.07472 
        3.66003         61.7125         4.03091 
        3.67578         61.0327         3.98775 
        3.69146         60.6507         3.94539 
        3.70712          59.974         3.90372 
        3.72284         59.4819         3.86249 
        3.73853         58.8672         3.82194 
        3.75422         58.1596         3.78195 
        3.76993          57.915          3.7425 
        3.78564         57.1768         3.70363 
        3.80137         56.6951         3.66524 
        3.81707         56.1365         3.62749 
        3.83279         55.6155         3.59023 
        3.84853         55.0394         3.55343 
        3.86424         54.6869         3.51723 
        3.87992         54.1078         3.48158 
        3.89561         53.6262         3.44642 
        3.91134         53.0781         3.41168 
        3.92704         52.7867         3.37745 
        3.94273         52.1635         3.34373 
        3.95845         51.6275         3.31041 
        3.97418         51.1426         3.27753 
        3.98988         50.6869         3.24515 
        4.00554         50.3167         3.21329 
        4.02125         49.7447         3.18177 
        4.03698         49.3399         3.15062 
        4.05268         48.7626         3.11996 
        4.06839         48.4039         3.08968 
         4.0841         48.0686         3.05982 
        4.09983         47.5522         3.03031 
        4.11555         47.1154         3.00119 
        4.13124         46.6296         2.97255 
        4.14693         46.4108         2.94425 
        4.16266          45.962         2.91625 
        4.17839         45.5683         2.88864 
        4.19408         45.1004         2.86144 
        4.20977          44.666         2.83458 
        4.22551         44.2066         2.80801 
        4.24123         43.9707          2.7818 
        4.25691           43.63           2.756 
        4.27259         43.1135         2.73051 
        4.28831         42.8168          2.7053 
        4.30404         42.4319         2.68038 
        4.31974         42.0667         2.65583 
        4.33543         41.6774          2.6316 
        4.35116         41.3115         2.60761 
        4.36688         41.1063         2.58394 
        4.38255         40.6456         2.56064 
        4.39825         40.3569         2.53758 
        4.41398         40.0029         2.51476 
         4.4297         39.5401         2.49225 
        4.44541         39.2868         2.47001 
        4.46111          38.931         2.44806 
        4.47683         38.5603         2.42636 
        4.49251         38.2641         2.40497 
        4.50819          37.954         2.38385 
         4.5239         37.6807         2.36294 
        4.53962         37.3439         2.34226 
        4.55535         36.9677         2.32182 
        4.57106         36.7818         2.30165 
        4.58678         36.3363         2.28172 
         4.6025         36.1315         2.26202 
        4.61821         35.8055         2.24255 
        4.63391         35.4784         2.22334 
         4.6496         35.0932         2.20436 
        4.66532         34.8733         2.18557 
        4.68103         34.6009         2.16701 
        4.69673         34.2809         2.14869 
        4.71241          34.009         2.13059 
        4.72811         33.8222         2.11267 
        4.74384         33.4491         2.09494 
        4.75955         33.2075         2.07743 
        4.77525         32.8737         2.06014 
        4.79096         32.6647         2.04302 
        4.80669         32.4152         2.02608 
         4.8224         32.2277         2.00936 
        4.83809         31.8761         1.99285 
        4.85379         31.6031         1.97651 
         4.8695         31.3916         1.96034 
        4.88521         31.1942         1.94435 
        4.90093         30.8303         1.92855 
        4.91663         30.5766         1.91293 
        4.93234         30.3753         1.89747 
        4.94807         30.1658         1.88217 
        4.96377         29.9225         1.86707 
        4.97943         29.7028         1.85216 
        4.99514         29.4971         1.83738 
        5.01086         29.2061         1.82275 
        5.02654          28.986         1.80831 
        5.04227         28.7602         1.79399 
          5.058         28.5453         1.77982 
        5.07371         28.3295         1.76583 
        5.08942         28.1479         1.75198 
        5.10513         27.9137         1.73829 
        5.12084         27.6676         1.72473 
        5.13656         27.5127         1.71132 
        5.15225         27.2278         1.69808 
        5.16796         27.0745         1.68495 
        5.18369         26.8086         1.67195 
         5.1994         26.6356         1.65911 
        5.21509         26.4517         1.64642 
        5.23079          26.149         1.63385 
        5.24649          25.982         1.62142 
        5.26217         25.7762         1.60912 
        5.27788         25.5871         1.59694 
        5.29359         25.3549         1.58487 
        5.30933         25.2463         1.57292 
        5.32504         25.0026         1.56111 
        5.34073         24.8284         1.54943 
        5.35646         24.6864         1.53785 
        5.37218         24.4758         1.52639 
        5.38789         24.2731         1.51506 
        5.40357         24.0764         1.50386 
        5.41929         23.9466         1.49274 
        5.43502         23.7943         1.48174 
         5.4507         23.5358         1.47088 
        5.46639          23.364         1.46012 
        5.48212         23.2396         1.44944 
        5.49786          23.034         1.43886 
        5.51353         22.8612         1.42844 
        5.52921         22.6753         1.41811 
        5.54495         22.5417         1.40785 
        5.56066          22.357          1.3977 
        5.57637         22.2088         1.38766 
        5.59207          22.013         1.37772 
        5.60778         21.8523         1.36788 
        5.62346         21.6781         1.35815 
        5.63916         21.4996          1.3485 
        5.65487         21.4191         1.33894 
         5.6706         21.2275         1.32946 
        5.68633         21.0665         1.32007 
        5.70203         20.9301         1.31079 
        5.71773         20.7462          1.3016 
        5.73344         20.6163         1.29249 
        5.74916         20.4885         1.28347 
        5.76486         20.3426         1.27454 
        5.78054          20.206         1.26571 
        5.79626         20.0343         1.25694 
          5.812         19.9042         1.24824 
         5.8277         19.7857         1.23965 
        5.84339         19.6146         1.23114 
        5.85911          19.443          1.2227 
        5.87484         19.3366         1.21433 
        5.89053         19.2091         1.20606 
        5.90623         19.0473         1.19787 
        5.92195         18.9329         1.18973 
        5.93767         18.8233         1.18168 
        5.95336         18.6907         1.17371 
        5.96905         18.4943         1.16582 
        5.98476         18.3818         1.15799 
        6.00048         18.2925         1.15023 
        6.01617         18.1245         1.14255 
        6.03185         17.9915         1.13495 
        6.04756         17.8917         1.12741 
        6.06331         17.7623         1.11991 
        6.07903         17.6376          1.1125 
        6.09473         17.5291         1.10516 
        6.11044         17.3727         1.09788 
        6.12616         17.2676         1.09067 
        6.14186         17.2005         1.08353 
        6.15755         17.0704         1.07646 
        6.17326         16.8811         1.06944 
        6.18898         16.8006         1.06248 
        6.20467          16.687          1.0556 
        6.22036         16.5777         1.04877 
         6.2361         16.4405         1.04199 
         6.2518         16.3317         1.03528 
        6.26748          16.211         1.02865 
        6.28319         16.1339         1.02205 
        6.29893         16.0176         1.01551 
        6.31463         15.8861         1.00903 
        6.33033         15.7651         1.00261 
        6.34604         15.6955        0.996248 
        6.36177         15.6004        0.989931 
        6.37747         15.4818        0.983681 
        6.39316         15.3773        0.977488 
        6.40888         15.2649        0.971337 
         6.4246         15.2044        0.965238 
        6.44031         15.0579        0.959195 
        6.45601         14.9674        0.953211 
        6.47172         14.8575         0.94727 
        6.48744          14.774        0.941379 
        6.50313          14.675        0.935547 
        6.51882         14.5965        0.929767 
        6.53452         14.4672         0.92403 
        6.55025         14.3977        0.918331 
        6.56597         14.3003        0.912688 
        6.58166         14.2032        0.907099 
        6.59736         14.0944        0.901555 
        6.61307         14.0082        0.896051 
         6.6288         13.9222         0.89059 
         6.6445          13.821        0.885181 
         6.6602         13.7367        0.879819 
        6.67592         13.6476        0.874495 
        6.69164         13.5891        0.869217 
        6.70735         13.4507        0.863983 
        6.72304         13.3575        0.858799 
        6.73874         13.2876        0.853656 
        6.75446          13.182        0.848548 
        6.77016         13.1274        0.843489 
        6.78585         13.0349        0.838472 
        6.80156          12.956        0.833493 
        6.81729         12.8556        0.828547 
        6.83301         12.7717        0.823641 
         6.8487         12.6976        0.818787 
         6.8644         12.5883        0.813968 
        6.88012         12.5457        0.809184 
        6.89583         12.4535        0.804442 
        6.91151         12.3584        0.799744 
        6.92723         12.2912        0.795073 
        6.94296         12.2182        0.790437 
        6.95866         12.1285        0.785846 
        6.97436         12.0775        0.781292 
        6.99007         11.9843        0.776771 
        7.00578         11.8965        0.772287 
        7.02147         11.8202        0.767842 
        7.03718         11.7732        0.763428 
         7.0529         11.6891        0.759045 
        7.06863         11.6065        0.754695 
        7.08433         11.5326        0.750384 
        7.10004         11.4519        0.746109 
        7.11575         11.4131        0.741865 
        7.13145         11.3319        0.737656 
        7.14715          11.246         0.73348 
        7.16284         11.1906        0.729341 
        7.17855         11.1093        0.725225 
        7.19428         11.0522        0.721138 
        7.20998         10.9685        0.717089 
        7.22568         10.8852        0.713072 
        7.24139         10.8335        0.709084 
        7.25711         10.7793        0.705125 
        7.27282          10.711        0.701196 
        7.28852         10.6331        0.697302 
        7.30423         10.5856        0.693432 
        7.31995         10.5158        0.689593 
        7.33565         10.4635        0.685785 
        7.35135         10.3649        0.682006 
        7.36706         10.3209        0.678256 
        7.38277         10.2632         0.67453 
        7.39847          10.193        0.670836 
        7.41419         10.1471        0.667167 
         7.4299         10.0561        0.663525 
        7.44561         10.0091        0.659911 
        7.46132         9.95416        0.656325 
        7.47701         9.87933         0.65277 
        7.49272         9.82451        0.649236 
        7.50842         9.76242         0.64573 
         7.5241         9.71334        0.642255 
        7.53981         9.64779          0.6388 
        7.55552         9.60077         0.63537 
        7.57125         9.54449        0.631961 
        7.58698         9.47703        0.628576 
        7.60268         9.41462        0.625223 
         7.6184         9.36905        0.621891 
        7.63411         9.32776        0.618584 
        7.64981         9.24726        0.615303 
        7.66552         9.19722        0.612046 
        7.68123         9.14791        0.608811 
        7.69695          9.0808        0.605598 
        7.71264         9.03145        0.602413 
        7.72834         8.97864         0.59925 
        7.74407         8.92637        0.596104 
        7.75978         8.86359        0.592982 
        7.77546         8.82161        0.589891 
        7.79116         8.75744        0.586818 
         7.8069         8.71545         0.58376 
         7.8226         8.67054        0.580728 
        7.83828         8.62419        0.577724 
        7.85399         8.57911        0.574737 
        7.86972         8.51883        0.571764 
        7.88543         8.47201        0.568818 
        7.90111         8.42187        0.565898 
        7.91681         8.36878        0.562994 
        7.93255         8.32532        0.560105 
        7.94828          8.2823        0.557237 
        7.96397         8.22964        0.554394 
        7.97967         8.18051        0.551572 
        7.99538         8.14146        0.548767 
         8.0111         8.09411        0.545981 
         8.0268         8.04755        0.543216 
        8.04248         8.01109        0.540474 
         8.0582         7.95414        0.537745 
        8.07393         7.91573        0.535032 
        8.08963         7.86302        0.532343 
        8.10533         7.81236        0.529674 
        8.12104         7.77214         0.52702 
        8.13675         7.72962        0.524385 
        8.15245          7.6849        0.521769 
        8.16815         7.64076        0.519172 
        8.18387         7.59841        0.516589 
        8.19959          7.5479        0.514023 
         8.2153         7.51447        0.511476 
        8.23101          7.4759        0.508947 
        8.24672         7.43255        0.506435 
        8.26241         7.38555        0.503943 
         8.2781         7.34002        0.501468 
        8.29381         7.30708        0.499006 
        8.30952         7.26497        0.496561 
        8.32524         7.22658        0.494131 
        8.34095         7.18377        0.491718 
        8.35666         7.14893        0.489322 
        8.37237          7.1031        0.486942 
        8.38808         7.05368        0.484577 
        8.40379         7.02143        0.482229 
         8.4195         6.98092        0.479896 
         8.4352         6.94577        0.477579 
        8.45091          6.8989        0.475278 
        8.46662          6.8781         0.47299 
        8.48232         6.83168         0.47072 
        8.49802         6.79511        0.468464 
        8.51374         6.75873         0.46622 
        8.52945         6.72158        0.463993 
        8.54515          6.6855        0.461781 
        8.56086         6.64994        0.459582 
        8.57658         6.61775        0.457397 
        8.59228         6.58045        0.455228 
        8.60799         6.54955        0.453071 
        8.62371         6.50154        0.450929 
        8.63942         6.47065        0.448801 
        8.65512         6.44836        0.446688 
        8.67082         6.40499        0.444588 
        8.68653         6.37409        0.442501 
        8.70224         6.32803        0.440427 
        8.71795         6.29763        0.438367 
        8.73365         6.26378         0.43632 
        8.74936         6.21835        0.434286 
        8.76506         6.20023        0.432267 
        8.78076          6.1717         0.43026 
        8.79646         6.13925        0.428265 
        8.81218         6.09694        0.426282 
        8.82791         6.06527        0.424309 
         8.8436         6.04085        0.422353 
         8.8593          6.0049        0.420409 
        8.87503          5.9792        0.418473 
        8.89076         5.94379         0.41655 
        8.90644         5.92231        0.414644 
        8.92214         5.88679        0.412749 
        8.93786         5.86072        0.410863 
        8.95357         5.82576         0.40899 
        8.96928         5.79367        0.407128 
        8.98498         5.76246        0.405279 
        9.00069         5.73348        0.403441 
        9.01639         5.70938        0.401614 
        9.03208         5.67692        0.399801 
        9.04778         5.64349        0.397997 
        9.06351         5.61522        0.396202 
        9.07923         5.59672        0.394419 
        9.09493         5.55808        0.392649 
        9.11062          5.5352         0.39089 
        9.12635          5.5012        0.389139 
        9.14207         5.47358        0.387399 
        9.15777          5.4458        0.385672 
        9.17346         5.41716        0.383957 
        9.18917          5.3982        0.382249 
         9.2049         5.36341        0.380551 
        9.22061         5.34086        0.378864 
        9.23631         5.30865        0.377189 
        9.25201         5.27995        0.375524 
        9.26773         5.25946        0.373867 
        9.28343         5.23357        0.372222 
        9.29913         5.20145        0.370586 
        9.31484         5.18627        0.368961 
        9.33057         5.15819        0.367342 
        9.34627         5.12867        0.365735 
        9.36197         5.10335         0.36414 
        9.37768         5.08526        0.362551 
        9.39338         5.05852        0.360974 
        9.40909          5.0277        0.359406 
        9.42479         5.00987        0.357847 
         9.4405         4.98236        0.356298 
        9.45621          4.9582        0.354757 
        9.47193         4.93506        0.353225 
        9.48763          4.9114        0.351703 
        9.50334         4.88622         0.35019 
        9.51906         4.86279        0.348685 
        9.53476         4.84054        0.347191 
        9.55045         4.81736        0.345705 
        9.56616         4.79546        0.344227 
        9.58188         4.77688        0.342756 
        9.59759         4.74499        0.341295 
         9.6133         4.72799        0.339842 
        9.62901         4.69933        0.338396 
        9.64471          4.6797         0.33696 
        9.66041         4.65723        0.335531 
        9.67612         4.63659        0.334109 
        9.69184         4.61483        0.332695 
        9.70754         4.59414        0.331291 
        9.72324         4.57365        0.329895 
        9.73895         4.55144        0.328507 
        9.75467         4.52634        0.327128 
        9.77038         4.50789        0.325758 
        9.78607         4.48784        0.324399 
        9.80177         4.47004        0.323048 
        9.81749         4.44939        0.321705 
         9.8332         4.42819        0.320373 
         9.8489         4.40851        0.319049 
        9.86463         4.38543        0.317732 
        9.88035         4.36564        0.316422 
        9.89606         4.34246         0.31512 
        9.91175         4.32865        0.313824 
        9.92745         4.30942        0.312533 
        9.94317         4.28902        0.311244 
        9.95888         4.26704        0.309958 
        9.97458         4.25617        0.308675 
        9.99029         4.23378        0.307392 
         10.006         4.21579          0.3066 
        10.0217         4.19872          0.3066 
        10.0374         4.17894          0.3066 
        10.0531         4.15889          0.3066 
        10.0688            4.14          0.3066 
        10.0845         4.12165          0.3066 
        10.1002         4.10805          0.3066 
        10.1159         4.08811          0.3066 
        10.1317         4.06887          0.3066 
        10.1474         4.05727          0.3066 
        10.1631         4.03837          0.3066 
        10.1788         4.01888          0.3066 
        10.1945         3.99803          0.3066 
        10.2102         3.98592          0.3066 
        10.2259         3.97132          0.3066 
        10.2416         3.95237          0.3066 
        10.2573         3.93852          0.3066 
         10.273         3.91619          0.3066 
        10.2887         3.90522          0.3066 
        10.3044         3.88571          0.3066 
        10.3201         3.86709          0.3066 
        10.3359         3.85697          0.3066 
        10.3516         3.83877          0.3066 
        10.3673         3.81891          0.3066 
         10.383         3.81123          0.3066 
        10.3987         3.79473          0.3066 
        10.4144          3.7774          0.3066 
        10.4301         3.76514          0.3066 
        10.4458         3.74566          0.3066 
        10.4615         3.72971          0.3066 
        10.4772          3.7104          0.3066 
        10.4929         3.70304          0.3066 
        10.5086          3.6864          0.3066 
        10.5244         3.67278          0.3066 
        10.5401         3.66142          0.3066 
        10.5558         3.64552          0.3066 
        10.5715          3.6314          0.3066 
        10.5872         3.61569          0.3066 
        10.6029         3.60182          0.3066 
        10.6186         3.59167          0.3066 
        10.6343         3.57964          0.3066 
          10.65         3.55776          0.3066 
        10.6657         3.54846          0.3066 
        10.6814         3.53682          0.3066 
        10.6971         3.52349          0.3066 
        10.7129         3.51432          0.3066 
        10.7286         3.49765          0.3066 
        10.7443         3.48712          0.3066 
          10.76         3.47323          0.3066 
        10.7757          3.4611          0.3066 
        10.7914         3.44668          0.3066 
        10.8071         3.43475          0.3066 
        10.8228         3.42319          0.3066 
        10.8385         3.41092          0.3066 
        10.8542         3.39889          0.3066 
        10.8699         3.38894          0.3066 
        10.8856         3.37699          0.3066 
        10.9014         3.36869          0.3066 
        10.9171         3.35535          0.3066 
        10.9328         3.34485          0.3066 
        10.9485         3.33348          0.3066 
        10.9642         3.32103          0.3066 
        10.9799         3.30675          0.3066 
        10.9956         3.29652          0.3066 
        11.0113         3.28707          0.3066 
         11.027         3.28021          0.3066 
        11.0427         3.26696          0.3066 
        11.0584         3.25497          0.3066 
        11.0741         3.24841          0.3066 
        11.0898          3.2358          0.3066 
        11.1055         3.22562          0.3066 
        11.1212         3.21356          0.3066 
         11.137         3.20792          0.3066 
        11.1527         3.19668          0.3066 
        11.1684         3.18506          0.3066 
        11.1841         3.17783          0.3066 
        11.1998         3.17302          0.3066 
        11.2155         3.15881          0.3066 
        11.2312         3.15285          0.3066 
        11.2469         3.14242          0.3066 
        11.2626         3.13199          0.3066 
        11.2783           3.122          0.3066 
         11.294         3.11984          0.3066 
        11.3097         3.10899          0.3066 
        11.3254         3.09654          0.3066 
        11.3412         3.09331          0.3066 
        11.3569          3.0822          0.3066 
        11.3726         3.07931          0.3066 
        11.3883         3.06769          0.3066 
         11.404         3.06069          0.3066 
        11.4197         3.05216          0.3066 
        11.4354         3.04371          0.3066 
        11.4511         3.03781          0.3066 
        11.4668          3.0291          0.3066 
        11.4825         3.02214          0.3066 
        11.4982         3.01467          0.3066 
         11.514         3.00641          0.3066 
        11.5297         3.00121          0.3066 
        11.5454         2.99541          0.3066 
        11.5611         2.98789          0.3066 
        11.5768         2.98396          0.3066 
        11.5925         2.97512          0.3066 
        11.6082         2.96962          0.3066 
        11.6239         2.96516          0.3066 
        11.6396         2.95707          0.3066 
        11.6553         2.95266          0.3066 
         11.671         2.94536          0.3066 
        11.6867         2.94143          0.3066 
        11.7024         2.93212          0.3066 
        11.7182         2.92938          0.3066 
        11.7339         2.92507          0.3066 
        11.7496         2.91817          0.3066 
        11.7653         2.91612          0.3066 
         11.781         2.90581          0.3066 
        11.7967         2.90179          0.3066 
        11.8124         2.90271          0.3066 
        11.8281         2.89693          0.3066 
        11.8438         2.89368          0.3066 
        11.8595         2.89021          0.3066 
        11.8752         2.88123          0.3066 
         11.891         2.87724          0.3066 
        11.9067         2.87593          0.3066 
        11.9224         2.87264          0.3066 
        11.9381         2.86826          0.3066 
        11.9538          2.8661          0.3066 
        11.9695         2.86293          0.3066 
        11.9852         2.85851          0.3066 
        12.0009         2.85711          0.3066 
        12.0166         2.85406          0.3066 
        12.0323         2.84963          0.3066 
         12.048         2.84562          0.3066 
        12.0637         2.84443          0.3066 
