# k  (h/Mpc)    Pcb(k)  (Mpc/h)^3    Pcb_linear(k) (Mpc/h)^3   ShotnoiseSubtracted = true
      0.0200456         168.068         169.917 
      0.0350414         134.005         133.232 
      0.0492313         105.669         105.561 
      0.0637834          85.434          85.838 
      0.0800726         64.8804         64.8424 
       0.096163         51.3511         51.0027 
       0.111083         43.4095         43.1737 
       0.126058         35.8343         35.8896 
       0.142273         29.2138         29.2047 
       0.158546          24.876          24.879 
        0.17375         21.7329         21.6456 
       0.188953         18.6563         18.6086 
       0.204907          15.965         16.1084 
       0.220756         14.2229         14.2373 
        0.23588         12.6327         12.6458 
         0.2514         11.2217         11.2052 
       0.267535         10.0278         9.99311 
       0.283568         8.99035         8.97967 
       0.299022         8.12348          8.1089 
       0.314451         7.43836           7.352 
       0.330372         6.72185         6.68476 
       0.346141         6.13567         6.10241 
       0.361624         5.60999         5.59298 
       0.377134         5.14725         5.14243 
       0.392932         4.82254         4.73645 
       0.408854         4.38527         4.37038 
       0.424564         4.10904         4.04615 
       0.440253         3.78928         3.75593 
       0.455999          3.4987         3.49352 
       0.471626         3.26264         3.25751 
        0.48727         3.08567         3.04303 
       0.502856         2.89131         2.84867 
       0.518488         2.67744         2.67079 
       0.534347          2.5027         2.50577 
       0.550082         2.38181         2.35585 
       0.565732         2.26288         2.21894 
       0.581496         2.11745         2.09205 
       0.597222         1.99736         1.97535 
       0.612804         1.88701         1.86854 
       0.628434         1.78769         1.76937 
       0.644267          1.7025         1.67627 
       0.660051          1.6157         1.59016 
       0.675724         1.52523         1.51065 
       0.691403         1.45188         1.43657 
       0.707174         1.38222         1.36708 
       0.722871         1.33734          1.3025 
        0.73838          1.2548         1.24281 
       0.754018         1.19768         1.18642 
       0.769845         1.13602         1.13293 
        0.78569          1.0971         1.08269 
       0.801365         1.05188         1.03601 
       0.817031         1.00931        0.992108 
       0.832809        0.960623        0.950481 
       0.848511        0.924111        0.911434 
       0.864097        0.891075        0.874856 
       0.879701        0.859865        0.840256 
       0.895507        0.816134        0.807126 
       0.911279        0.790796        0.775856 
        0.92691        0.766013        0.746509 
       0.942635         0.72835        0.718524 
       0.958396        0.703973         0.69192 
       0.974128        0.679159        0.666718 
       0.989692        0.655135        0.643026 
        1.00528        0.628452        0.620456 
        1.02113        0.613125        0.598621 
        1.03692        0.592585        0.577923 
        1.05264        0.568224        0.558303 
        1.06832        0.550763         0.53963 
        1.08405         0.53024        0.521765 
        1.09979        0.515375        0.504702 
        1.11537          0.4956        0.488575 
        1.13105        0.478064        0.473059 
        1.14679        0.466246         0.45816 
        1.16256        0.453184        0.443877 
        1.17828        0.439886        0.430251 
        1.19395        0.426607        0.417246 
         1.2097         0.41239        0.404715 
        1.22537        0.398728         0.39276 
          1.241        0.387874        0.381327 
        1.25666        0.379001        0.370321 
        1.27241        0.366326          0.3597 
        1.28819        0.355244        0.349479 
        1.30392        0.346935        0.339686 
        1.31957        0.336318        0.330314 
        1.33529        0.328052        0.321261 
        1.35108        0.317694        0.312514 
        1.36674        0.309754        0.304155 
         1.3824        0.301964        0.296111 
        1.39811        0.292635        0.288332 
        1.41389        0.286862        0.280804 
        1.42964        0.278758        0.273558 
        1.44531        0.270997        0.266604 
        1.46101        0.263329        0.259877 
        1.47667        0.257656        0.253403 
        1.49229        0.250983        0.247168 
        1.50793        0.245248        0.241136 
        1.52367        0.238626        0.235268 
        1.53953        0.232401        0.229555 
        1.55526        0.227099        0.224079 
        1.57092        0.223324        0.218804 
        1.58662        0.217535        0.213687 
        1.60235        0.212236        0.208724 
        1.61809        0.206757        0.203917 
        1.63369        0.201866        0.199304 
        1.64941        0.197701        0.194801 
        1.66519        0.193548        0.190422 
        1.68085        0.188331        0.186208 
        1.69652         0.18464        0.182122 
        1.71228        0.180097        0.178134 
        1.72806        0.176816        0.174264 
        1.74368        0.172555        0.170547 
        1.75933        0.169337        0.166932 
        1.77505           0.166        0.163405 
        1.79081        0.161676        0.159973 
         1.8065        0.158817        0.156655 
        1.82218         0.15465        0.153435 
        1.83797         0.15143        0.150283 
        1.85367        0.148436        0.147237 
        1.86928        0.144876        0.144294 
        1.88497        0.142221        0.141415 
        1.90073        0.139094        0.138605 
        1.91647        0.137257        0.135873 
        1.93218        0.135111        0.133221 
        1.94787        0.131134        0.130644 
        1.96363        0.128841        0.128125 
        1.97935        0.126285        0.125678 
        1.99499        0.123797        0.123309 
        2.01064        0.121482        0.120997 
         2.0264        0.119522         0.11873 
        2.04216        0.116874        0.116522 
        2.05781        0.114484        0.114385 
        2.07353        0.112647        0.112294 
        2.08928          0.1108         0.11025 
        2.10499        0.108336        0.108263 
        2.12065        0.106518        0.106331 
        2.13633        0.104621        0.104444 
        2.15211        0.102884        0.102591 
        2.16785        0.100441        0.100789 
        2.18349       0.0989416       0.0990405 
        2.19916       0.0969041       0.0973303 
        2.21489        0.095216       0.0956549 
        2.23063       0.0937632       0.0940178 
         2.2463       0.0921793       0.0924264 
        2.26194       0.0906953       0.0908759 
        2.27765         0.08911        0.089353 
        2.29341       0.0871486       0.0878611 
        2.30914       0.0858034       0.0864064 
        2.32486       0.0842767       0.0849855 
        2.34061       0.0828337       0.0835942 
        2.35635       0.0815089       0.0822354 
        2.37203       0.0809362       0.0809114 
        2.38768       0.0791825       0.0796194 
        2.40339       0.0778127        0.078351 
        2.41914       0.0762815       0.0771072 
        2.43483       0.0754103       0.0758949 
         2.4505       0.0739745       0.0747107 
        2.46622       0.0727567       0.0735478 
        2.48195       0.0717011       0.0724095 
        2.49759       0.0705142       0.0713014 
        2.51328       0.0689402       0.0702136 
        2.52906        0.068239       0.0691417 
        2.54479       0.0672208       0.0680962 
        2.56049       0.0660051       0.0670743 
        2.57618       0.0652362       0.0660743 
        2.59189       0.0638739       0.0650932 
        2.60758       0.0632853       0.0641336 
        2.62325       0.0618995       0.0631945 
        2.63898       0.0613089        0.062271 
        2.65468       0.0600979       0.0613678 
        2.67044       0.0593057       0.0604788 
        2.68618       0.0583795       0.0596094 
        2.70184       0.0578106       0.0587605 
        2.71755       0.0567975       0.0579261 
        2.73329       0.0560162       0.0571067 
        2.74897       0.0551943       0.0563057 
        2.76462       0.0541752       0.0555219 
        2.78034        0.053532       0.0547498 
        2.79607       0.0529091       0.0539916 
        2.81179       0.0520153       0.0532486 
        2.82749       0.0513823       0.0525205 
        2.84321       0.0504638       0.0518051 
        2.85893       0.0497878       0.0511033 
        2.87462       0.0491734       0.0504157 
        2.89033       0.0484398       0.0497401 
        2.90605       0.0477548       0.0490763 
        2.92176        0.047303        0.048425 
        2.93747       0.0464086       0.0477858 
        2.95318        0.045959       0.0471581 
        2.96891       0.0452529       0.0465413 
        2.98456       0.0445464       0.0459383 
        3.00023       0.0442684       0.0453451 
        3.01596       0.0432637       0.0447606 
        3.03164       0.0428447        0.044188 
        3.04738       0.0422877       0.0436238 
         3.0631        0.041511       0.0430696 
        3.07883       0.0412242        0.042525 
        3.09456       0.0407068       0.0419899 
        3.11026       0.0400731       0.0414649 
        3.12596       0.0398069       0.0409489 
        3.14163       0.0391055       0.0404428 
        3.15734       0.0387615       0.0399442 
        3.17308       0.0382011       0.0394527 
        3.18879       0.0376675       0.0389709 
        3.20447       0.0371613       0.0384978 
         3.2202       0.0367497       0.0380311 
         3.2359       0.0363033        0.037573 
        3.25157       0.0359107       0.0371235 
        3.26729       0.0354396         0.03668 
        3.28304       0.0350835       0.0362429 
        3.29877       0.0345976       0.0358134 
        3.31446        0.034128       0.0353919 
        3.33014       0.0338039       0.0349775 
        3.34585       0.0333934       0.0345692 
        3.36158       0.0329976       0.0341667 
        3.37727       0.0325411       0.0337719 
        3.39294       0.0322174       0.0333837 
        3.40867       0.0319212       0.0330002 
        3.42439       0.0315416        0.032623 
        3.44008       0.0312208       0.0322524 
        3.45578       0.0308298       0.0318872 
        3.47153       0.0305513       0.0315269 
        3.48724       0.0301215       0.0311728 
        3.50292       0.0300068        0.030825 
        3.51859       0.0295503       0.0304827 
        3.53431       0.0291563       0.0301444 
        3.55007       0.0289301       0.0298105 
        3.56577       0.0286412        0.029483 
        3.58146       0.0282758       0.0291605 
        3.59719       0.0280839       0.0288421 
        3.61292       0.0276892       0.0285286 
        3.62859          0.0274       0.0282209 
        3.64429       0.0271818       0.0279171 
        3.66003       0.0269297       0.0276169 
        3.67578        0.026673       0.0273213 
        3.69146       0.0264118        0.027031 
        3.70712       0.0261762       0.0267455 
        3.72284       0.0258576       0.0264631 
        3.73853       0.0256435       0.0261852 
        3.75422       0.0253382       0.0259113 
        3.76993        0.025181        0.025641 
        3.78564       0.0248876       0.0253747 
        3.80137       0.0246779       0.0251117 
        3.81707       0.0244153        0.024853 
        3.83279       0.0241521       0.0245977 
        3.84853       0.0239453       0.0243456 
        3.86424       0.0237987       0.0240976 
        3.87992       0.0236042       0.0238533 
        3.89561       0.0232983       0.0236124 
        3.91134       0.0231412       0.0233744 
        3.92704        0.022919       0.0231399 
        3.94273       0.0227159       0.0229089 
        3.95845       0.0225065       0.0226806 
        3.97418       0.0223105       0.0224554 
        3.98988       0.0220041       0.0222335 
        4.00554       0.0219174       0.0220152 
        4.02125       0.0216257       0.0217992 
        4.03698       0.0213573       0.0215858 
        4.05268       0.0211576       0.0213758 
        4.06839       0.0209152       0.0211683 
         4.0841       0.0205753       0.0209637 
        4.09983       0.0203242       0.0207615 
        4.11555       0.0201298       0.0205621 
        4.13124       0.0198475       0.0203658 
        4.14693       0.0196618       0.0201719 
        4.16266       0.0193962       0.0199801 
        4.17839       0.0191854       0.0197909 
        4.19408       0.0189758       0.0196046 
        4.20977        0.018757       0.0194206 
        4.22551       0.0185685       0.0192385 
        4.24123       0.0183616       0.0190589 
        4.25691       0.0182466       0.0188821 
        4.27259       0.0180184       0.0187075 
        4.28831       0.0179107       0.0185348 
        4.30404        0.017699       0.0183641 
        4.31974       0.0175746       0.0181959 
        4.33543       0.0174282       0.0180299 
        4.35116        0.017219       0.0178655 
        4.36688       0.0171944       0.0177033 
        4.38255       0.0169962       0.0175437 
        4.39825       0.0170036       0.0173857 
        4.41398       0.0168639       0.0172294 
         4.4297       0.0167699       0.0170751 
        4.44541       0.0166255       0.0169228 
        4.46111       0.0164814       0.0167724 
        4.47683       0.0165269       0.0166237 
        4.49251        0.016394       0.0164772 
        4.50819       0.0164007       0.0163324 
         4.5239       0.0162457       0.0161892 
        4.53962       0.0162578       0.0160475 
        4.55535       0.0161926       0.0159075 
        4.57106       0.0161978       0.0157693 
        4.58678        0.016115       0.0156327 
         4.6025       0.0161369       0.0154978 
        4.61821       0.0161284       0.0153644 
        4.63391       0.0161091       0.0152328 
         4.6496       0.0160821       0.0151027 
        4.66532       0.0160596        0.014974 
        4.68103       0.0160916       0.0148469 
        4.69673       0.0160806       0.0147213 
        4.71241       0.0161872       0.0145973 
        4.72811       0.0161589       0.0144745 
        4.74384       0.0162333        0.014353 
        4.75955       0.0162459       0.0142331 
        4.77525       0.0163009       0.0141146 
        4.79096       0.0163621       0.0139973 
        4.80669       0.0164715       0.0138813 
         4.8224       0.0164968       0.0137667 
        4.83809       0.0166159       0.0136536 
        4.85379       0.0167538       0.0135416 
         4.8695       0.0167805       0.0134309 
        4.88521       0.0168883       0.0133214 
        4.90093       0.0169687       0.0132131 
        4.91663       0.0171303       0.0131061 
        4.93234       0.0172641       0.0130001 
        4.94807       0.0173567       0.0128953 
        4.96377       0.0174476       0.0127918 
        4.97943        0.017779       0.0126897 
        4.99514       0.0178456       0.0125884 
        5.01086       0.0180469       0.0124882 
        5.02654       0.0181851       0.0123893 
        5.04227       0.0183246       0.0122912 
          5.058       0.0185602       0.0121941 
        5.07371       0.0186671       0.0120982 
        5.08942       0.0189705       0.0120034 
        5.10513       0.0191432       0.0119095 
        5.12084       0.0193982       0.0118166 
        5.13656       0.0196298       0.0117248 
        5.15225       0.0198969        0.011634 
        5.16796       0.0201717       0.0115441 
        5.18369       0.0203595        0.011455 
         5.1994       0.0206663       0.0113671 
        5.21509       0.0208831       0.0112801 
        5.23079       0.0212727        0.011194 
        5.24649       0.0215627       0.0111088 
        5.26217       0.0218637       0.0110246 
        5.27788       0.0221812       0.0109411 
        5.29359       0.0224226       0.0108584 
        5.30933       0.0228718       0.0107765 
        5.32504       0.0232131       0.0106956 
        5.34073       0.0236174       0.0106156 
        5.35646        0.024016       0.0105363 
        5.37218       0.0243775       0.0104577 
        5.38789        0.024676       0.0103801 
        5.40357       0.0252404       0.0103034 
        5.41929       0.0257331       0.0102272 
        5.43502       0.0260784       0.0101519 
         5.4507       0.0265185       0.0100774 
        5.46639        0.027016       0.0100037 
        5.48212       0.0274706      0.00993058 
        5.49786       0.0281537      0.00985808 
        5.51353       0.0287381      0.00978667 
        5.52921       0.0290069      0.00971589 
        5.54495        0.029726      0.00964561 
        5.56066       0.0303449      0.00957609 
        5.57637       0.0308539      0.00950728 
        5.59207       0.0314683      0.00943919 
        5.60778         0.03201      0.00937175 
        5.62346       0.0326559      0.00930506 
        5.63916       0.0332476      0.00923896 
        5.65487       0.0341025      0.00917346 
         5.6706       0.0347004      0.00910852 
        5.68633       0.0355409      0.00904419 
        5.70203       0.0362491      0.00898061 
        5.71773       0.0371234      0.00891765 
        5.73344       0.0375825      0.00885526 
        5.74916       0.0385517      0.00879341 
        5.76486       0.0395318      0.00873224 
        5.78054       0.0404459      0.00867174 
        5.79626       0.0410809      0.00861164 
          5.812       0.0422621      0.00855206 
         5.8277       0.0428771      0.00849321 
        5.84339       0.0440143      0.00843492 
        5.85911       0.0451274      0.00837705 
        5.87484       0.0458137      0.00831975 
        5.89053       0.0471851      0.00826309 
        5.90623       0.0479964      0.00820693 
        5.92195       0.0494384       0.0081512 
        5.93767       0.0506779      0.00809602 
        5.95336       0.0514473      0.00804143 
        5.96905       0.0527444      0.00798737 
        5.98476       0.0536812      0.00793373 
        6.00048       0.0556438      0.00788057 
        6.01617       0.0565582      0.00782796 
        6.03185       0.0577836       0.0077759 
        6.04756       0.0594535      0.00772419 
        6.06331       0.0611024      0.00767284 
        6.07903       0.0622209      0.00762206 
        6.09473       0.0640473      0.00757178 
        6.11044       0.0656387      0.00752192 
        6.12616       0.0670489      0.00747251 
        6.14186       0.0686464       0.0074236 
        6.15755       0.0703423      0.00737512 
        6.17326       0.0721384      0.00732704 
        6.18898       0.0742877      0.00727937 
        6.20467       0.0763969       0.0072322 
        6.22036       0.0780269      0.00718546 
         6.2361       0.0800347        0.007139 
         6.2518       0.0823003      0.00709303 
        6.26748       0.0833546      0.00704757 
        6.28319       0.0865983      0.00700237 
        6.29893       0.0880746      0.00695754 
        6.31463       0.0910591      0.00691317 
        6.33033       0.0929619      0.00686921 
        6.34604       0.0958346      0.00682559 
        6.36177       0.0975552      0.00678231 
        6.37747        0.100487      0.00673949 
        6.39316        0.103453      0.00669706 
        6.40888        0.106356      0.00665492 
         6.4246        0.108914      0.00661313 
        6.44031        0.111176      0.00657173 
        6.45601        0.114528      0.00653073 
        6.47172        0.118093      0.00649003 
        6.48744        0.121484      0.00644967 
        6.50313        0.124212      0.00640971 
        6.51882        0.128055      0.00637011 
        6.53452        0.132162       0.0063308 
        6.55025        0.134624      0.00629176 
        6.56597        0.139461       0.0062531 
        6.58166        0.141131      0.00621481 
        6.59736        0.146935      0.00617682 
        6.61307        0.150458      0.00613911 
         6.6288          0.1549       0.0061017 
         6.6445        0.158669      0.00606464 
         6.6602         0.16319       0.0060279 
        6.67592        0.168626      0.00599143 
        6.69164        0.173508      0.00595527 
        6.70735         0.17782      0.00591941 
        6.72304        0.183134      0.00588389 
        6.73874        0.187875      0.00584865 
        6.75446        0.192909      0.00581366 
        6.77016        0.199073        0.005779 
        6.78585        0.203965      0.00574462 
        6.80156        0.209879      0.00571051 
        6.81729          0.2171      0.00567662 
        6.83301        0.223032      0.00564301 
         6.8487        0.232381      0.00560975 
         6.8644        0.234777      0.00557674 
        6.88012        0.241244      0.00554396 
        6.89583         0.25019      0.00551147 
        6.91151        0.255958      0.00547929 
        6.92723        0.265268      0.00544728 
        6.94296         0.27099      0.00541552 
        6.95866        0.279159      0.00538406 
        6.97436        0.289572      0.00535286 
        6.99007        0.298207      0.00532189 
        7.00578         0.30392      0.00529117 
        7.02147        0.312761      0.00526072 
        7.03718        0.321993      0.00523048 
         7.0529        0.330909      0.00520045 
        7.06863        0.342406      0.00517064 
        7.08433        0.349581      0.00514111 
        7.10004        0.361723      0.00511181 
        7.11575        0.371959      0.00508274 
        7.13145        0.377622       0.0050539 
        7.14715        0.389366      0.00502529 
        7.16284        0.403338      0.00499693 
        7.17855         0.41359      0.00496874 
        7.19428        0.422154      0.00494073 
        7.20998        0.438614      0.00491299 
        7.22568        0.451368      0.00488547 
        7.24139        0.462959      0.00485815 
        7.25711         0.47694      0.00483102 
        7.27282        0.484792       0.0048041 
        7.28852        0.498952      0.00477742 
        7.30423        0.511882      0.00475091 
        7.31995         0.52312      0.00472461 
        7.33565        0.541956      0.00469852 
        7.35135        0.550109      0.00467263 
        7.36706         0.57363      0.00464693 
        7.38277        0.584068      0.00462141 
        7.39847        0.598327       0.0045961 
        7.41419         0.60402      0.00457096 
         7.4299        0.615403      0.00454601 
        7.44561        0.633283      0.00452125 
        7.46132         0.65165      0.00449668 
        7.47701        0.669046      0.00447232 
        7.49272         0.68262      0.00444811 
        7.50842        0.696143      0.00442409 
         7.5241        0.718309      0.00440028 
        7.53981        0.736095      0.00437661 
        7.55552        0.744797      0.00435311 
        7.57125        0.773248      0.00432975 
        7.58698        0.768877      0.00430656 
        7.60268        0.796182      0.00428359 
         7.6184         0.81247      0.00426076 
        7.63411        0.813248       0.0042381 
        7.64981        0.824871      0.00421563 
        7.66552        0.851206      0.00419331 
        7.68123        0.862584      0.00417115 
        7.69695        0.881758      0.00414913 
        7.71264        0.878038      0.00412731 
        7.72834        0.899677      0.00410564 
        7.74407         0.91374      0.00408409 
        7.75978         0.92381       0.0040627 
        7.77546         0.93449      0.00404152 
        7.79116        0.932639      0.00402046 
         7.8069        0.939548      0.00399951 
         7.8226        0.966576      0.00397874 
        7.83828        0.956837      0.00395816 
        7.85399        0.975617      0.00393769 
        7.86972         0.98394      0.00391733 
        7.88543        0.990682      0.00389714 
        7.90111        0.999055      0.00387714 
        7.91681        0.985441      0.00385724 
        7.93255        0.989081      0.00383744 
        7.94828        0.983619      0.00381779 
        7.96397         1.00171      0.00379832 
        7.97967         1.00872      0.00377898 
        7.99538        0.997468      0.00375977 
         8.0111         1.00304      0.00374068 
         8.0268        0.993152      0.00372173 
        8.04248         0.98024      0.00370295 
         8.0582        0.984782      0.00368425 
        8.07393         0.98034      0.00366567 
        8.08963        0.962147      0.00364724 
        8.10533          0.9621      0.00362895 
        8.12104        0.956558      0.00361077 
        8.13675        0.937421      0.00359272 
        8.15245        0.932432       0.0035748 
        8.16815        0.923481        0.003557 
        8.18387        0.916738      0.00353931 
        8.19959        0.905492      0.00352172 
         8.2153        0.903474      0.00350428 
        8.23101        0.881771      0.00348695 
        8.24672        0.883967      0.00346974 
        8.26241        0.870964      0.00345267 
         8.2781        0.857127      0.00343571 
        8.29381        0.842813      0.00341884 
        8.30952        0.838637      0.00340209 
        8.32524        0.832906      0.00338544 
        8.34095        0.814478      0.00336891 
        8.35666         0.81214      0.00335249 
        8.37237        0.799537      0.00333618 
        8.38808        0.785603      0.00331998 
        8.40379        0.769967      0.00330389 
         8.4195        0.767475      0.00328791 
         8.4352        0.754656      0.00327204 
        8.45091        0.744742      0.00325627 
        8.46662        0.727546       0.0032406 
        8.48232        0.728449      0.00322504 
        8.49802        0.711282      0.00320959 
        8.51374         0.70277      0.00319422 
        8.52945        0.686993      0.00317895 
        8.54515        0.684769       0.0031638 
        8.56086        0.676595      0.00314873 
        8.57658        0.663108      0.00313376 
        8.59228        0.651954      0.00311891 
        8.60799         0.64397      0.00310413 
        8.62371        0.635917      0.00308945 
        8.63942        0.629891      0.00307487 
        8.65512        0.627475      0.00306039 
        8.67082        0.609453      0.00304601 
        8.68653         0.60286      0.00303171 
        8.70224        0.593109       0.0030175 
        8.71795        0.589238      0.00300338 
        8.73365        0.581607      0.00298936 
        8.74936        0.572692      0.00297543 
        8.76506        0.567341      0.00296159 
        8.78076        0.558328      0.00294784 
        8.79646        0.550258      0.00293417 
        8.81218        0.542149      0.00292058 
        8.82791        0.540791      0.00290707 
         8.8436        0.532309      0.00289366 
         8.8593        0.527033      0.00288035 
        8.87503        0.523537      0.00286708 
        8.89076        0.516852      0.00285391 
        8.90644        0.510842      0.00284085 
        8.92214         0.50043      0.00282787 
        8.93786        0.500019      0.00281494 
        8.95357        0.491665      0.00280211 
        8.96928        0.489901      0.00278936 
        8.98498        0.484217      0.00277669 
        9.00069        0.476378       0.0027641 
        9.01639        0.471622      0.00275158 
        9.03208        0.473521      0.00273916 
        9.04778        0.463513       0.0027268 
        9.06351        0.464454       0.0027145 
        9.07923          0.4594      0.00270228 
        9.09493         0.45697      0.00269015 
        9.11062        0.453487      0.00267811 
        9.12635        0.448733      0.00266611 
        9.14207        0.443715      0.00265419 
        9.15777        0.442741      0.00264235 
        9.17346        0.438829       0.0026306 
        9.18917        0.433796       0.0026189 
         9.2049        0.435767      0.00260727 
        9.22061        0.429509      0.00259571 
        9.23631        0.428874      0.00258423 
        9.25201        0.426527      0.00257282 
        9.26773        0.423449      0.00256148 
        9.28343        0.422262       0.0025502 
        9.29913        0.418622        0.002539 
        9.31484        0.418427      0.00252786 
        9.33057         0.41643      0.00251677 
        9.34627        0.417217      0.00250576 
        9.36197        0.416164      0.00249483 
        9.37768        0.411832      0.00248395 
        9.39338        0.415166      0.00247314 
        9.40909        0.409075       0.0024624 
        9.42479        0.411521      0.00245172 
         9.4405        0.411821       0.0024411 
        9.45621        0.407393      0.00243054 
        9.47193        0.408892      0.00242005 
        9.48763        0.407216      0.00240962 
        9.50334          0.4108      0.00239926 
        9.51906        0.408939      0.00238895 
        9.53476        0.407176      0.00237871 
        9.55045        0.410432      0.00236853 
        9.56616        0.406507       0.0023584 
        9.58188         0.41198      0.00234833 
        9.59759        0.409865      0.00233831 
         9.6133        0.408935      0.00232836 
        9.62901        0.411067      0.00231845 
        9.64471        0.410202      0.00230861 
        9.66041        0.416857      0.00229882 
        9.67612        0.412162      0.00228908 
        9.69184        0.417701      0.00227939 
        9.70754         0.41923      0.00226977 
        9.72324         0.41465      0.00226021 
        9.73895        0.423214       0.0022507 
        9.75467        0.419496      0.00224125 
        9.77038        0.428542      0.00223187 
        9.78607        0.425409      0.00222255 
        9.80177        0.428494       0.0022133 
        9.81749        0.433167       0.0022041 
         9.8332        0.427196      0.00219497 
         9.8489        0.441881       0.0021859 
        9.86463        0.434021      0.00217688 
        9.88035        0.442893       0.0021679 
        9.89606        0.444034      0.00215898 
        9.91175        0.441031       0.0021501 
        9.92745        0.452348      0.00214125 
        9.94317        0.446417      0.00213242 
        9.95888        0.459677      0.00212361 
        9.97458        0.456666      0.00211482 
        9.99029        0.459563      0.00210604 
         10.006        0.467578      0.00210061 
        10.0217         0.46116      0.00210061 
        10.0374        0.478814      0.00210061 
        10.0531        0.471982      0.00210061 
        10.0688        0.479898      0.00210061 
        10.0845        0.485624      0.00210061 
        10.1002         0.47994      0.00210061 
        10.1159         0.49742      0.00210061 
        10.1317        0.489225      0.00210061 
        10.1474        0.502972      0.00210061 
        10.1631        0.502493      0.00210061 
        10.1788        0.503761      0.00210061 
        10.1945        0.518073      0.00210061 
        10.2102        0.506567      0.00210061 
        10.2259        0.529519      0.00210061 
        10.2416        0.521802      0.00210061 
        10.2573         0.52996      0.00210061 
         10.273        0.538608      0.00210061 
        10.2887         0.52764      0.00210061 
        10.3044        0.557112      0.00210061 
        10.3201        0.539899      0.00210061 
        10.3359        0.556704      0.00210061 
        10.3516        0.559273      0.00210061 
        10.3673        0.558859      0.00210061 
         10.383        0.578944      0.00210061 
        10.3987        0.559947      0.00210061 
        10.4144        0.588503      0.00210061 
        10.4301        0.578686      0.00210061 
        10.4458        0.584827      0.00210061 
        10.4615        0.597269      0.00210061 
        10.4772        0.582681      0.00210061 
        10.4929        0.620737      0.00210061 
        10.5086         0.60016      0.00210061 
        10.5244        0.614787      0.00210061 
        10.5401        0.616185      0.00210061 
        10.5558         0.61264      0.00210061 
        10.5715        0.640944      0.00210061 
        10.5872        0.617297      0.00210061 
        10.6029        0.645762      0.00210061 
        10.6186        0.640804      0.00210061 
        10.6343         0.64136      0.00210061 
          10.65        0.658162      0.00210061 
        10.6657        0.638593      0.00210061 
        10.6814        0.675064      0.00210061 
        10.6971        0.657286      0.00210061 
        10.7129        0.670416      0.00210061 
        10.7286        0.677583      0.00210061 
        10.7443        0.658485      0.00210061 
          10.76        0.701415      0.00210061 
        10.7757        0.672587      0.00210061 
        10.7914        0.698894      0.00210061 
        10.8071        0.693877      0.00210061 
        10.8228        0.688727      0.00210061 
        10.8385        0.716073      0.00210061 
        10.8542        0.688688      0.00210061 
        10.8699        0.730788      0.00210061 
        10.8856        0.706603      0.00210061 
        10.9014        0.713042      0.00210061 
        10.9171        0.726548      0.00210061 
        10.9328        0.697685      0.00210061 
        10.9485        0.750771      0.00210061 
        10.9642         0.71498      0.00210061 
        10.9799        0.735829      0.00210061 
        10.9956        0.731019      0.00210061 
        11.0113        0.717579      0.00210061 
         11.027        0.753867      0.00210061 
        11.0427        0.723418      0.00210061 
        11.0584        0.756215      0.00210061 
        11.0741        0.738562      0.00210061 
        11.0898        0.739944      0.00210061 
        11.1055        0.758984      0.00210061 
        11.1212        0.724407      0.00210061 
         11.137        0.773945      0.00210061 
        11.1527        0.738952      0.00210061 
        11.1684        0.758606      0.00210061 
        11.1841        0.760464      0.00210061 
        11.1998        0.738348      0.00210061 
        11.2155        0.774502      0.00210061 
        11.2312        0.742635      0.00210061 
        11.2469        0.766622      0.00210061 
        11.2626        0.753271      0.00210061 
        11.2783        0.749401      0.00210061 
         11.294        0.770312      0.00210061 
        11.3097        0.737442      0.00210061 
        11.3254        0.775064      0.00210061 
        11.3412        0.749588      0.00210061 
        11.3569        0.757432      0.00210061 
        11.3726        0.764865      0.00210061 
        11.3883        0.736203      0.00210061 
         11.404        0.775984      0.00210061 
        11.4197        0.743984      0.00210061 
        11.4354        0.762867      0.00210061 
        11.4511        0.754257      0.00210061 
        11.4668        0.737412      0.00210061 
        11.4825        0.766497      0.00210061 
        11.4982        0.737306      0.00210061 
         11.514        0.763071      0.00210061 
        11.5297        0.741463      0.00210061 
        11.5454        0.744599      0.00210061 
        11.5611        0.754914      0.00210061 
        11.5768        0.727483      0.00210061 
        11.5925          0.7626      0.00210061 
        11.6082        0.733724      0.00210061 
        11.6239        0.743939      0.00210061 
        11.6396        0.743509      0.00210061 
        11.6553        0.727224      0.00210061 
         11.671         0.75167      0.00210061 
        11.6867        0.722068      0.00210061 
        11.7024        0.741004      0.00210061 
        11.7182        0.727142      0.00210061 
        11.7339        0.723817      0.00210061 
        11.7496        0.734931      0.00210061 
        11.7653        0.713009      0.00210061 
         11.781        0.736685      0.00210061 
        11.7967        0.722812      0.00210061 
        11.8124        0.720142      0.00210061 
        11.8281        0.724023      0.00210061 
        11.8438        0.705691      0.00210061 
        11.8595        0.730579      0.00210061 
        11.8752        0.705242      0.00210061 
         11.891        0.717173      0.00210061 
        11.9067        0.711467      0.00210061 
        11.9224        0.704492      0.00210061 
        11.9381        0.715054      0.00210061 
        11.9538        0.695908      0.00210061 
        11.9695        0.713626      0.00210061 
        11.9852         0.69879      0.00210061 
        12.0009        0.694364      0.00210061 
        12.0166         0.70438      0.00210061 
        12.0323        0.686434      0.00210061 
         12.048        0.707329      0.00210061 
        12.0637        0.687693      0.00210061 
