# k  (h/Mpc)    Pcb(k)  (Mpc/h)^3    Pcb_linear(k) (Mpc/h)^3   ShotnoiseSubtracted = true
      0.0200456         11814.9         11970.1 
      0.0350414         9602.68         9385.77 
      0.0492313         7312.77         7436.42 
      0.0637834         5796.89         6046.99 
      0.0800726         4386.21         4567.92 
       0.096163          3668.3         3592.96 
       0.111083         3135.61         3041.44 
       0.126058          2496.7          2528.3 
       0.142273         2102.42         2057.37 
       0.158546         1808.44         1752.64 
        0.17375         1617.04         1524.86 
       0.188953         1466.07         1310.91 
       0.204907         1246.17         1134.78 
       0.220756         1134.15         1002.97 
        0.23588            1018         890.853 
         0.2514         909.763         789.366 
       0.267535         878.872          703.98 
       0.283568         774.115         632.587 
       0.299022         740.943         571.244 
       0.314451         751.964         517.923 
       0.330372         648.109         470.918 
       0.346141         601.646         429.894 
       0.361624         576.232         394.006 
       0.377134         542.239         362.267 
       0.392932         525.914         333.666 
       0.408854         499.886         307.879 
       0.424564         484.378         285.037 
       0.440253         440.221         264.593 
       0.455999         422.362         246.107 
       0.471626         425.135         229.481 
        0.48727         403.358         214.371 
       0.502856         372.058         200.679 
       0.518488         372.726         188.148 
       0.534347         346.821         176.523 
       0.550082          336.79         165.961 
       0.565732         334.655         156.317 
       0.581496         319.972         147.378 
       0.597222          311.41         139.157 
       0.612804             304         131.632 
       0.628434         291.282         124.646 
       0.644267         279.193         118.088 
       0.660051         274.413         112.021 
       0.675724         272.158          106.42 
       0.691403         263.657         101.201 
       0.707174         254.736         96.3061 
       0.722871         250.782         91.7567 
        0.73838         248.961         87.5515 
       0.754018          236.22         83.5793 
       0.769845         235.414          79.811 
        0.78569         229.949         76.2721 
       0.801365         224.653         72.9831 
       0.817031         218.663         69.8906 
       0.832809         215.696         66.9581 
       0.848511         210.073         64.2074 
       0.864097         205.136         61.6306 
       0.879701         204.099         59.1932 
       0.895507         198.707         56.8592 
       0.911279         192.957         54.6564 
        0.92691         190.776          52.589 
       0.942635         188.815         50.6176 
       0.958396         184.503         48.7434 
       0.974128         180.432          46.968 
       0.989692         175.505          45.299 
        1.00528         174.214          43.709 
        1.02113         170.629         42.1708 
        1.03692         167.942         40.7127 
        1.05264         165.561         39.3306 
        1.06832         163.214         38.0151 
        1.08405         159.826         36.7566 
        1.09979         158.978         35.5545 
        1.11537         155.042         34.4184 
        1.13105         153.306         33.3254 
        1.14679         150.738         32.2758 
        1.16256         148.554         31.2696 
        1.17828         146.431         30.3097 
        1.19395         142.691         29.3936 
         1.2097         142.199         28.5108 
        1.22537         139.826         27.6686 
          1.241          138.13         26.8632 
        1.25666         134.432         26.0879 
        1.27241         131.769         25.3397 
        1.28819         130.763         24.6196 
        1.30392         128.201         23.9297 
        1.31957         126.326         23.2695 
        1.33529         124.971         22.6318 
        1.35108         123.124         22.0155 
        1.36674         121.083         21.4267 
         1.3824         120.617           20.86 
        1.39811         117.163          20.312 
        1.41389         116.504         19.7817 
        1.42964         114.081         19.2712 
        1.44531         112.742         18.7813 
        1.46101         111.057         18.3075 
        1.47667         110.447         17.8514 
        1.49229         109.044         17.4122 
        1.50793          106.85         16.9872 
        1.52367         105.711         16.5738 
        1.53953         103.894         16.1714 
        1.55526         102.877         15.7856 
        1.57092         102.017          15.414 
        1.58662         100.405         15.0535 
        1.60235         98.5386         14.7039 
        1.61809         97.8658         14.3652 
        1.63369         96.2008         14.0403 
        1.64941         95.9581         13.7231 
        1.66519         93.8127         13.4146 
        1.68085         92.8125         13.1177 
        1.69652         90.9558         12.8298 
        1.71228         90.3442          12.549 
        1.72806         89.0194         12.2763 
        1.74368         87.7003         12.0145 
        1.75933          86.861         11.7598 
        1.77505         86.0762         11.5113 
        1.79081         84.5488         11.2696 
         1.8065         83.9602         11.0358 
        1.82218         82.3216          10.809 
        1.83797         81.8772         10.5869 
        1.85367         80.4587         10.3723 
        1.86928         79.6162          10.165 
        1.88497         78.8789         9.96222 
        1.90073         77.8064         9.76424 
        1.91647         76.3758         9.57182 
        1.93218          75.716           9.385 
        1.94787         74.8537         9.20345 
        1.96363         73.7589           9.026 
        1.97935         73.1375         8.85359 
        1.99499         72.1746         8.68667 
        2.01064         71.2675         8.52382 
         2.0264         70.0067         8.36413 
        2.04216         69.4558         8.20861 
        2.05781         68.6282         8.05804 
        2.07353         67.7079         7.91071 
        2.08928         66.9911         7.76674 
        2.10499         66.0547         7.62676 
        2.12065         65.6112         7.49064 
        2.13633         64.7982         7.35774 
        2.15211         63.8293         7.22721 
        2.16785         62.8164         7.10021 
        2.18349         62.2751         6.97707 
        2.19916         61.4407         6.85659 
        2.21489         60.7642         6.73856 
        2.23063         59.8863         6.62323 
         2.2463          59.358         6.51112 
        2.26194         58.7654          6.4019 
        2.27765         57.9015         6.29462 
        2.29341         57.1312         6.18952 
        2.30914         56.3719         6.08704 
        2.32486         55.7683         5.98694 
        2.34061          55.426         5.88893 
        2.35635         54.4616          5.7932 
        2.37203         54.0989         5.69993 
        2.38768         53.3261         5.60892 
        2.40339          52.715         5.51956 
        2.41914         52.1895         5.43194 
        2.43483         51.5288         5.34654 
         2.4505         51.0349         5.26312 
        2.46622         50.4411         5.18119 
        2.48195         49.7912           5.101 
        2.49759         49.1921         5.02294 
        2.51328          48.795         4.94631 
        2.52906         48.1321          4.8708 
        2.54479         47.5965         4.79714 
        2.56049         46.9572         4.72516 
        2.57618         46.4722         4.65471 
        2.59189         46.0954          4.5856 
        2.60758         45.3682         4.51799 
        2.62325         44.8988         4.45184 
        2.63898         44.4637         4.38678 
        2.65468         44.0858         4.32315 
        2.67044         43.5207         4.26052 
        2.68618         43.2069         4.19928 
        2.70184         42.4967         4.13948 
        2.71755         42.2055          4.0807 
        2.73329         41.5667         4.02297 
        2.74897         41.2474         3.96655 
        2.76462         40.7553         3.91133 
        2.78034         40.2986         3.85694 
        2.79607         39.8772         3.80352 
        2.81179         39.4703         3.75118 
        2.82749         39.0388         3.69989 
        2.84321         38.5699         3.64949 
        2.85893           38.14         3.60005 
        2.87462         37.6372         3.55161 
        2.89033         37.4288         3.50402 
        2.90605         36.9041         3.45726 
        2.92176         36.6056         3.41138 
        2.93747         36.2929         3.36635 
        2.95318         35.8766         3.32213 
        2.96891         35.5312         3.27868 
        2.98456         35.1946          3.2362 
        3.00023         34.7269         3.19441 
        3.01596         34.4103         3.15323 
        3.03164         34.0832         3.11289 
        3.04738          33.752         3.07315 
         3.0631         33.4422         3.03411 
        3.07883          33.015         2.99574 
        3.09456         32.5422         2.95805 
        3.11026         32.3101         2.92106 
        3.12596         32.0119         2.88471 
        3.14163         31.6345         2.84906 
        3.15734         31.3222         2.81393 
        3.17308         31.0299         2.77931 
        3.18879         30.6955         2.74537 
        3.20447         30.4024         2.71204 
         3.2202         30.1136         2.67916 
         3.2359         29.7593         2.64689 
        3.25157         29.5616         2.61522 
        3.26729         29.1807         2.58398 
        3.28304         28.8457         2.55319 
        3.29877         28.5279         2.52294 
        3.31446         28.2851         2.49324 
        3.33014         28.0341         2.46405 
        3.34585         27.7687         2.43528 
        3.36158         27.4562         2.40693 
        3.37727         27.2375         2.37912 
        3.39294         26.9245         2.35177 
        3.40867         26.6412         2.32475 
        3.42439         26.4666         2.29818 
        3.44008         26.1753         2.27207 
        3.45578         25.9973         2.24635 
        3.47153         25.6745         2.22096 
        3.48724         25.3649         2.19602 
        3.50292         25.1624         2.17152 
        3.51859         24.8669          2.1474 
        3.53431         24.6132         2.12357 
        3.55007         24.3915         2.10005 
        3.56577         24.2054         2.07698 
        3.58146         23.9509         2.05426 
        3.59719         23.7781         2.03183 
        3.61292         23.4963         2.00974 
        3.62859         23.3138         1.98807 
        3.64429         23.0373         1.96667 
        3.66003         22.8755         1.94552 
        3.67578         22.6798         1.92469 
        3.69146         22.4916         1.90424 
        3.70712         22.2054         1.88413 
        3.72284         22.0373         1.86424 
        3.73853         21.8541         1.84466 
        3.75422         21.4862         1.82536 
        3.76993         21.3923         1.80632 
        3.78564         21.1963         1.78756 
        3.80137         21.0039         1.76903 
        3.81707         20.8549         1.75081 
        3.83279         20.6339         1.73283 
        3.84853         20.4347         1.71507 
        3.86424         20.2242         1.69759 
        3.87992          20.032         1.68038 
        3.89561         19.8864         1.66342 
        3.91134         19.6653         1.64665 
        3.92704         19.5029         1.63013 
        3.94273         19.3398         1.61385 
        3.95845         19.1425         1.59777 
        3.97418         18.9378          1.5819 
        3.98988         18.8393         1.56627 
        4.00554         18.7009          1.5509 
        4.02125         18.4499         1.53568 
        4.03698         18.2749         1.52065 
        4.05268         18.1389         1.50585 
        4.06839           17.96         1.49124 
         4.0841         17.7975         1.47682 
        4.09983         17.5949         1.46258 
        4.11555         17.4504         1.44853 
        4.13124         17.3381          1.4347 
        4.14693         17.1808         1.42104 
        4.16266         17.1238         1.40753 
        4.17839         16.8764          1.3942 
        4.19408         16.6726         1.38108 
        4.20977         16.5678         1.36811 
        4.22551         16.3969         1.35529 
        4.24123         16.2964         1.34264 
        4.25691         16.1179         1.33018 
        4.27259         16.0156         1.31788 
        4.28831         15.8819         1.30571 
        4.30404         15.7328         1.29369 
        4.31974         15.6066         1.28184 
        4.33543         15.4732         1.27014 
        4.35116         15.3364         1.25857 
        4.36688         15.2037         1.24714 
        4.38255         15.0675         1.23589 
        4.39825         14.8899         1.22477 
        4.41398         14.8341         1.21375 
         4.4297         14.6801         1.20288 
        4.44541          14.523         1.19215 
        4.46111         14.4461         1.18156 
        4.47683         14.2604         1.17109 
        4.49251         14.1703         1.16076 
        4.50819          14.062         1.15056 
         4.5239         13.9479         1.14048 
        4.53962         13.8278         1.13049 
        4.55535         13.7038         1.12063 
        4.57106         13.6101         1.11089 
        4.58678         13.4884         1.10127 
         4.6025         13.3702         1.09176 
        4.61821         13.2793         1.08237 
        4.63391         13.1501          1.0731 
         4.6496         13.0112         1.06394 
        4.66532         12.8831         1.05487 
        4.68103         12.8368         1.04591 
        4.69673         12.7283         1.03706 
        4.71241         12.6318         1.02833 
        4.72811         12.5132         1.01968 
        4.74384         12.3986         1.01112 
        4.75955         12.2994         1.00267 
        4.77525         12.2089        0.994326 
        4.79096         12.1144        0.986064 
        4.80669         12.0233        0.977891 
         4.8224         11.8991         0.96982 
        4.83809         11.8273        0.961849 
        4.85379         11.7383        0.953962 
         4.8695         11.6224        0.946158 
        4.88521         11.5491        0.938444 
        4.90093         11.4379        0.930815 
        4.91663         11.3842        0.923277 
        4.93234          11.306        0.915815 
        4.94807         11.1872         0.90843 
        4.96377         11.1164        0.901141 
        4.97943         11.0355        0.893946 
        4.99514         10.9041        0.886812 
        5.01086         10.8195        0.879751 
        5.02654         10.7372        0.872784 
        5.04227          10.655        0.865872 
          5.058         10.6056        0.859031 
        5.07371         10.5076        0.852278 
        5.08942         10.4182        0.845596 
        5.10513         10.3497        0.838986 
        5.12084         10.2652        0.832443 
        5.13656         10.2096        0.825971 
        5.15225         10.0971        0.819578 
        5.16796         10.0236        0.813243 
        5.18369         9.95739        0.806969 
         5.1994         9.87222        0.800773 
        5.21509         9.79765        0.794647 
        5.23079         9.72085        0.788578 
        5.24649         9.64263        0.782577 
        5.26217         9.56547        0.776643 
        5.27788         9.50808        0.770762 
        5.29359         9.43156         0.76494 
        5.30933         9.36675        0.759171 
        5.32504         9.30832         0.75347 
        5.34073         9.23083        0.747834 
        5.35646         9.15694        0.742245 
        5.37218         9.10013        0.736712 
        5.38789         9.03575        0.731244 
        5.40357         8.94886        0.725837 
        5.41929         8.89317        0.720474 
        5.43502         8.84009        0.715164 
         5.4507         8.75792         0.70992 
        5.46639         8.68379        0.704728 
        5.48212          8.6335        0.699575 
        5.49786         8.56661        0.694468 
        5.51353         8.51739        0.689437 
        5.52921         8.44891        0.684451 
        5.54495         8.36731          0.6795 
        5.56066          8.3306        0.674603 
        5.57637         8.25275        0.669755 
        5.59207         8.20401        0.664959 
        5.60778         8.14618        0.660208 
        5.62346          8.0807         0.65551 
        5.63916         8.03114        0.650853 
        5.65487          7.9704        0.646239 
         5.6706         7.91145        0.641664 
        5.68633          7.8479        0.637132 
        5.70203         7.78845        0.632653 
        5.71773          7.7452        0.628218 
        5.73344         7.69964        0.623823 
        5.74916         7.66558        0.619466 
        5.76486         7.58367        0.615156 
        5.78054         7.52738        0.610894 
        5.79626         7.46724        0.606661 
          5.812         7.42249        0.602463 
         5.8277         7.37757        0.598318 
        5.84339         7.32348        0.594211 
        5.85911         7.27213        0.590135 
        5.87484          7.2271        0.586098 
        5.89053         7.15796        0.582106 
        5.90623         7.11734         0.57815 
        5.92195         7.08392        0.574224 
        5.93767         7.03323        0.570337 
        5.95336         6.97266        0.566491 
        5.96905         6.94067        0.562683 
        5.98476         6.89081        0.558905 
        6.00048         6.84008        0.555159 
        6.01617         6.78769        0.551453 
        6.03185         6.75741        0.547786 
        6.04756         6.70356        0.544143 
        6.06331         6.65229        0.540525 
        6.07903         6.61564        0.536948 
        6.09473         6.57026        0.533406 
        6.11044         6.53251        0.529894 
        6.12616         6.48088        0.526413 
        6.14186          6.4393        0.522967 
        6.15755         6.38363        0.519552 
        6.17326         6.35368        0.516165 
        6.18898          6.3049        0.512807 
        6.20467         6.27333        0.509484 
        6.22036         6.22737        0.506191 
         6.2361         6.19229        0.502918 
         6.2518         6.13724         0.49968 
        6.26748          6.0943        0.496477 
        6.28319         6.06507        0.493293 
        6.29893         6.02202        0.490135 
        6.31463         5.98847        0.487009 
        6.33033         5.94612        0.483912 
        6.34604         5.90434         0.48084 
        6.36177         5.87453        0.477791 
        6.37747         5.83427        0.474774 
        6.39316         5.79526        0.471785 
        6.40888         5.74906        0.468816 
         6.4246         5.73071        0.465873 
        6.44031          5.6816        0.462956 
        6.45601         5.64226        0.460068 
        6.47172         5.60089        0.457201 
        6.48744         5.57056        0.454357 
        6.50313         5.54214        0.451542 
        6.51882         5.50292        0.448753 
        6.53452         5.46869        0.445983 
        6.55025         5.43663        0.443233 
        6.56597         5.39586        0.440509 
        6.58166         5.35871        0.437812 
        6.59736         5.32604        0.435136 
        6.61307         5.29513        0.432479 
         6.6288         5.26258        0.429844 
         6.6445         5.23245        0.427233 
         6.6602         5.20838        0.424645 
        6.67592         5.16465        0.422076 
        6.69164         5.13189        0.419528 
        6.70735         5.10151        0.417002 
        6.72304          5.0731          0.4145 
        6.73874         5.04229        0.412017 
        6.75446         5.00534        0.409552 
        6.77016         4.98222        0.407111 
        6.78585         4.94732        0.404689 
        6.80156         4.91442        0.402286 
        6.81729         4.89584        0.399899 
        6.83301         4.86303        0.397531 
         6.8487         4.83097        0.395188 
         6.8644         4.79655        0.392862 
        6.88012         4.77418        0.390553 
        6.89583         4.74099        0.388264 
        6.91151         4.70882        0.385997 
        6.92723         4.69617        0.383742 
        6.94296         4.65823        0.381505 
        6.95866          4.6277        0.379289 
        6.97436         4.60807        0.377091 
        6.99007          4.5731        0.374909 
        7.00578         4.55513        0.372745 
        7.02147         4.52195        0.370599 
        7.03718         4.49892        0.368469 
         7.0529         4.47331        0.366354 
        7.06863         4.44571        0.364254 
        7.08433         4.41852        0.362173 
        7.10004         4.39336         0.36011 
        7.11575          4.3658        0.358062 
        7.13145         4.34184         0.35603 
        7.14715         4.31762        0.354014 
        7.16284         4.29319        0.352017 
        7.17855         4.26211         0.35003 
        7.19428         4.24519        0.348057 
        7.20998         4.21727        0.346104 
        7.22568         4.19475        0.344165 
        7.24139         4.17166         0.34224 
        7.25711         4.14938        0.340329 
        7.27282         4.11837        0.338433 
        7.28852         4.10064        0.336553 
        7.30423         4.07594        0.334686 
        7.31995         4.05256        0.332833 
        7.33565         4.03511        0.330995 
        7.35135         4.00776         0.32917 
        7.36706         3.98707         0.32736 
        7.38277         3.96496        0.325562 
        7.39847         3.93957        0.323779 
        7.41419         3.92157        0.322008 
         7.4299         3.89833        0.320251 
        7.44561         3.88112        0.318507 
        7.46132         3.85361        0.316776 
        7.47701         3.84226         0.31506 
        7.49272         3.80964        0.313354 
        7.50842         3.78983        0.311662 
         7.5241         3.77575        0.309985 
        7.53981         3.74882        0.308317 
        7.55552            3.73        0.306662 
        7.57125         3.70619        0.305016 
        7.58698         3.69278        0.303383 
        7.60268         3.67158        0.301764 
         7.6184         3.65356        0.300156 
        7.63411         3.63031         0.29856 
        7.64981         3.61064        0.296977 
        7.66552         3.58841        0.295405 
        7.68123         3.56743        0.293843 
        7.69695         3.54986        0.292292 
        7.71264         3.53309        0.290755 
        7.72834         3.51266        0.289228 
        7.74407         3.49516         0.28771 
        7.75978         3.47242        0.286203 
        7.77546         3.45743        0.284711 
        7.79116          3.4433        0.283228 
         7.8069          3.4227        0.281752 
         7.8226         3.40354        0.280289 
        7.83828         3.38268        0.278839 
        7.85399         3.36725        0.277397 
        7.86972         3.34969        0.275962 
        7.88543         3.33596         0.27454 
        7.90111         3.31026        0.273131 
        7.91681         3.30041        0.271729 
        7.93255         3.28208        0.270335 
        7.94828         3.26178        0.268951 
        7.96397         3.24853        0.267579 
        7.97967         3.23382        0.266216 
        7.99538         3.21493        0.264863 
         8.0111           3.198        0.263518 
         8.0268         3.17994        0.262183 
        8.04248         3.16638         0.26086 
         8.0582         3.14876        0.259543 
        8.07393         3.13301        0.258234 
        8.08963         3.11776        0.256936 
        8.10533         3.10594        0.255647 
        8.12104         3.08652        0.254367 
        8.13675          3.0662        0.253095 
        8.15245         3.05167        0.251832 
        8.16815         3.04192        0.250579 
        8.18387         3.02386        0.249332 
        8.19959         3.00798        0.248093 
         8.2153         2.99639        0.246864 
        8.23101          2.9838        0.245644 
        8.24672         2.96233        0.244431 
        8.26241         2.95275        0.243229 
         8.2781         2.93615        0.242034 
        8.29381          2.9231        0.240846 
        8.30952         2.91022        0.239666 
        8.32524         2.89454        0.238493 
        8.34095         2.88115        0.237328 
        8.35666         2.86953        0.236172 
        8.37237         2.85769        0.235023 
        8.38808          2.8402        0.233881 
        8.40379         2.82657        0.232748 
         8.4195         2.81149        0.231622 
         8.4352         2.80012        0.230504 
        8.45091         2.78443        0.229393 
        8.46662         2.77175        0.228289 
        8.48232         2.75891        0.227193 
        8.49802         2.74926        0.226104 
        8.51374         2.73746        0.225022 
        8.52945         2.72167        0.223946 
        8.54515          2.7085        0.222879 
        8.56086         2.69242        0.221817 
        8.57658         2.68323        0.220763 
        8.59228         2.67062        0.219716 
        8.60799         2.66086        0.218675 
        8.62371         2.64656        0.217641 
        8.63942         2.63163        0.216614 
        8.65512         2.62521        0.215594 
        8.67082         2.61017        0.214581 
        8.68653         2.59781        0.213573 
        8.70224         2.58373        0.212572 
        8.71795          2.5737        0.211578 
        8.73365         2.56089         0.21059 
        8.74936         2.54876        0.209609 
        8.76506         2.53722        0.208634 
        8.78076         2.52831        0.207665 
        8.79646          2.5179        0.206702 
        8.81218         2.50191        0.205745 
        8.82791         2.49426        0.204793 
         8.8436         2.48407        0.203849 
         8.8593         2.47148        0.202911 
        8.87503         2.45932        0.201976 
        8.89076          2.4508        0.201048 
        8.90644         2.43828        0.200128 
        8.92214         2.42667        0.199214 
        8.93786         2.42154        0.198303 
        8.95357         2.40662        0.197399 
        8.96928         2.39481        0.196501 
        8.98498         2.38529        0.195608 
        9.00069         2.38005        0.194721 
        9.01639         2.36497        0.193839 
        9.03208         2.35268        0.192964 
        9.04778         2.34626        0.192094 
        9.06351         2.33701        0.191227 
        9.07923         2.32693        0.190367 
        9.09493         2.31252        0.189512 
        9.11062         2.30684        0.188663 
        9.12635         2.29738        0.187818 
        9.14207         2.28649        0.186979 
        9.15777         2.28087        0.186145 
        9.17346         2.26771        0.185317 
        9.18917         2.25845        0.184493 
         9.2049         2.24937        0.183673 
        9.22061         2.24277        0.182859 
        9.23631          2.2351         0.18205 
        9.25201         2.22102        0.181247 
        9.26773         2.21425        0.180447 
        9.28343         2.20569        0.179653 
        9.29913         2.19615        0.178864 
        9.31484         2.18938        0.178079 
        9.33057         2.17795        0.177298 
        9.34627         2.16874        0.176522 
        9.36197          2.1598        0.175752 
        9.37768         2.15059        0.174986 
        9.39338         2.14136        0.174224 
        9.40909         2.13573        0.173467 
        9.42479         2.12719        0.172715 
         9.4405         2.11794        0.171967 
        9.45621          2.1097        0.171223 
        9.47193         2.10016        0.170484 
        9.48763         2.09088         0.16975 
        9.50334         2.08574        0.169019 
        9.51906         2.07527        0.168293 
        9.53476         2.06779        0.167572 
        9.55045          2.0601        0.166855 
        9.56616         2.05508        0.166142 
        9.58188          2.0457        0.165432 
        9.59759         2.03788        0.164726 
         9.6133         2.03177        0.164025 
        9.62901         2.02288        0.163327 
        9.64471         2.01439        0.162634 
        9.66041         2.00833        0.161944 
        9.67612         1.99927        0.161258 
        9.69184         1.99203        0.160575 
        9.70754         1.98536        0.159898 
        9.72324         1.97956        0.159224 
        9.73895         1.97184        0.158554 
        9.75467          1.9629        0.157888 
        9.77038         1.95617        0.157227 
        9.78607         1.94829        0.156571 
        9.80177         1.94217        0.155919 
        9.81749         1.93777        0.155271 
         9.8332         1.92826        0.154628 
         9.8489         1.92217        0.153989 
        9.86463         1.91665        0.153354 
        9.88035         1.90917        0.152721 
        9.89606         1.90227        0.152093 
        9.91175         1.89539        0.151468 
        9.92745         1.88803        0.150844 
        9.94317         1.88293        0.150222 
        9.95888         1.87713        0.149601 
        9.97458         1.87028        0.148982 
        9.99029         1.86521        0.148363 
         10.006         1.85474        0.147981 
        10.0217         1.85166        0.147981 
        10.0374          1.8447        0.147981 
        10.0531         1.83943        0.147981 
        10.0688         1.83167        0.147981 
        10.0845         1.82791        0.147981 
        10.1002          1.8213        0.147981 
        10.1159         1.81621        0.147981 
        10.1317         1.81065        0.147981 
        10.1474         1.80328        0.147981 
        10.1631         1.79865        0.147981 
        10.1788         1.79067        0.147981 
        10.1945         1.78758        0.147981 
        10.2102         1.77848        0.147981 
        10.2259         1.77528        0.147981 
        10.2416         1.77026        0.147981 
        10.2573          1.7641        0.147981 
         10.273         1.76045        0.147981 
        10.2887         1.75436        0.147981 
        10.3044         1.74914        0.147981 
        10.3201         1.74296        0.147981 
        10.3359         1.73841        0.147981 
        10.3516         1.73317        0.147981 
        10.3673         1.72767        0.147981 
         10.383         1.72398        0.147981 
        10.3987         1.71689        0.147981 
        10.4144         1.71279        0.147981 
        10.4301          1.7075        0.147981 
        10.4458         1.70365        0.147981 
        10.4615         1.69826        0.147981 
        10.4772         1.69294        0.147981 
        10.4929         1.68887        0.147981 
        10.5086         1.68306        0.147981 
        10.5244         1.67946        0.147981 
        10.5401         1.67605        0.147981 
        10.5558         1.66842        0.147981 
        10.5715         1.66697        0.147981 
        10.5872         1.66062        0.147981 
        10.6029         1.65902        0.147981 
        10.6186         1.65335        0.147981 
        10.6343         1.64819        0.147981 
          10.65         1.64413        0.147981 
        10.6657         1.63843        0.147981 
        10.6814         1.63577        0.147981 
        10.6971         1.63327        0.147981 
        10.7129          1.6294        0.147981 
        10.7286         1.62478        0.147981 
        10.7443         1.61835        0.147981 
          10.76          1.6151        0.147981 
        10.7757         1.61438        0.147981 
        10.7914         1.60814        0.147981 
        10.8071         1.60478        0.147981 
        10.8228         1.60131        0.147981 
        10.8385         1.59729        0.147981 
        10.8542         1.59465        0.147981 
        10.8699         1.58851        0.147981 
        10.8856         1.58651        0.147981 
        10.9014         1.58315        0.147981 
        10.9171         1.58046        0.147981 
        10.9328         1.57535        0.147981 
        10.9485         1.57401        0.147981 
        10.9642         1.57034        0.147981 
        10.9799         1.56623        0.147981 
        10.9956         1.56364        0.147981 
        11.0113         1.56046        0.147981 
         11.027         1.55672        0.147981 
        11.0427         1.55359        0.147981 
        11.0584          1.5526        0.147981 
        11.0741         1.54831        0.147981 
        11.0898         1.54501        0.147981 
        11.1055         1.54116        0.147981 
        11.1212         1.53975        0.147981 
         11.137         1.53627        0.147981 
        11.1527         1.53484        0.147981 
        11.1684          1.5299        0.147981 
        11.1841         1.52849        0.147981 
        11.1998         1.52577        0.147981 
        11.2155         1.52385        0.147981 
        11.2312         1.52025        0.147981 
        11.2469         1.51867        0.147981 
        11.2626         1.51443        0.147981 
        11.2783         1.51393        0.147981 
         11.294          1.5118        0.147981 
        11.3097         1.50915        0.147981 
        11.3254         1.50656        0.147981 
        11.3412         1.50435        0.147981 
        11.3569         1.50242        0.147981 
        11.3726         1.50106        0.147981 
        11.3883         1.49647        0.147981 
         11.404         1.49496        0.147981 
        11.4197         1.49415        0.147981 
        11.4354         1.49141        0.147981 
        11.4511         1.49198        0.147981 
        11.4668         1.48812        0.147981 
        11.4825          1.4858        0.147981 
        11.4982          1.4849        0.147981 
         11.514         1.48277        0.147981 
        11.5297         1.48249        0.147981 
        11.5454         1.47815        0.147981 
        11.5611          1.4796        0.147981 
        11.5768         1.47668        0.147981 
        11.5925         1.47669        0.147981 
        11.6082         1.47321        0.147981 
        11.6239         1.47405        0.147981 
        11.6396         1.47343        0.147981 
        11.6553         1.47218        0.147981 
         11.671         1.47026        0.147981 
        11.6867         1.46852        0.147981 
        11.7024         1.46603        0.147981 
        11.7182         1.46554        0.147981 
        11.7339         1.46482        0.147981 
        11.7496         1.46475        0.147981 
        11.7653         1.46532        0.147981 
         11.781         1.46241        0.147981 
        11.7967         1.46327        0.147981 
        11.8124          1.4613        0.147981 
        11.8281         1.46215        0.147981 
        11.8438         1.46016        0.147981 
        11.8595         1.46022        0.147981 
        11.8752         1.45839        0.147981 
         11.891         1.45943        0.147981 
        11.9067          1.4588        0.147981 
        11.9224          1.4584        0.147981 
        11.9381         1.45873        0.147981 
        11.9538          1.4589        0.147981 
        11.9695         1.45668        0.147981 
        11.9852         1.45804        0.147981 
        12.0009          1.4591        0.147981 
        12.0166         1.45744        0.147981 
        12.0323         1.45867        0.147981 
         12.048         1.45891        0.147981 
        12.0637         1.45687        0.147981 
