# k  (h/Mpc)    Pcb(k)  (Mpc/h)^3    Pcb_linear(k) (Mpc/h)^3   ShotnoiseSubtracted = true
      0.0200456         462.908         467.952 
      0.0350414         369.804         366.922 
      0.0492313         290.888         290.715 
      0.0637834         234.644         236.398 
      0.0800726         178.152         178.576 
       0.096163         141.732         140.461 
       0.111083         120.003           118.9 
       0.126058         98.5807         98.8399 
       0.142273         80.3748         80.4297 
       0.158546         68.5923         68.5167 
        0.17375         60.0963         59.6119 
       0.188953         51.5892          51.248 
       0.204907         43.8668         44.3625 
       0.220756           39.31         39.2094 
        0.23588         34.9151         34.8265 
         0.2514         31.0464          30.859 
       0.267535         27.8606          27.521 
       0.283568          24.936           24.73 
       0.299022         22.5953         22.3319 
       0.314451         20.8234         20.2474 
       0.330372         18.7466         18.4098 
       0.346141         17.1237          16.806 
       0.361624         15.6579          15.403 
       0.377134          14.357         14.1623 
       0.392932         13.5882         13.0442 
       0.408854         12.2939          12.036 
       0.424564         11.6189         11.1431 
       0.440253         10.6682         10.3438 
       0.455999          9.8056         9.62115 
       0.471626         9.16572         8.97118 
        0.48727         8.74943          8.3805 
       0.502856         8.19991         7.84523 
       0.518488         7.56274         7.35534 
       0.534347         7.06813         6.90089 
       0.550082         6.76182           6.488 
       0.565732         6.44768         6.11096 
       0.581496         6.04245          5.7615 
       0.597222         5.69442         5.44012 
       0.612804         5.37278         5.14596 
       0.628434         5.13087         4.87285 
       0.644267         4.88752         4.61645 
       0.660051         4.63416         4.37929 
       0.675724         4.36984         4.16032 
       0.691403         4.18244          3.9563 
       0.707174         3.98104         3.76493 
       0.722871         3.87914         3.58708 
        0.73838         3.61855         3.42269 
       0.754018         3.45976          3.2674 
       0.769845         3.27564         3.12008 
        0.78569         3.18476         2.98174 
       0.801365         3.04912         2.85316 
       0.817031          2.9382         2.73226 
       0.832809         2.78568         2.61762 
       0.848511         2.69508         2.51009 
       0.864097         2.59922         2.40935 
       0.879701          2.5186         2.31406 
       0.895507         2.39402         2.22282 
       0.911279         2.31976         2.13671 
        0.92691         2.25265         2.05588 
       0.942635          2.1389         1.97881 
       0.958396         2.06997         1.90555 
       0.974128         2.00565         1.83614 
       0.989692         1.92857         1.77089 
        1.00528         1.86209         1.70873 
        1.02113         1.81712          1.6486 
        1.03692          1.7623          1.5916 
        1.05264         1.68416         1.53757 
        1.06832         1.63824         1.48614 
        1.08405         1.57797         1.43694 
        1.09979         1.54001         1.38995 
        1.11537         1.48529         1.34553 
        1.13105         1.42927          1.3028 
        1.14679         1.39674         1.26177 
        1.16256          1.3535         1.22243 
        1.17828         1.32467         1.18491 
        1.19395          1.2796          1.1491 
         1.2097         1.24036         1.11458 
        1.22537         1.19923         1.08166 
          1.241         1.17129         1.05017 
        1.25666         1.14852         1.01986 
        1.27241         1.11217        0.990614 
        1.28819         1.07471        0.962465 
        1.30392         1.04967        0.935496 
        1.31957         1.02453        0.909683 
        1.33529        0.989599        0.884753 
        1.35108        0.966615        0.860662 
        1.36674        0.938984        0.837643 
         1.3824        0.924692        0.815489 
        1.39811         0.89637        0.794066 
        1.41389         0.87506        0.773333 
        1.42964        0.852525        0.753377 
        1.44531        0.832892        0.734226 
        1.46101        0.807723        0.715701 
        1.47667        0.793519        0.697872 
        1.49229        0.767473        0.680701 
        1.50793        0.753484        0.664089 
        1.52367        0.732087        0.647926 
        1.53953        0.715803        0.632194 
        1.55526        0.703288        0.617112 
        1.57092        0.692806        0.602586 
        1.58662         0.67764        0.588493 
        1.60235        0.658483        0.574826 
        1.61809        0.642538        0.561587 
        1.63369        0.625599        0.548883 
        1.64941        0.615444        0.536482 
        1.66519        0.604673        0.524421 
        1.68085        0.587714        0.512817 
        1.69652        0.575811        0.501562 
        1.71228        0.563149        0.490582 
        1.72806        0.552267        0.479922 
        1.74368        0.541641        0.469687 
        1.75933        0.531429         0.45973 
        1.77505         0.52219        0.450016 
        1.79081        0.505947        0.440566 
         1.8065        0.501139        0.431429 
        1.82218        0.487239        0.422559 
        1.83797        0.474876        0.413878 
        1.85367         0.47038         0.40549 
        1.86928        0.460236        0.397385 
        1.88497         0.44866        0.389457 
        1.90073        0.442991        0.381717 
        1.91647        0.433702        0.374195 
        1.93218        0.426404        0.366892 
        1.94787        0.417493        0.359794 
        1.96363         0.41042        0.352857 
        1.97935        0.402196        0.346117 
        1.99499        0.394989        0.339592 
        2.01064        0.388329        0.333225 
         2.0264        0.379176        0.326982 
        2.04216        0.372697        0.320903 
        2.05781        0.367724        0.315016 
        2.07353        0.360859        0.309257 
        2.08928        0.355202        0.303629 
        2.10499         0.34738        0.298156 
        2.12065        0.341945        0.292835 
        2.13633        0.336486        0.287639 
        2.15211        0.329987        0.282536 
        2.16785        0.324931        0.277572 
        2.18349        0.320146        0.272757 
        2.19916        0.313332        0.268047 
        2.21489        0.307903        0.263433 
        2.23063        0.302393        0.258925 
         2.2463        0.298589        0.254542 
        2.26194         0.29443        0.250272 
        2.27765        0.288234        0.246078 
        2.29341        0.284066        0.241969 
        2.30914         0.27831        0.237963 
        2.32486        0.274128         0.23405 
        2.34061        0.269725        0.230218 
        2.35635        0.265537        0.226476 
        2.37203        0.263718         0.22283 
        2.38768        0.257734        0.219272 
        2.40339        0.253972        0.215778 
        2.41914        0.250125        0.212353 
        2.43483        0.245852        0.209014 
         2.4505        0.242113        0.205753 
        2.46622        0.238964         0.20255 
        2.48195         0.23446        0.199416 
        2.49759        0.233334        0.196364 
        2.51328        0.227224        0.193368 
        2.52906        0.223998        0.190416 
        2.54479        0.221187        0.187537 
        2.56049        0.217142        0.184723 
        2.57618        0.215771        0.181969 
        2.59189        0.211207        0.179267 
        2.60758        0.209167        0.176624 
        2.62325        0.205786        0.174038 
        2.63898         0.20381        0.171494 
        2.65468        0.199087        0.169007 
        2.67044        0.196924        0.166558 
        2.68618        0.194167        0.164164 
        2.70184        0.191862        0.161826 
        2.71755        0.188105        0.159528 
        2.73329        0.187245        0.157272 
        2.74897        0.183452        0.155066 
        2.76462        0.181411        0.152907 
        2.78034        0.178356        0.150781 
        2.79607        0.176815        0.148693 
        2.81179        0.172948        0.146647 
        2.82749        0.171774        0.144641 
        2.84321        0.169694        0.142671 
        2.85893        0.166635        0.140738 
        2.87462        0.164765        0.138845 
        2.89033          0.1621        0.136984 
        2.90605        0.160786        0.135156 
        2.92176        0.158894        0.133362 
        2.93747        0.156296        0.131602 
        2.95318        0.154711        0.129873 
        2.96891        0.152631        0.128175 
        2.98456        0.151129        0.126514 
        3.00023        0.148939         0.12488 
        3.01596        0.146583        0.123271 
        3.03164        0.144845        0.121694 
        3.04738        0.143502         0.12014 
         3.0631        0.141733        0.118614 
        3.07883         0.13987        0.117114 
        3.09456        0.138245         0.11564 
        3.11026        0.136067        0.114194 
        3.12596        0.134552        0.112773 
        3.14163        0.133173        0.111379 
        3.15734        0.132047        0.110006 
        3.17308         0.12994        0.108653 
        3.18879        0.128494        0.107326 
        3.20447        0.126865        0.106023 
         3.2202        0.125684        0.104738 
         3.2359        0.124105        0.103476 
        3.25157        0.122631        0.102238 
        3.26729        0.121287        0.101017 
        3.28304        0.120206       0.0998128 
        3.29877        0.118339       0.0986301 
        3.31446        0.117254       0.0974693 
        3.33014        0.116115       0.0963281 
        3.34585        0.114347       0.0952034 
        3.36158         0.11324        0.094095 
        3.37727         0.11241       0.0930078 
        3.39294        0.111189       0.0919387 
        3.40867        0.109788       0.0908826 
        3.42439        0.108683       0.0898436 
        3.44008        0.107806       0.0888229 
        3.45578        0.106572       0.0878173 
        3.47153         0.10574       0.0868251 
        3.48724        0.104421       0.0858499 
        3.50292        0.103592        0.084892 
        3.51859        0.102319       0.0839492 
        3.53431        0.101293       0.0830177 
        3.55007        0.100168       0.0820981 
        3.56577       0.0994626       0.0811961 
        3.58146       0.0984508        0.080308 
        3.59719        0.097268       0.0794311 
        3.61292       0.0963155       0.0785677 
        3.62859       0.0956601       0.0777203 
        3.64429       0.0944156       0.0768837 
        3.66003       0.0940346        0.076057 
        3.67578       0.0930499       0.0752427 
        3.69146       0.0921515       0.0744434 
        3.70712       0.0911887       0.0736571 
        3.72284       0.0903727       0.0728793 
        3.73853       0.0898052       0.0721141 
        3.75422       0.0887829       0.0713596 
        3.76993       0.0880691       0.0706152 
        3.78564       0.0874152       0.0698817 
        3.80137       0.0868347       0.0691575 
        3.81707       0.0855081       0.0684451 
        3.83279       0.0848235       0.0677421 
        3.84853       0.0842683       0.0670478 
        3.86424       0.0836048       0.0663646 
        3.87992       0.0828818        0.065692 
        3.89561       0.0820702       0.0650286 
        3.91134       0.0813911       0.0643731 
        3.92704       0.0806325       0.0637273 
        3.94273       0.0798269        0.063091 
        3.95845        0.079012       0.0624623 
        3.97418       0.0785141        0.061842 
        3.98988       0.0774613       0.0612309 
        4.00554       0.0770047       0.0606298 
        4.02125       0.0763796        0.060035 
        4.03698       0.0751492       0.0594473 
        4.05268       0.0747928       0.0588688 
        4.06839       0.0737224       0.0582975 
         4.0841        0.072749        0.057734 
        4.09983       0.0719533       0.0571772 
        4.11555       0.0710902       0.0566279 
        4.13124        0.070222       0.0560874 
        4.14693       0.0695018       0.0555534 
        4.16266       0.0685421       0.0550252 
        4.17839       0.0679105       0.0545041 
        4.19408       0.0672622        0.053991 
        4.20977       0.0664332       0.0534842 
        4.22551       0.0658916       0.0529828 
        4.24123        0.065174       0.0524882 
        4.25691       0.0646215       0.0520014 
        4.27259       0.0639634       0.0515205 
        4.28831       0.0636477       0.0510448 
        4.30404       0.0627715       0.0505746 
        4.31974        0.062352       0.0501114 
        4.33543       0.0618148       0.0496542 
        4.35116       0.0614537       0.0492016 
        4.36688       0.0608292       0.0487549 
        4.38255       0.0604692       0.0483153 
        4.39825       0.0602027       0.0478803 
        4.41398       0.0597386       0.0474497 
         4.4297       0.0593951       0.0470248 
        4.44541       0.0591053       0.0466053 
        4.46111       0.0585899       0.0461911 
        4.47683       0.0583201       0.0457817 
        4.49251       0.0582094       0.0453781 
        4.50819       0.0578449       0.0449795 
         4.5239       0.0575396       0.0445851 
        4.53962       0.0574243       0.0441949 
        4.55535       0.0573226       0.0438092 
        4.57106       0.0569582       0.0434287 
        4.58678       0.0569817       0.0430525 
         4.6025       0.0566357       0.0426808 
        4.61821       0.0566198       0.0423135 
        4.63391        0.056557        0.041951 
         4.6496       0.0563598       0.0415929 
        4.66532       0.0564119       0.0412384 
        4.68103       0.0564494       0.0408882 
        4.69673       0.0562605       0.0405424 
        4.71241       0.0565199       0.0402009 
        4.72811       0.0563535       0.0398629 
        4.74384       0.0562663       0.0395282 
        4.75955       0.0565134       0.0391979 
        4.77525       0.0566056       0.0388716 
        4.79096       0.0566887       0.0385486 
        4.80669       0.0567158       0.0382291 
         4.8224         0.05698       0.0379136 
        4.83809       0.0570692        0.037602 
        4.85379        0.057315       0.0372936 
         4.8695       0.0575618       0.0369885 
        4.88521       0.0577008        0.036687 
        4.90093       0.0580663       0.0363887 
        4.91663       0.0584641        0.036094 
        4.93234        0.058315       0.0358023 
        4.94807       0.0588966       0.0355136 
        4.96377       0.0591612       0.0352287 
        4.97943       0.0597076       0.0349474 
        4.99514       0.0600627       0.0346685 
        5.01086       0.0603074       0.0343925 
        5.02654       0.0609271       0.0341201 
        5.04227       0.0612236       0.0338499 
          5.058       0.0616845       0.0335825 
        5.07371       0.0620462       0.0333185 
        5.08942       0.0627087       0.0330573 
        5.10513       0.0632188       0.0327988 
        5.12084       0.0639457        0.032543 
        5.13656       0.0646178         0.03229 
        5.15225       0.0651832       0.0320401 
        5.16796       0.0659263       0.0317924 
        5.18369       0.0664074       0.0315472 
         5.1994       0.0672156       0.0313049 
        5.21509       0.0680349       0.0310655 
        5.23079       0.0686649       0.0308282 
        5.24649        0.069529       0.0305936 
        5.26217       0.0701296       0.0303616 
        5.27788       0.0713857       0.0301317 
        5.29359       0.0720464       0.0299041 
        5.30933       0.0730378       0.0296786 
        5.32504       0.0738434       0.0294557 
        5.34073       0.0746388       0.0292354 
        5.35646       0.0758399       0.0290169 
        5.37218       0.0770055       0.0288006 
        5.38789       0.0779273       0.0285868 
        5.40357        0.079135       0.0283755 
        5.41929       0.0803224       0.0281658 
        5.43502       0.0813633       0.0279582 
         5.4507       0.0828257       0.0277532 
        5.46639       0.0833842       0.0275502 
        5.48212       0.0848934       0.0273488 
        5.49786       0.0868032       0.0271491 
        5.51353       0.0880475       0.0269525 
        5.52921       0.0889535       0.0267575 
        5.54495       0.0906614        0.026564 
        5.56066       0.0920444       0.0263725 
        5.57637       0.0938476        0.026183 
        5.59207       0.0948767       0.0259955 
        5.60778       0.0964008       0.0258098 
        5.62346       0.0978779       0.0256261 
        5.63916         0.10003       0.0254441 
        5.65487        0.101704       0.0252637 
         5.6706        0.102904       0.0250849 
        5.68633        0.105002       0.0249077 
        5.70203        0.106855       0.0247326 
        5.71773        0.108881       0.0245592 
        5.73344        0.111301       0.0243874 
        5.74916        0.113286        0.024217 
        5.76486        0.115575       0.0240486 
        5.78054        0.117513        0.023882 
        5.79626        0.119362       0.0237164 
          5.812        0.121498       0.0235523 
         5.8277        0.123818       0.0233903 
        5.84339        0.126105       0.0232297 
        5.85911        0.128065       0.0230704 
        5.87484        0.130366       0.0229126 
        5.89053         0.13331       0.0227565 
        5.90623        0.136187       0.0226019 
        5.92195          0.1383       0.0224484 
        5.93767         0.14065       0.0222964 
        5.95336         0.14335       0.0221461 
        5.96905        0.147342       0.0219972 
        5.98476        0.149004       0.0218495 
        6.00048        0.151934       0.0217031 
        6.01617        0.155166       0.0215582 
        6.03185         0.15787       0.0214148 
        6.04756        0.159868       0.0212724 
        6.06331        0.164497        0.021131 
        6.07903        0.166924       0.0209911 
        6.09473        0.169495       0.0208527 
        6.11044        0.174159       0.0207153 
        6.12616        0.176855       0.0205793 
        6.14186        0.180251       0.0204446 
        6.15755        0.183261       0.0203111 
        6.17326        0.187246       0.0201787 
        6.18898        0.191121       0.0200474 
        6.20467        0.193503       0.0199175 
        6.22036        0.197346       0.0197887 
         6.2361        0.200329       0.0196608 
         6.2518        0.207222       0.0195342 
        6.26748        0.209854        0.019409 
        6.28319        0.213199       0.0192845 
        6.29893        0.218244        0.019161 
        6.31463        0.222335       0.0190389 
        6.33033        0.224935       0.0189178 
        6.34604        0.229982       0.0187977 
        6.36177        0.232906       0.0186785 
        6.37747        0.238763       0.0185605 
        6.39316        0.241447       0.0184437 
        6.40888        0.245868       0.0183276 
         6.4246         0.25216       0.0182126 
        6.44031        0.253277       0.0180985 
        6.45601        0.258735       0.0179856 
        6.47172        0.263967       0.0178735 
        6.48744        0.270477       0.0177624 
        6.50313        0.273357       0.0176523 
        6.51882         0.27788       0.0175433 
        6.53452        0.283644        0.017435 
        6.55025        0.287602       0.0173275 
        6.56597        0.291594        0.017221 
        6.58166        0.294107       0.0171156 
        6.59736         0.30211       0.0170109 
        6.61307        0.309008       0.0169071 
         6.6288        0.311277       0.0168041 
         6.6445        0.316234        0.016702 
         6.6602        0.320208       0.0166008 
        6.67592        0.328148       0.0165004 
        6.69164        0.330884       0.0164008 
        6.70735        0.337526        0.016302 
        6.72304        0.343145       0.0162042 
        6.73874        0.346275       0.0161072 
        6.75446        0.349913       0.0160108 
        6.77016        0.358309       0.0159153 
        6.78585        0.360588       0.0158207 
        6.80156        0.368002       0.0157267 
        6.81729        0.372881       0.0156334 
        6.83301        0.378987       0.0155408 
         6.8487        0.384166       0.0154492 
         6.8644         0.38427       0.0153583 
        6.88012        0.391719       0.0152681 
        6.89583         0.39533       0.0151786 
        6.91151        0.402353       0.0150899 
        6.92723        0.404501       0.0150018 
        6.94296        0.414082       0.0149143 
        6.95866        0.416998       0.0148277 
        6.97436        0.422511       0.0147418 
        6.99007        0.422465       0.0146565 
        7.00578        0.432867       0.0145719 
        7.02147        0.434964        0.014488 
        7.03718        0.436511       0.0144047 
         7.0529        0.444773        0.014322 
        7.06863         0.44707       0.0142399 
        7.08433        0.453793       0.0141586 
        7.10004        0.458425       0.0140779 
        7.11575        0.460927       0.0139979 
        7.13145        0.464256       0.0139184 
        7.14715        0.471692       0.0138396 
        7.16284        0.475808       0.0137615 
        7.17855        0.479086       0.0136839 
        7.19428        0.483612       0.0136068 
        7.20998        0.484148       0.0135304 
        7.22568        0.491252       0.0134546 
        7.24139        0.491142       0.0133793 
        7.25711         0.49665       0.0133046 
        7.27282         0.50274       0.0132305 
        7.28852        0.504423        0.013157 
        7.30423         0.50989        0.013084 
        7.31995        0.511176       0.0130116 
        7.33565        0.510913       0.0129397 
        7.35135         0.51629       0.0128684 
        7.36706          0.5204       0.0127976 
        7.38277        0.525856       0.0127273 
        7.39847        0.527244       0.0126576 
        7.41419        0.526426       0.0125884 
         7.4299         0.52724       0.0125197 
        7.44561        0.534104       0.0124515 
        7.46132         0.53454       0.0123838 
        7.47701        0.539652       0.0123168 
        7.49272        0.544014       0.0122501 
        7.50842        0.541673       0.0121839 
         7.5241        0.545654       0.0121184 
        7.53981         0.54413       0.0120532 
        7.55552         0.54656       0.0119884 
        7.57125        0.550006       0.0119241 
        7.58698        0.548973       0.0118603 
        7.60268        0.554731        0.011797 
         7.6184         0.55486       0.0117341 
        7.63411         0.55509       0.0116717 
        7.64981         0.55785       0.0116098 
        7.66552         0.55635       0.0115484 
        7.68123        0.555629       0.0114873 
        7.69695        0.559535       0.0114267 
        7.71264        0.558177       0.0113666 
        7.72834        0.560924       0.0113069 
        7.74407        0.561287       0.0112476 
        7.75978        0.564903       0.0111887 
        7.77546        0.566826       0.0111303 
        7.79116        0.558783       0.0110723 
         7.8069        0.557564       0.0110146 
         7.8226        0.561294       0.0109574 
        7.83828        0.562936       0.0109008 
        7.85399        0.565276       0.0108444 
        7.86972          0.5636       0.0107883 
        7.88543        0.562034       0.0107327 
        7.90111        0.562399       0.0106776 
        7.91681        0.562618       0.0106228 
        7.93255        0.561484       0.0105683 
        7.94828        0.562941       0.0105142 
        7.96397        0.564446       0.0104606 
        7.97967        0.560875       0.0104073 
        7.99538        0.563387       0.0103544 
         8.0111        0.561837       0.0103018 
         8.0268        0.559432       0.0102496 
        8.04248        0.558214       0.0101979 
         8.0582        0.557428       0.0101464 
        8.07393         0.55791       0.0100952 
        8.08963         0.55766       0.0100445 
        8.10533        0.560547      0.00999413 
        8.12104         0.55631      0.00994406 
        8.13675        0.557702      0.00989433 
        8.15245        0.556524      0.00984498 
        8.16815        0.558075      0.00979598 
        8.18387        0.555388      0.00974724 
        8.19959        0.555888      0.00969882 
         8.2153        0.555134      0.00965077 
        8.23101        0.555178      0.00960305 
        8.24672        0.554775      0.00955565 
        8.26241        0.555185      0.00950864 
         8.2781        0.550919      0.00946193 
        8.29381        0.552526      0.00941548 
        8.30952        0.552505      0.00936935 
        8.32524        0.551902      0.00932349 
        8.34095        0.554566      0.00927796 
        8.35666        0.552981      0.00923276 
        8.37237        0.550706      0.00918784 
        8.38808        0.550481      0.00914322 
        8.40379         0.54867      0.00909891 
         8.4195        0.549554       0.0090549 
         8.4352        0.549315      0.00901119 
        8.45091        0.548478      0.00896776 
        8.46662        0.545932       0.0089246 
        8.48232         0.55011      0.00888176 
        8.49802        0.547324      0.00883919 
        8.51374        0.546605      0.00879686 
        8.52945        0.546715      0.00875483 
        8.54515        0.544967       0.0087131 
        8.56086        0.545622       0.0086716 
        8.57658        0.544932      0.00863038 
        8.59228        0.543685      0.00858946 
        8.60799        0.546371      0.00854876 
        8.62371        0.544091      0.00850834 
        8.63942        0.543294      0.00846818 
        8.65512        0.542941      0.00842831 
        8.67082        0.541734      0.00838869 
        8.68653        0.539749      0.00834931 
        8.70224        0.540816      0.00831018 
        8.71795        0.540117      0.00827131 
        8.73365        0.540032      0.00823269 
        8.74936        0.543852      0.00819432 
        8.76506         0.54111      0.00815621 
        8.78076        0.541326      0.00811834 
        8.79646        0.541296      0.00808071 
        8.81218        0.537281      0.00804328 
        8.82791         0.54073      0.00800605 
         8.8436        0.540237      0.00796914 
         8.8593        0.540208      0.00793247 
        8.87503        0.539773      0.00789594 
        8.89076        0.538365      0.00785966 
        8.90644        0.541821       0.0078237 
        8.92214        0.538316      0.00778794 
        8.93786        0.543129      0.00775235 
        8.95357        0.539225        0.007717 
        8.96928         0.54092      0.00768188 
        8.98498        0.541111        0.007647 
        9.00069        0.539808      0.00761231 
        9.01639        0.541064      0.00757784 
        9.03208        0.540603      0.00754363 
        9.04778         0.54235       0.0075096 
        9.06351        0.540112      0.00747573 
        9.07923        0.541905      0.00744208 
        9.09493        0.544593      0.00740868 
        9.11062        0.539592       0.0073755 
        9.12635        0.544311      0.00734246 
        9.14207        0.543311      0.00730963 
        9.15777        0.543822      0.00727704 
        9.17346        0.545403      0.00724467 
        9.18917        0.542678      0.00721245 
         9.2049        0.546593       0.0071804 
        9.22061        0.544059      0.00714858 
        9.23631        0.546613      0.00711697 
        9.25201        0.547947      0.00708555 
        9.26773        0.544698       0.0070543 
        9.28343        0.548968      0.00702325 
        9.29913        0.546803      0.00699239 
        9.31484        0.550655      0.00696172 
        9.33057        0.547846      0.00693117 
        9.34627        0.551145      0.00690086 
        9.36197        0.551857      0.00687075 
        9.37768        0.550055      0.00684079 
        9.39338        0.555007      0.00681102 
        9.40909        0.550256      0.00678144 
        9.42479        0.554984      0.00675203 
         9.4405        0.556168      0.00672279 
        9.45621        0.554403      0.00669371 
        9.47193        0.558476      0.00666481 
        9.48763        0.555858       0.0066361 
        9.50334        0.560277      0.00660754 
        9.51906        0.558441      0.00657916 
        9.53476         0.55856      0.00655096 
        9.55045        0.562633      0.00652293 
        9.56616        0.559128      0.00649504 
        9.58188        0.563495      0.00646729 
        9.59759        0.561772      0.00643971 
         9.6133        0.564062      0.00641229 
        9.62901        0.566085      0.00638502 
        9.64471         0.56237      0.00635791 
        9.66041        0.568667      0.00633095 
        9.67612        0.565889      0.00630412 
        9.69184        0.571068      0.00627744 
        9.70754        0.569512      0.00625094 
        9.72324        0.568786      0.00622461 
        9.73895        0.572188      0.00619843 
        9.75467        0.570762       0.0061724 
        9.77038        0.575846      0.00614655 
        9.78607         0.57348      0.00612091 
        9.80177        0.574375      0.00609542 
        9.81749        0.576816      0.00607008 
         9.8332        0.573809      0.00604494 
         9.8489        0.582469      0.00601997 
        9.86463        0.575855      0.00599512 
        9.88035        0.580893       0.0059704 
        9.89606            0.58      0.00594583 
        9.91175        0.579846      0.00592138 
        9.92745        0.585303      0.00589701 
        9.94317        0.580528      0.00587269 
        9.95888        0.585496      0.00584843 
        9.97458        0.584215      0.00582422 
        9.99029        0.584561      0.00580002 
         10.006        0.588091      0.00578508 
        10.0217        0.584881      0.00578508 
        10.0374        0.591309      0.00578508 
        10.0531        0.589329      0.00578508 
        10.0688        0.590433      0.00578508 
        10.0845        0.592273      0.00578508 
        10.1002         0.59025      0.00578508 
        10.1159        0.596763      0.00578508 
        10.1317        0.592725      0.00578508 
        10.1474        0.596298      0.00578508 
        10.1631        0.594364      0.00578508 
        10.1788        0.594613      0.00578508 
        10.1945        0.598001      0.00578508 
        10.2102        0.595626      0.00578508 
        10.2259        0.602565      0.00578508 
        10.2416        0.599372      0.00578508 
        10.2573        0.601151      0.00578508 
         10.273        0.602011      0.00578508 
        10.2887        0.600618      0.00578508 
        10.3044        0.604246      0.00578508 
        10.3201         0.60205      0.00578508 
        10.3359         0.60567      0.00578508 
        10.3516        0.606167      0.00578508 
        10.3673        0.605193      0.00578508 
         10.383        0.609709      0.00578508 
        10.3987        0.606211      0.00578508 
        10.4144        0.609786      0.00578508 
        10.4301        0.608806      0.00578508 
        10.4458         0.61111      0.00578508 
        10.4615        0.612144      0.00578508 
        10.4772        0.608613      0.00578508 
        10.4929        0.615716      0.00578508 
        10.5086        0.612329      0.00578508 
        10.5244        0.614314      0.00578508 
        10.5401        0.614779      0.00578508 
        10.5558        0.613081      0.00578508 
        10.5715        0.619293      0.00578508 
        10.5872        0.614482      0.00578508 
        10.6029        0.617201      0.00578508 
        10.6186        0.618998      0.00578508 
        10.6343        0.616948      0.00578508 
          10.65        0.621719      0.00578508 
        10.6657        0.618604      0.00578508 
        10.6814        0.622613      0.00578508 
        10.6971        0.620023      0.00578508 
        10.7129        0.622853      0.00578508 
        10.7286        0.622118      0.00578508 
        10.7443        0.621169      0.00578508 
          10.76        0.626228      0.00578508 
        10.7757        0.623815      0.00578508 
        10.7914        0.626338      0.00578508 
        10.8071        0.625642      0.00578508 
        10.8228        0.625676      0.00578508 
        10.8385        0.628982      0.00578508 
        10.8542        0.626101      0.00578508 
        10.8699        0.630166      0.00578508 
        10.8856        0.627799      0.00578508 
        10.9014        0.629009      0.00578508 
        10.9171        0.631811      0.00578508 
        10.9328         0.62726      0.00578508 
        10.9485        0.633178      0.00578508 
        10.9642        0.630282      0.00578508 
        10.9799        0.633953      0.00578508 
        10.9956        0.632456      0.00578508 
        11.0113        0.631747      0.00578508 
         11.027        0.636711      0.00578508 
        11.0427        0.632762      0.00578508 
        11.0584        0.636967      0.00578508 
        11.0741        0.635828      0.00578508 
        11.0898        0.634324      0.00578508 
        11.1055        0.638706      0.00578508 
        11.1212        0.634948      0.00578508 
         11.137        0.640451      0.00578508 
        11.1527        0.638084      0.00578508 
        11.1684        0.639555      0.00578508 
        11.1841        0.639571      0.00578508 
        11.1998        0.638658      0.00578508 
        11.2155        0.643213      0.00578508 
        11.2312        0.641097      0.00578508 
        11.2469         0.64291      0.00578508 
        11.2626        0.643257      0.00578508 
        11.2783        0.641542      0.00578508 
         11.294        0.645439      0.00578508 
        11.3097        0.642327      0.00578508 
        11.3254        0.647638      0.00578508 
        11.3412        0.644767      0.00578508 
        11.3569        0.646412      0.00578508 
        11.3726        0.648264      0.00578508 
        11.3883        0.644888      0.00578508 
         11.404        0.650523      0.00578508 
        11.4197        0.647953      0.00578508 
        11.4354        0.649393      0.00578508 
        11.4511        0.650703      0.00578508 
        11.4668        0.650196      0.00578508 
        11.4825        0.651586      0.00578508 
        11.4982        0.650478      0.00578508 
         11.514        0.653873      0.00578508 
        11.5297        0.653461      0.00578508 
        11.5454        0.653298      0.00578508 
        11.5611        0.657381      0.00578508 
        11.5768         0.65374      0.00578508 
        11.5925        0.658016      0.00578508 
        11.6082        0.656077      0.00578508 
        11.6239        0.658563      0.00578508 
        11.6396         0.65869      0.00578508 
        11.6553        0.657116      0.00578508 
         11.671        0.661261      0.00578508 
        11.6867        0.659358      0.00578508 
        11.7024        0.660779      0.00578508 
        11.7182        0.661993      0.00578508 
        11.7339        0.662588      0.00578508 
        11.7496        0.663418      0.00578508 
        11.7653        0.663566      0.00578508 
         11.781        0.665304      0.00578508 
        11.7967        0.666115      0.00578508 
        11.8124        0.666207      0.00578508 
        11.8281        0.667845      0.00578508 
        11.8438        0.666846      0.00578508 
        11.8595        0.670694      0.00578508 
        11.8752        0.668713      0.00578508 
         11.891        0.670739      0.00578508 
        11.9067        0.671784      0.00578508 
        11.9224        0.672566      0.00578508 
        11.9381         0.67502      0.00578508 
        11.9538        0.673007      0.00578508 
        11.9695        0.676945      0.00578508 
        11.9852        0.676278      0.00578508 
        12.0009        0.677104      0.00578508 
        12.0166        0.679252      0.00578508 
        12.0323        0.679542      0.00578508 
         12.048        0.680522      0.00578508 
        12.0637        0.678565      0.00578508 
