# k  (h/Mpc)    Pcb(k)  (Mpc/h)^3    Pcb_linear(k) (Mpc/h)^3   ShotnoiseSubtracted = true
      0.0200456         2618.38         2647.01 
      0.0350414         2105.23         2075.53 
      0.0492313         1640.41         1644.46 
      0.0637834         1313.86          1337.2 
      0.0800726         996.718         1010.13 
       0.096163         807.446         794.531 
       0.111083          687.25         672.569 
       0.126058         556.355         559.097 
       0.142273         456.105         454.958 
       0.158546         392.312         387.571 
        0.17375         346.282           337.2 
       0.188953         300.348         289.889 
       0.204907          252.25          250.94 
       0.220756         229.448         221.792 
        0.23588         204.155         196.999 
         0.2514         181.767         174.557 
       0.267535         167.634         155.675 
       0.283568         148.684         139.887 
       0.299022         137.613         126.322 
       0.314451         130.001         114.531 
       0.330372         115.034         104.137 
       0.346141         105.847         95.0647 
       0.361624         98.1214         87.1287 
       0.377134         89.7731           80.11 
       0.392932            86.9         73.7855 
       0.408854         79.8326         68.0829 
       0.424564         76.3537         63.0318 
       0.440253         69.6993         58.5108 
       0.455999         63.9777         54.4229 
       0.471626         60.7195         50.7463 
        0.48727         59.1219         47.4051 
       0.502856         55.0063         44.3772 
       0.518488         51.8895         41.6061 
       0.534347         48.9821         39.0355 
       0.550082         47.1556         36.6999 
       0.565732         45.4786         34.5672 
       0.581496         42.6279         32.5904 
       0.597222         40.4649         30.7725 
       0.612804         38.8099         29.1086 
       0.628434         38.0264         27.5637 
       0.644267         36.0144         26.1134 
       0.660051         34.2923         24.7718 
       0.675724         32.8373         23.5332 
       0.691403         32.2267         22.3792 
       0.707174         31.0408         21.2967 
       0.722871         29.9712         20.2906 
        0.73838         28.4631         19.3607 
       0.754018         27.0949         18.4823 
       0.769845         26.4731          17.649 
        0.78569         25.5918         16.8665 
       0.801365         24.7344         16.1391 
       0.817031         23.8584         15.4553 
       0.832809          23.233         14.8068 
       0.848511         22.5042         14.1985 
       0.864097         21.8248         13.6287 
       0.879701         21.4667         13.0897 
       0.895507         20.6555         12.5736 
       0.911279         19.8688         12.0865 
        0.92691         19.5074         11.6293 
       0.942635         19.0709         11.1933 
       0.958396         18.4359         10.7789 
       0.974128         17.9782         10.3863 
       0.989692         17.2508         10.0172 
        1.00528         17.1376         9.66561 
        1.02113         16.5699         9.32545 
        1.03692         16.2052         9.00302 
        1.05264         15.8709         8.69738 
        1.06832         15.5355         8.40648 
        1.08405         15.1107         8.12818 
        1.09979         14.7699         7.86236 
        1.11537         14.4006         7.61113 
        1.13105         14.1597         7.36942 
        1.14679         13.8373         7.13732 
        1.16256          13.559         6.91481 
        1.17828         13.2869         6.70256 
        1.19395         13.0618         6.49996 
         1.2097         12.6573         6.30474 
        1.22537         12.4645         6.11851 
          1.241         12.1771          5.9404 
        1.25666         12.0969         5.76895 
        1.27241         11.8348         5.60349 
        1.28819         11.3798         5.44427 
        1.30392         11.3694         5.29171 
        1.31957          11.097          5.1457 
        1.33529           10.95         5.00468 
        1.35108         10.7364         4.86841 
        1.36674         10.4896          4.7382 
         1.3824         10.3726         4.61289 
        1.39811         10.1839         4.49171 
        1.41389         9.96475         4.37443 
        1.42964          9.8519         4.26155 
        1.44531         9.66713         4.15321 
        1.46101         9.54435         4.04842 
        1.47667         9.36747         3.94758 
        1.49229          9.1568         3.85044 
        1.50793         9.06124         3.75648 
        1.52367         8.92055         3.66505 
        1.53953         8.75211         3.57606 
        1.55526         8.66845         3.49075 
        1.57092         8.53692         3.40858 
        1.58662         8.39615         3.32887 
        1.60235         8.28224         3.25155 
        1.61809          8.1839         3.17666 
        1.63369         8.01678          3.1048 
        1.64941         7.91128         3.03466 
        1.66519         7.79933         2.96643 
        1.68085         7.67824          2.9008 
        1.69652         7.61708         2.83713 
        1.71228         7.53167         2.77502 
        1.72806         7.36944         2.71472 
        1.74368         7.31892         2.65682 
        1.75933         7.21739          2.6005 
        1.77505          7.0751         2.54556 
        1.79081         7.03431          2.4921 
         1.8065         6.96998         2.44041 
        1.82218         6.85247         2.39024 
        1.83797         6.73862         2.34114 
        1.85367          6.6554         2.29369 
        1.86928         6.61151         2.24784 
        1.88497         6.49653           2.203 
        1.90073         6.42378         2.15922 
        1.91647         6.31521         2.11667 
        1.93218         6.26693         2.07536 
        1.94787         6.17869         2.03521 
        1.96363         6.11614         1.99597 
        1.97935         6.07884         1.95784 
        1.99499         5.99092         1.92093 
        2.01064         5.92268         1.88492 
         2.0264         5.85095          1.8496 
        2.04216         5.80513         1.81521 
        2.05781         5.72572         1.78192 
        2.07353         5.67216         1.74934 
        2.08928         5.55872          1.7175 
        2.10499         5.52669         1.68655 
        2.12065         5.53501         1.65645 
        2.13633         5.43959         1.62706 
        2.15211         5.35622         1.59819 
        2.16785         5.29399         1.57011 
        2.18349         5.27288         1.54288 
        2.19916         5.20913         1.51623 
        2.21489         5.14616         1.49013 
        2.23063         5.09577         1.46463 
         2.2463         5.03789         1.43984 
        2.26194         4.98215         1.41569 
        2.27765         4.91683         1.39196 
        2.29341         4.86224         1.36872 
        2.30914         4.83392         1.34606 
        2.32486         4.78371         1.32392 
        2.34061         4.74271         1.30225 
        2.35635         4.69781         1.28108 
        2.37203         4.66898         1.26046 
        2.38768         4.63026         1.24033 
        2.40339         4.56346         1.22057 
        2.41914         4.52116         1.20119 
        2.43483         4.46913         1.18231 
         2.4505         4.44069         1.16386 
        2.46622          4.3947         1.14574 
        2.48195         4.37481         1.12801 
        2.49759         4.30914         1.11075 
        2.51328         4.27703          1.0938 
        2.52906         4.23512         1.07711 
        2.54479         4.19978         1.06082 
        2.56049         4.16505          1.0449 
        2.57618         4.12953         1.02932 
        2.59189         4.13059         1.01404 
        2.60758          4.0712        0.999088 
        2.62325         4.00956        0.984459 
        2.63898         3.99181        0.970072 
        2.65468         3.94934        0.956002 
        2.67044         3.93771        0.942152 
        2.68618         3.90332        0.928608 
        2.70184         3.86525        0.915385 
        2.71755         3.81896        0.902387 
        2.73329          3.7965        0.889621 
        2.74897         3.76037        0.877144 
        2.76462         3.72589        0.864933 
        2.78034         3.70967        0.852905 
        2.79607         3.66649        0.841094 
        2.81179         3.63433        0.829519 
        2.82749         3.60124        0.818176 
        2.84321         3.58465        0.807032 
        2.85893         3.54588        0.796099 
        2.87462         3.52728        0.785387 
        2.89033         3.50859        0.774863 
        2.90605         3.47487        0.764522 
        2.92176         3.43763        0.754376 
        2.93747         3.41254        0.744419 
        2.95318         3.38558         0.73464 
        2.96891          3.3703        0.725031 
        2.98456         3.34546        0.715638 
        3.00023         3.32349        0.706397 
        3.01596         3.28712        0.697291 
        3.03164          3.2574        0.688371 
        3.04738         3.24548        0.679581 
         3.0631         3.22083        0.670948 
        3.07883         3.19614        0.662464 
        3.09456         3.15989        0.654129 
        3.11026         3.14559         0.64595 
        3.12596         3.12732        0.637911 
        3.14163         3.10277        0.630028 
        3.15734         3.07804         0.62226 
        3.17308         3.05976        0.614604 
        3.18879         3.03891        0.607098 
        3.20447         3.00832        0.599728 
         3.2202         3.00034        0.592458 
         3.2359         2.97825        0.585321 
        3.25157          2.9516        0.578318 
        3.26729         2.92724        0.571409 
        3.28304         2.90889          0.5646 
        3.29877         2.88708         0.55791 
        3.31446         2.87119        0.551343 
        3.33014         2.84877        0.544888 
        3.34585         2.83578        0.538527 
        3.36158         2.80811        0.532257 
        3.37727         2.80163        0.526107 
        3.39294         2.77276        0.520059 
        3.40867         2.76324        0.514085 
        3.42439         2.73504        0.508208 
        3.44008         2.71699        0.502435 
        3.45578         2.70168        0.496747 
        3.47153         2.68699        0.491134 
        3.48724         2.67062        0.485618 
        3.50292         2.64771        0.480199 
        3.51859         2.63732        0.474866 
        3.53431         2.60949        0.469597 
        3.55007         2.61082        0.464395 
        3.56577         2.58165        0.459293 
        3.58146         2.56905        0.454269 
        3.59719         2.55541        0.449309 
        3.61292         2.53526        0.444425 
        3.62859         2.52323        0.439632 
        3.64429         2.50189          0.4349 
        3.66003           2.488        0.430223 
        3.67578         2.47532        0.425617 
        3.69146         2.44998        0.421096 
        3.70712         2.43668        0.416648 
        3.72284         2.42395        0.412248 
        3.73853         2.41614         0.40792 
        3.75422         2.39479        0.403652 
        3.76993         2.37772        0.399441 
        3.78564         2.36422        0.395292 
        3.80137          2.3471        0.391196 
        3.81707         2.33489        0.387166 
        3.83279         2.32611        0.383189 
        3.84853         2.30662        0.379262 
        3.86424         2.28879        0.375397 
        3.87992         2.27543        0.371592 
        3.89561         2.26118         0.36784 
        3.91134         2.25407        0.364132 
        3.92704         2.23415        0.360479 
        3.94273         2.21891         0.35688 
        3.95845         2.20631        0.353324 
        3.97418         2.19793        0.349815 
        3.98988         2.18629        0.346358 
        4.00554         2.17156        0.342958 
        4.02125         2.15219        0.339594 
        4.03698         2.14455        0.336269 
        4.05268         2.12526        0.332997 
        4.06839         2.11472        0.329765 
         4.0841         2.09969        0.326578 
        4.09983         2.08426        0.323428 
        4.11555         2.07334        0.320321 
        4.13124         2.05759        0.317263 
        4.14693          2.0465        0.314243 
        4.16266         2.03629        0.311255 
        4.17839         2.02332        0.308307 
        4.19408         2.00758        0.305405 
        4.20977         1.99526        0.302538 
        4.22551         1.98885        0.299702 
        4.24123         1.97233        0.296904 
        4.25691         1.96169         0.29415 
        4.27259         1.94459         0.29143 
        4.28831         1.94212        0.288739 
        4.30404         1.92478         0.28608 
        4.31974         1.91193         0.28346 
        4.33543         1.89841        0.280873 
        4.35116         1.89487        0.278313 
        4.36688         1.87973        0.275786 
        4.38255         1.87054          0.2733 
        4.39825         1.85917        0.270839 
        4.41398         1.84809        0.268403 
         4.4297         1.83609           0.266 
        4.44541         1.82238        0.263627 
        4.46111         1.81887        0.261284 
        4.47683         1.80777        0.258968 
        4.49251         1.79468        0.256685 
        4.50819         1.78622        0.254431 
         4.5239         1.77483        0.252199 
        4.53962         1.76581        0.249992 
        4.55535         1.75622        0.247811 
        4.57106         1.74791        0.245658 
        4.58678         1.73688         0.24353 
         4.6025         1.72678        0.241428 
        4.61821         1.72272         0.23935 
        4.63391         1.70927          0.2373 
         4.6496         1.70134        0.235274 
        4.66532         1.69381        0.233269 
        4.68103         1.68002        0.231288 
        4.69673         1.67604        0.229332 
        4.71241         1.66877          0.2274 
        4.72811         1.66172        0.225488 
        4.74384         1.65016        0.223595 
        4.75955         1.64651        0.221727 
        4.77525         1.63328        0.219881 
        4.79096         1.62212        0.218054 
        4.80669         1.61984        0.216246 
         4.8224         1.61329        0.214462 
        4.83809          1.6054        0.212699 
        4.85379          1.5973        0.210955 
         4.8695         1.58497        0.209229 
        4.88521         1.58153        0.207523 
        4.90093         1.57581        0.205836 
        4.91663         1.56362        0.204169 
        4.93234         1.56235        0.202519 
        4.94807         1.54888        0.200886 
        4.96377         1.54549        0.199274 
        4.97943         1.53777        0.197683 
        4.99514         1.53025        0.196106 
        5.01086         1.52104        0.194544 
        5.02654         1.51588        0.193003 
        5.04227         1.51052        0.191475 
          5.058         1.50479        0.189962 
        5.07371         1.49967        0.188469 
        5.08942         1.49153        0.186991 
        5.10513         1.48363        0.185529 
        5.12084         1.47502        0.184082 
        5.13656         1.47134        0.182651 
        5.15225         1.46386        0.181238 
        5.16796         1.45843        0.179837 
        5.18369         1.45411        0.178449 
         5.1994         1.44852        0.177079 
        5.21509         1.43899        0.175724 
        5.23079         1.43584        0.174382 
        5.24649         1.42862        0.173055 
        5.26217         1.42475        0.171743 
        5.27788         1.41564        0.170443 
        5.29359         1.40867        0.169155 
        5.30933         1.40555        0.167879 
        5.32504         1.39852        0.166619 
        5.34073         1.39272        0.165373 
        5.35646         1.38667        0.164137 
        5.37218         1.38154        0.162913 
        5.38789         1.37683        0.161704 
        5.40357         1.37129        0.160508 
        5.41929         1.36965        0.159322 
        5.43502         1.35915        0.158148 
         5.4507         1.35553        0.156988 
        5.46639         1.35172         0.15584 
        5.48212         1.34548        0.154701 
        5.49786         1.33938        0.153571 
        5.51353         1.33565        0.152459 
        5.52921          1.3288        0.151356 
        5.54495         1.32616        0.150262 
        5.56066         1.32131        0.149179 
        5.57637         1.31605        0.148107 
        5.59207         1.30994        0.147046 
        5.60778         1.30636        0.145995 
        5.62346         1.29953        0.144956 
        5.63916         1.29857        0.143927 
        5.65487         1.28935        0.142906 
         5.6706         1.28818        0.141895 
        5.68633         1.27966        0.140892 
        5.70203         1.28143        0.139902 
        5.71773         1.27239        0.138921 
        5.73344         1.26965        0.137949 
        5.74916         1.26582        0.136986 
        5.76486         1.25823        0.136033 
        5.78054         1.25656         0.13509 
        5.79626         1.25221        0.134154 
          5.812         1.24738        0.133226 
         5.8277         1.24195        0.132309 
        5.84339         1.24104        0.131401 
        5.85911         1.23411          0.1305 
        5.87484         1.23031        0.129607 
        5.89053         1.22441        0.128724 
        5.90623         1.22221        0.127849 
        5.92195          1.2193        0.126981 
        5.93767         1.21364        0.126122 
        5.95336         1.20688        0.125271 
        5.96905         1.20391        0.124429 
        5.98476         1.20089        0.123594 
        6.00048         1.19773        0.122765 
        6.01617         1.19205        0.121946 
        6.03185         1.18892        0.121135 
        6.04756          1.1861        0.120329 
        6.06331         1.18284        0.119529 
        6.07903         1.18011        0.118738 
        6.09473         1.17427        0.117955 
        6.11044         1.17014        0.117178 
        6.12616         1.16537        0.116409 
        6.14186         1.16278        0.115646 
        6.15755         1.15833        0.114891 
        6.17326         1.15612        0.114142 
        6.18898         1.15142          0.1134 
        6.20467         1.14821        0.112665 
        6.22036         1.14455        0.111937 
         6.2361         1.14182        0.111213 
         6.2518         1.14052        0.110497 
        6.26748         1.13531        0.109789 
        6.28319         1.13217        0.109085 
        6.29893         1.12725        0.108386 
        6.31463         1.12441        0.107695 
        6.33033         1.12059         0.10701 
        6.34604         1.11708        0.106331 
        6.36177         1.11455        0.105656 
        6.37747         1.11161        0.104989 
        6.39316          1.1078        0.104328 
        6.40888         1.10359        0.103672 
         6.4246         1.10301        0.103021 
        6.44031         1.09829        0.102376 
        6.45601         1.09449        0.101737 
        6.47172         1.09061        0.101103 
        6.48744          1.0875        0.100474 
        6.50313         1.08518        0.099852 
        6.51882         1.08092       0.0992351 
        6.53452         1.07828       0.0986227 
        6.55025         1.07651       0.0980145 
        6.56597         1.07486       0.0974122 
        6.58166         1.06951       0.0968157 
        6.59736         1.06881       0.0962239 
        6.61307         1.06469       0.0956365 
         6.6288         1.06005       0.0950536 
         6.6445         1.05789       0.0944764 
         6.6602         1.05536       0.0939041 
        6.67592         1.05437       0.0933359 
        6.69164         1.05021       0.0927725 
        6.70735         1.04736       0.0922139 
        6.72304          1.0446       0.0916606 
        6.73874         1.04257       0.0911116 
        6.75446         1.03705       0.0905665 
        6.77016         1.03447       0.0900266 
        6.78585         1.03178        0.089491 
        6.80156         1.03144       0.0889597 
        6.81729         1.02692       0.0884317 
        6.83301          1.0251       0.0879082 
         6.8487         1.02144         0.08739 
         6.8644         1.01893       0.0868758 
        6.88012         1.01618       0.0863651 
        6.89583         1.01301        0.085859 
        6.91151         1.01101       0.0853576 
        6.92723         1.00762        0.084859 
        6.94296         1.00556       0.0843642 
        6.95866         1.00467       0.0838742 
        6.97436         1.00176       0.0833881 
        6.99007        0.998109       0.0829056 
        7.00578        0.994466        0.082427 
        7.02147        0.993339       0.0819527 
        7.03718        0.989776       0.0814816 
         7.0529        0.989221       0.0810138 
        7.06863        0.987307       0.0805494 
        7.08433        0.983655       0.0800894 
        7.10004        0.982095        0.079633 
        7.11575        0.978471       0.0791801 
        7.13145        0.976512       0.0787308 
        7.14715        0.973718       0.0782851 
        7.16284        0.971148       0.0778434 
        7.17855         0.96908       0.0774041 
        7.19428        0.968128       0.0769678 
        7.20998        0.964779       0.0765357 
        7.22568        0.962222        0.076107 
        7.24139        0.959812       0.0756813 
        7.25711        0.957896       0.0752588 
        7.27282         0.95561       0.0748394 
        7.28852        0.952316       0.0744238 
        7.30423        0.951037       0.0740108 
        7.31995        0.950349       0.0736011 
        7.33565         0.94795       0.0731946 
        7.35135        0.945869       0.0727912 
        7.36706        0.944978        0.072391 
        7.38277        0.942366       0.0719934 
        7.39847        0.939912        0.071599 
        7.41419        0.937515       0.0712074 
         7.4299        0.935225       0.0708188 
        7.44561        0.932672       0.0704331 
        7.46132        0.929183       0.0700503 
        7.47701        0.929667       0.0696708 
        7.49272        0.927263       0.0692937 
        7.50842         0.92553       0.0689195 
         7.5241        0.923671       0.0685486 
        7.53981        0.920506       0.0681799 
        7.55552        0.917763       0.0678137 
        7.57125        0.917158       0.0674499 
        7.58698        0.913704       0.0670886 
        7.60268        0.912525       0.0667308 
         7.6184         0.91234       0.0663751 
        7.63411        0.909254       0.0660222 
        7.64981        0.906746        0.065672 
        7.66552        0.905966       0.0653244 
        7.68123        0.904153       0.0649791 
        7.69695        0.901979       0.0646361 
        7.71264        0.899197       0.0642962 
        7.72834           0.899       0.0639586 
        7.74407        0.897081       0.0636229 
        7.75978        0.894999       0.0632897 
        7.77546        0.893495       0.0629597 
        7.79116        0.891739       0.0626317 
         7.8069        0.889775       0.0623053 
         7.8226        0.887825       0.0619818 
        7.83828        0.887261       0.0616611 
        7.85399        0.883358       0.0613423 
        7.86972        0.882102        0.061025 
        7.88543        0.881056       0.0607106 
        7.90111        0.878574       0.0603989 
        7.91681        0.879349        0.060089 
        7.93255        0.876881       0.0597806 
        7.94828        0.873886       0.0594745 
        7.96397        0.872504       0.0591711 
        7.97967        0.871924       0.0588699 
        7.99538         0.87147       0.0585705 
         8.0111        0.867188       0.0582731 
         8.0268        0.865164        0.057978 
        8.04248        0.867254       0.0576854 
         8.0582        0.862337       0.0573941 
        8.07393        0.861626       0.0571046 
        8.08963        0.860653       0.0568176 
        8.10533        0.859741       0.0565327 
        8.12104        0.858095       0.0562495 
        8.13675        0.857098       0.0559682 
        8.15245        0.854818        0.055689 
        8.16815        0.853143       0.0554118 
        8.18387        0.852636       0.0551361 
        8.19959        0.851985       0.0548622 
         8.2153        0.849337       0.0545904 
        8.23101        0.848074       0.0543205 
        8.24672        0.846648       0.0540524 
        8.26241        0.845822       0.0537864 
         8.2781        0.843092       0.0535223 
        8.29381        0.842624       0.0532595 
        8.30952        0.842567       0.0529986 
        8.32524        0.841098       0.0527391 
        8.34095        0.840124       0.0524816 
        8.35666        0.838006       0.0522259 
        8.37237        0.837408       0.0519718 
        8.38808         0.83685       0.0517194 
        8.40379        0.835169       0.0514688 
         8.4195        0.835031       0.0512199 
         8.4352        0.832116       0.0509726 
        8.45091        0.830885       0.0507269 
        8.46662        0.829532       0.0504828 
        8.48232        0.828947       0.0502404 
        8.49802        0.827739       0.0499997 
        8.51374        0.825358       0.0497602 
        8.52945        0.824982       0.0495224 
        8.54515        0.824559       0.0492864 
        8.56086        0.824415       0.0490517 
        8.57658        0.821043       0.0488185 
        8.59228        0.820884        0.048587 
        8.60799        0.819737       0.0483568 
        8.62371         0.81859       0.0481282 
        8.63942        0.818222        0.047901 
        8.65512        0.815929       0.0476755 
        8.67082        0.814835       0.0474514 
        8.68653        0.813661       0.0472286 
        8.70224        0.813488       0.0470072 
        8.71795        0.812111       0.0467874 
        8.73365         0.81008        0.046569 
        8.74936        0.810068       0.0463519 
        8.76506        0.810615       0.0461363 
        8.78076        0.807426       0.0459221 
        8.79646        0.806393       0.0457092 
        8.81218        0.806715       0.0454975 
        8.82791         0.80505       0.0452869 
         8.8436        0.804632       0.0450782 
         8.8593        0.803338       0.0448707 
        8.87503         0.80219       0.0446641 
        8.89076        0.800569       0.0444589 
        8.90644        0.799659       0.0442555 
        8.92214        0.799492       0.0440532 
        8.93786        0.799121       0.0438519 
        8.95357        0.797817       0.0436519 
        8.96928        0.796708       0.0434533 
        8.98498        0.795921       0.0432559 
        9.00069        0.795608       0.0430597 
        9.01639        0.794647       0.0428647 
        9.03208        0.793939       0.0426712 
        9.04778        0.792574       0.0424787 
        9.06351        0.791224       0.0422871 
        9.07923        0.791465       0.0420968 
        9.09493         0.79057       0.0419078 
        9.11062        0.788411       0.0417202 
        9.12635        0.788136       0.0415333 
        9.14207        0.787835       0.0413476 
        9.15777        0.787792       0.0411632 
        9.17346        0.786356       0.0409801 
        9.18917         0.78575       0.0407979 
         9.2049        0.785588       0.0406166 
        9.22061        0.784521       0.0404366 
        9.23631        0.783191       0.0402578 
        9.25201        0.783256       0.0400801 
        9.26773        0.781687       0.0399033 
        9.28343        0.781427       0.0397276 
        9.29913         0.78065       0.0395531 
        9.31484        0.778837       0.0393796 
        9.33057         0.77885       0.0392068 
        9.34627        0.779573       0.0390353 
        9.36197        0.778025        0.038865 
        9.37768        0.776762       0.0386955 
        9.39338        0.775945       0.0385272 
        9.40909        0.775588       0.0383598 
        9.42479        0.774273       0.0381934 
         9.4405        0.773687        0.038028 
        9.45621        0.773568       0.0378636 
        9.47193        0.773484       0.0377001 
        9.48763        0.772287       0.0375377 
        9.50334         0.77078       0.0373762 
        9.51906        0.771083       0.0372156 
        9.53476        0.770464       0.0370561 
        9.55045         0.76896       0.0368975 
        9.56616        0.769593       0.0367398 
        9.58188        0.767968       0.0365828 
        9.59759        0.768658       0.0364268 
         9.6133        0.767908       0.0362717 
        9.62901        0.767558       0.0361174 
        9.64471         0.76629       0.0359641 
        9.66041        0.766903       0.0358116 
        9.67612        0.766271       0.0356598 
        9.69184        0.764407       0.0355089 
        9.70754        0.764386        0.035359 
        9.72324        0.764594       0.0352101 
        9.73895        0.762902        0.035062 
        9.75467        0.762867       0.0349147 
        9.77038        0.763513       0.0347685 
        9.78607        0.762186       0.0346235 
        9.80177        0.762252       0.0344793 
        9.81749        0.761182        0.034336 
         9.8332        0.760349       0.0341937 
         9.8489        0.759998       0.0340525 
        9.86463        0.758795       0.0339119 
        9.88035        0.760179       0.0337721 
        9.89606        0.758282       0.0336331 
        9.91175        0.758291       0.0334948 
        9.92745        0.757986        0.033357 
        9.94317        0.757434       0.0332194 
        9.95888         0.75799       0.0330822 
        9.97458        0.757354       0.0329452 
        9.99029        0.756996       0.0328083 
         10.006        0.755942       0.0327238 
        10.0217         0.75618       0.0327238 
        10.0374         0.75601       0.0327238 
        10.0531        0.755848       0.0327238 
        10.0688         0.75592       0.0327238 
        10.0845        0.754581       0.0327238 
        10.1002        0.754493       0.0327238 
        10.1159        0.753867       0.0327238 
        10.1317        0.754663       0.0327238 
        10.1474        0.754019       0.0327238 
        10.1631         0.75401       0.0327238 
        10.1788        0.753602       0.0327238 
        10.1945        0.753089       0.0327238 
        10.2102        0.752593       0.0327238 
        10.2259        0.753194       0.0327238 
        10.2416        0.752137       0.0327238 
        10.2573         0.75201       0.0327238 
         10.273        0.752149       0.0327238 
        10.2887        0.751296       0.0327238 
        10.3044        0.751273       0.0327238 
        10.3201        0.751732       0.0327238 
        10.3359        0.751323       0.0327238 
        10.3516        0.750073       0.0327238 
        10.3673        0.751477       0.0327238 
         10.383        0.750095       0.0327238 
        10.3987        0.749899       0.0327238 
        10.4144        0.750098       0.0327238 
        10.4301        0.749971       0.0327238 
        10.4458        0.749591       0.0327238 
        10.4615        0.749842       0.0327238 
        10.4772        0.749987       0.0327238 
        10.4929        0.749137       0.0327238 
        10.5086        0.750281       0.0327238 
        10.5244        0.748758       0.0327238 
        10.5401        0.750169       0.0327238 
        10.5558        0.749907       0.0327238 
        10.5715        0.749392       0.0327238 
        10.5872        0.748794       0.0327238 
        10.6029        0.749514       0.0327238 
        10.6186        0.749516       0.0327238 
        10.6343        0.749227       0.0327238 
          10.65        0.749165       0.0327238 
        10.6657        0.749609       0.0327238 
        10.6814        0.749936       0.0327238 
        10.6971        0.748606       0.0327238 
        10.7129        0.749793       0.0327238 
        10.7286        0.749921       0.0327238 
        10.7443        0.749472       0.0327238 
          10.76        0.749599       0.0327238 
        10.7757        0.749271       0.0327238 
        10.7914        0.750634       0.0327238 
        10.8071        0.749939       0.0327238 
        10.8228        0.750514       0.0327238 
        10.8385         0.75017       0.0327238 
        10.8542        0.751433       0.0327238 
        10.8699        0.750903       0.0327238 
        10.8856        0.750828       0.0327238 
        10.9014        0.750938       0.0327238 
        10.9171        0.751784       0.0327238 
        10.9328        0.751037       0.0327238 
        10.9485        0.752885       0.0327238 
        10.9642        0.751427       0.0327238 
        10.9799        0.752564       0.0327238 
        10.9956        0.752687       0.0327238 
        11.0113         0.75301       0.0327238 
         11.027        0.753552       0.0327238 
        11.0427        0.753634       0.0327238 
        11.0584        0.754401       0.0327238 
        11.0741         0.75467       0.0327238 
        11.0898        0.754015       0.0327238 
        11.1055        0.755054       0.0327238 
        11.1212        0.755369       0.0327238 
         11.137        0.755381       0.0327238 
        11.1527        0.755604       0.0327238 
        11.1684        0.755995       0.0327238 
        11.1841        0.756802       0.0327238 
        11.1998        0.757157       0.0327238 
        11.2155        0.757845       0.0327238 
        11.2312        0.757838       0.0327238 
        11.2469        0.758766       0.0327238 
        11.2626        0.758151       0.0327238 
        11.2783        0.760133       0.0327238 
         11.294        0.760545       0.0327238 
        11.3097        0.760781       0.0327238 
        11.3254         0.76107       0.0327238 
        11.3412        0.761575       0.0327238 
        11.3569        0.762202       0.0327238 
        11.3726        0.762894       0.0327238 
        11.3883         0.76384       0.0327238 
         11.404        0.764077       0.0327238 
        11.4197        0.764964       0.0327238 
        11.4354        0.766007       0.0327238 
        11.4511        0.766262       0.0327238 
        11.4668        0.766921       0.0327238 
        11.4825        0.767595       0.0327238 
        11.4982        0.768134       0.0327238 
         11.514        0.769131       0.0327238 
        11.5297         0.76973       0.0327238 
        11.5454        0.770937       0.0327238 
        11.5611        0.771067       0.0327238 
        11.5768         0.77166       0.0327238 
        11.5925        0.773054       0.0327238 
        11.6082        0.772494       0.0327238 
        11.6239        0.774734       0.0327238 
        11.6396        0.775016       0.0327238 
        11.6553        0.775763       0.0327238 
         11.671        0.777302       0.0327238 
        11.6867        0.778543       0.0327238 
        11.7024        0.778724       0.0327238 
        11.7182        0.779626       0.0327238 
        11.7339        0.781075       0.0327238 
        11.7496        0.781907       0.0327238 
        11.7653        0.783411       0.0327238 
         11.781         0.78424       0.0327238 
        11.7967        0.783812       0.0327238 
        11.8124        0.786544       0.0327238 
        11.8281        0.786816       0.0327238 
        11.8438        0.788416       0.0327238 
        11.8595        0.789429       0.0327238 
        11.8752        0.790785       0.0327238 
         11.891        0.791027       0.0327238 
        11.9067        0.793204       0.0327238 
        11.9224        0.794275       0.0327238 
        11.9381        0.795526       0.0327238 
        11.9538        0.796453       0.0327238 
        11.9695        0.798273       0.0327238 
        11.9852        0.799407       0.0327238 
        12.0009        0.800787       0.0327238 
        12.0166        0.802657       0.0327238 
        12.0323         0.80332       0.0327238 
         12.048        0.804483       0.0327238 
        12.0637        0.806446       0.0327238 
