# k  (h/Mpc)    Pcb(k)  (Mpc/h)^3    Pcb_linear(k) (Mpc/h)^3   ShotnoiseSubtracted = true
      0.0200456         14758.6         14964.9 
      0.0350414         12020.6           11734 
      0.0492313         9100.55         9296.95 
      0.0637834         7202.46          7559.9 
      0.0800726         5446.22         5710.78 
       0.096163         4583.24         4491.89 
       0.111083         3915.89         3802.38 
       0.126058         3114.24         3160.86 
       0.142273         2642.09         2572.11 
       0.158546         2265.17         2191.14 
        0.17375         2034.22         1906.36 
       0.188953         1864.69         1638.89 
       0.204907         1592.87         1418.69 
       0.220756         1448.29          1253.9 
        0.23588         1301.59         1113.74 
         0.2514         1168.37         986.858 
       0.267535         1129.15          880.11 
       0.283568         999.502         790.855 
       0.299022         957.696         714.164 
       0.314451         983.577         647.503 
       0.330372         854.061         588.738 
       0.346141         789.985         537.449 
       0.361624         758.235         492.583 
       0.377134         719.665         452.903 
       0.392932         695.242         417.147 
       0.408854         661.627         384.907 
       0.424564         644.527         356.351 
       0.440253          590.74         330.791 
       0.455999         566.215          307.68 
       0.471626         574.315         286.895 
        0.48727         543.597         268.005 
       0.502856         507.541         250.887 
       0.518488         504.513         235.221 
       0.534347         473.036         220.688 
       0.550082          455.95         207.483 
       0.565732         452.297         195.426 
       0.581496         439.207          184.25 
       0.597222         426.945         173.973 
       0.612804          418.28         164.566 
       0.628434         400.288         155.832 
       0.644267         385.418         147.632 
       0.660051         379.673         140.048 
       0.675724         374.389         133.045 
       0.691403         364.265         126.521 
       0.707174         350.922         120.401 
       0.722871         344.625         114.713 
        0.73838         341.783         109.456 
       0.754018         328.009          104.49 
       0.769845         325.564          99.779 
        0.78569         318.661         95.3548 
       0.801365         310.516         91.2428 
       0.817031         304.539         87.3766 
       0.832809         300.668         83.7104 
       0.848511          292.49         80.2716 
       0.864097         285.723           77.05 
       0.879701         283.653         74.0028 
       0.895507         275.425         71.0849 
       0.911279         268.389          68.331 
        0.92691         266.179         65.7463 
       0.942635         264.487         63.2816 
       0.958396         256.817         60.9386 
       0.974128         252.405          58.719 
       0.989692         243.685         56.6324 
        1.00528         243.063         54.6446 
        1.02113         239.141         52.7216 
        1.03692         233.493         50.8986 
        1.05264         229.903         49.1707 
        1.06832         229.124         47.5261 
        1.08405          222.82         45.9527 
        1.09979         221.477           44.45 
        1.11537         215.886         43.0296 
        1.13105         212.681         41.6631 
        1.14679          210.22         40.3509 
        1.16256         207.643          39.093 
        1.17828         204.657          37.893 
        1.19395          199.15         36.7476 
         1.2097         198.634         35.6439 
        1.22537         196.801         34.5911 
          1.241         192.465         33.5841 
        1.25666         189.338         32.6148 
        1.27241          185.48         31.6794 
        1.28819         183.655         30.7792 
        1.30392         180.416         29.9168 
        1.31957         176.466         29.0913 
        1.33529         174.679          28.294 
        1.35108          172.02         27.5236 
        1.36674         169.721         26.7875 
         1.3824         167.872          26.079 
        1.39811          164.37         25.3939 
        1.41389         162.259         24.7309 
        1.42964         159.703         24.0927 
        1.44531          157.74         23.4802 
        1.46101         154.693         22.8878 
        1.47667         153.697         22.3177 
        1.49229         151.218         21.7685 
        1.50793         148.778         21.2373 
        1.52367         147.138         20.7204 
        1.53953         143.945         20.2173 
        1.55526         143.691          19.735 
        1.57092         141.384         19.2704 
        1.58662         138.252         18.8198 
        1.60235         136.661         18.3827 
        1.61809         134.572         17.9593 
        1.63369         133.156          17.553 
        1.64941         132.098         17.1565 
        1.66519         129.539         16.7708 
        1.68085         127.578         16.3997 
        1.69652         126.361         16.0397 
        1.71228         125.118         15.6886 
        1.72806         123.012         15.3477 
        1.74368         121.319         15.0204 
        1.75933         120.154          14.702 
        1.77505         117.815         14.3913 
        1.79081         116.645         14.0891 
         1.8065         114.451         13.7969 
        1.82218         113.039         13.5133 
        1.83797         112.688         13.2357 
        1.85367         110.434         12.9674 
        1.86928         109.792         12.7082 
        1.88497         108.045         12.4547 
        1.90073         107.041         12.2072 
        1.91647         105.032         11.9666 
        1.93218         103.839          11.733 
        1.94787         102.487         11.5061 
        1.96363         101.557         11.2842 
        1.97935          100.19         11.0687 
        1.99499         99.1909           10.86 
        2.01064         97.2121         10.6564 
         2.0264         96.2319         10.4568 
        2.04216         94.5619         10.2623 
        2.05781         93.8327         10.0741 
        2.07353         92.5071         9.88989 
        2.08928         91.1902         9.70992 
        2.10499         90.0218          9.5349 
        2.12065         89.6405         9.36474 
        2.13633         88.4012         9.19858 
        2.15211         87.0986         9.03539 
        2.16785         85.7574         8.87662 
        2.18349         84.5351         8.72267 
        2.19916         83.9081         8.57204 
        2.21489         82.5177         8.42449 
        2.23063         81.6301          8.2803 
         2.2463         81.0685         8.14015 
        2.26194         79.8138         8.00359 
        2.27765         78.9472         7.86947 
        2.29341         78.1317         7.73808 
        2.30914         77.0847         7.60996 
        2.32486         75.5742         7.48482 
        2.34061         75.0427         7.36228 
        2.35635         74.0858         7.24261 
        2.37203         73.0798         7.12601 
        2.38768         72.2088         7.01222 
        2.40339         71.3534          6.9005 
        2.41914         70.4948         6.79096 
        2.43483         69.7084         6.68419 
         2.4505          68.671          6.5799 
        2.46622         68.1733         6.47747 
        2.48195         67.3228         6.37723 
        2.49759         66.4123         6.27963 
        2.51328           65.64         6.18383 
        2.52906         64.7046         6.08943 
        2.54479         63.9682         5.99735 
        2.56049          63.272         5.90735 
        2.57618         62.3843         5.81928 
        2.59189         61.9933         5.73287 
        2.60758         61.0942         5.64836 
        2.62325         60.4046         5.56565 
        2.63898         59.6787         5.48431 
        2.65468          59.102         5.40477 
        2.67044         58.5546         5.32647 
        2.68618         57.8202          5.2499 
        2.70184         56.9839         5.17514 
        2.71755          56.366         5.10165 
        2.73329         55.8885         5.02948 
        2.74897         55.4797         4.95894 
        2.76462         54.8497         4.88991 
        2.78034         54.1383         4.82191 
        2.79607         53.2499         4.75513 
        2.81179          52.695          4.6897 
        2.82749         52.3083         4.62557 
        2.84321         51.8253         4.56256 
        2.85893         51.1937         4.50075 
        2.87462         50.5024         4.44019 
        2.89033         49.9037         4.38069 
        2.90605         49.3419         4.32223 
        2.92176         48.8028         4.26487 
        2.93747         48.1244         4.20858 
        2.95318          47.888         4.15329 
        2.96891         47.2497         4.09897 
        2.98456         46.7669         4.04587 
        3.00023         46.1443         3.99362 
        3.01596         45.7653         3.94214 
        3.03164         45.2954         3.89171 
        3.04738         44.7738         3.84202 
         3.0631         44.2253         3.79321 
        3.07883         43.7924         3.74525 
        3.09456         43.2579         3.69812 
        3.11026         42.7927         3.65188 
        3.12596         42.3791         3.60644 
        3.14163         41.9641         3.56187 
        3.15734          41.489         3.51795 
        3.17308         41.1764         3.47467 
        3.18879         40.6873         3.43223 
        3.20447         40.2208         3.39057 
         3.2202         39.8089         3.34946 
         3.2359         39.4633         3.30912 
        3.25157         38.9324         3.26953 
        3.26729         38.6007         3.23047 
        3.28304         38.2446         3.19197 
        3.29877         37.6961         3.15415 
        3.31446         37.4383         3.11703 
        3.33014         37.1075         3.08053 
        3.34585         36.5912         3.04457 
        3.36158         36.2907         3.00912 
        3.37727         35.8347         2.97435 
        3.39294         35.4532         2.94016 
        3.40867         35.2085         2.90639 
        3.42439         34.7922         2.87316 
        3.44008         34.5153         2.84052 
        3.45578         34.0838         2.80836 
        3.47153         33.8447         2.77663 
        3.48724         33.3485         2.74544 
        3.50292         33.1411         2.71481 
        3.51859         32.8845         2.68466 
        3.53431          32.483         2.65487 
        3.55007         32.0657         2.62546 
        3.56577         31.8291         2.59662 
        3.58146         31.6329         2.56822 
        3.59719         31.1508         2.54017 
        3.61292         30.9479         2.51256 
        3.62859         30.5454         2.48546 
        3.64429         30.3663         2.45871 
        3.66003         30.0218         2.43227 
        3.67578          29.752         2.40623 
        3.69146         29.5594         2.38067 
        3.70712         29.1323         2.35552 
        3.72284         28.9575         2.33065 
        3.73853         28.7226         2.30618 
        3.75422         28.3949         2.28205 
        3.76993         28.0837         2.25824 
        3.78564         27.8839         2.23479 
        3.80137          27.627         2.21163 
        3.81707         27.3237         2.18884 
        3.83279         27.0727         2.16636 
        3.84853         26.8783         2.14416 
        3.86424         26.4545         2.12231 
        3.87992         26.2544          2.1008 
        3.89561         26.0779         2.07959 
        3.91134         25.8604         2.05862 
        3.92704         25.5268         2.03797 
        3.94273         25.3269         2.01763 
        3.95845         25.1535         1.99752 
        3.97418         24.8092         1.97768 
        3.98988         24.6066         1.95814 
        4.00554         24.3588         1.93892 
        4.02125         24.1895          1.9199 
        4.03698         24.0103          1.9011 
        4.05268          23.701          1.8826 
        4.06839         23.5189         1.86433 
         4.0841         23.3504         1.84631 
        4.09983         23.0523          1.8285 
        4.11555         22.8751         1.81094 
        4.13124         22.7245         1.79365 
        4.14693         22.4714         1.77657 
        4.16266         22.2416         1.75968 
        4.17839         22.1852         1.74302 
        4.19408         21.8404         1.72661 
        4.20977         21.6935          1.7104 
        4.22551         21.5314         1.69437 
        4.24123         21.3165         1.67855 
        4.25691         21.1164         1.66298 
        4.27259         20.9483         1.64761 
        4.28831         20.7553         1.63239 
        4.30404         20.5542         1.61736 
        4.31974          20.337         1.60254 
        4.33543         20.2332         1.58792 
        4.35116         20.0477         1.57345 
        4.36688         19.8786         1.55916 
        4.38255          19.707          1.5451 
        4.39825         19.5532         1.53119 
        4.41398         19.3547         1.51742 
         4.4297         19.1665         1.50383 
        4.44541         18.9781         1.49042 
        4.46111         18.8616         1.47717 
        4.47683         18.6655         1.46408 
        4.49251         18.5547         1.45117 
        4.50819         18.4119         1.43843 
         4.5239         18.2296         1.42581 
        4.53962         18.0859         1.41333 
        4.55535         17.9443           1.401 
        4.57106         17.8083         1.38883 
        4.58678         17.6297          1.3768 
         4.6025         17.4513         1.36491 
        4.61821         17.3449         1.35317 
        4.63391         17.1889         1.34158 
         4.6496         17.0468         1.33012 
        4.66532         16.9384         1.31879 
        4.68103         16.7827         1.30759 
        4.69673         16.6464         1.29653 
        4.71241         16.5353         1.28561 
        4.72811          16.399          1.2748 
        4.74384         16.2209          1.2641 
        4.75955         16.1445         1.25353 
        4.77525          15.986          1.2431 
        4.79096         15.8292         1.23277 
        4.80669         15.7085         1.22255 
         4.8224         15.5593         1.21246 
        4.83809         15.4312         1.20249 
        4.85379          15.349         1.19264 
         4.8695         15.2211         1.18288 
        4.88521         15.0848         1.17323 
        4.90093         14.9751          1.1637 
        4.91663         14.8239         1.15427 
        4.93234         14.6966         1.14494 
        4.94807         14.6038         1.13571 
        4.96377         14.5181          1.1266 
        4.97943         14.3555          1.1176 
        4.99514         14.2618         1.10868 
        5.01086         14.1828         1.09986 
        5.02654         14.0528         1.09115 
        5.04227         13.9211          1.0825 
          5.058         13.8442         1.07395 
        5.07371         13.6952         1.06551 
        5.08942         13.6226         1.05716 
        5.10513         13.5087         1.04889 
        5.12084         13.4167         1.04071 
        5.13656         13.3036         1.03262 
        5.15225         13.1975         1.02463 
        5.16796         13.0676         1.01671 
        5.18369         13.0037         1.00887 
         5.1994         12.8873         1.00112 
        5.21509         12.7872         0.99346 
        5.23079         12.6995        0.985873 
        5.24649         12.6276        0.978371 
        5.26217         12.4814        0.970952 
        5.27788         12.4002        0.963599 
        5.29359         12.3068        0.956322 
        5.30933         12.2418        0.949108 
        5.32504         12.1317        0.941982 
        5.34073         12.0481        0.934936 
        5.35646         11.9562        0.927948 
        5.37218         11.8384         0.92103 
        5.38789         11.7545        0.914194 
        5.40357          11.691        0.907435 
        5.41929         11.6053         0.90073 
        5.43502         11.5133        0.894091 
         5.4507         11.4226        0.887535 
        5.46639         11.3134        0.881044 
        5.48212         11.2297        0.874603 
        5.49786         11.1849        0.868218 
        5.51353         11.0976        0.861929 
        5.52921          11.026        0.855695 
        5.54495         10.9284        0.849505 
        5.56066         10.8683        0.843383 
        5.57637         10.7962        0.837322 
        5.59207         10.6809        0.831326 
        5.60778         10.6016        0.825386 
        5.62346         10.5155        0.819513 
        5.63916         10.4441        0.813691 
        5.65487         10.3984        0.807922 
         5.6706         10.3096        0.802203 
        5.68633         10.2132        0.796537 
        5.70203         10.1644        0.790937 
        5.71773         10.0821        0.785393 
        5.73344         10.0317        0.779898 
        5.74916         9.95149        0.774451 
        5.76486         9.89287        0.769063 
        5.78054         9.81969        0.763735 
        5.79626         9.74713        0.758442 
          5.812         9.66145        0.753194 
         5.8277         9.59489        0.748011 
        5.84339         9.52371        0.742877 
        5.85911         9.46327        0.737781 
        5.87484         9.39751        0.732734 
        5.89053         9.33003        0.727744 
        5.90623         9.27201        0.722798 
        5.92195         9.20657         0.71789 
        5.93767          9.1507         0.71303 
        5.95336         9.06589        0.708223 
        5.96905         9.01013        0.703462 
        5.98476         8.95887        0.698737 
        6.00048         8.89003        0.694055 
        6.01617         8.81406        0.689422 
        6.03185         8.78175        0.684837 
        6.04756         8.70417        0.680282 
        6.06331         8.66167         0.67576 
        6.07903         8.59518        0.671287 
        6.09473         8.53059         0.66686 
        6.11044         8.47742        0.662468 
        6.12616         8.41754        0.658117 
        6.14186         8.36034        0.653809 
        6.15755          8.3109        0.649539 
        6.17326         8.24884        0.645305 
        6.18898         8.18419        0.641106 
        6.20467         8.13342        0.636952 
        6.22036         8.08203        0.632835 
         6.2361         8.02903        0.628744 
         6.2518         7.98105        0.624695 
        6.26748         7.92585        0.620691 
        6.28319         7.86856        0.616711 
        6.29893         7.81954        0.612762 
        6.31463         7.76589        0.608855 
        6.33033         7.70741        0.604983 
        6.34604         7.66929        0.601141 
        6.36177          7.6164         0.59733 
        6.37747         7.56739        0.593558 
        6.39316         7.50548        0.589822 
        6.40888         7.47038         0.58611 
         6.4246         7.41712         0.58243 
        6.44031         7.38043        0.578783 
        6.45601         7.31888        0.575173 
        6.47172         7.28172        0.571588 
        6.48744         7.22129        0.568033 
        6.50313         7.18931        0.564514 
        6.51882         7.13728        0.561026 
        6.53452         7.09077        0.557565 
        6.55025         7.04275        0.554126 
        6.56597         6.99009        0.550721 
        6.58166         6.96562        0.547349 
        6.59736         6.90496        0.544003 
        6.61307         6.87579        0.540682 
         6.6288         6.82381        0.537387 
         6.6445         6.78801        0.534123 
         6.6602         6.73421        0.530888 
        6.67592         6.69085        0.527675 
        6.69164         6.65197         0.52449 
        6.70735         6.61565        0.521332 
        6.72304         6.57655        0.518204 
        6.73874         6.53897          0.5151 
        6.75446         6.48282        0.512019 
        6.77016         6.45148        0.508966 
        6.78585         6.39685        0.505938 
        6.80156         6.37714        0.502935 
        6.81729         6.32548         0.49995 
        6.83301          6.2987         0.49699 
         6.8487         6.24799        0.494061 
         6.8644         6.21704        0.491153 
        6.88012         6.17945        0.488266 
        6.89583         6.14369        0.485405 
        6.91151         6.09742         0.48257 
        6.92723         6.05356        0.479751 
        6.94296         6.02937        0.476954 
        6.95866         5.98137        0.474184 
        6.97436          5.9403        0.471436 
        6.99007         5.91375        0.468708 
        7.00578         5.87768        0.466002 
        7.02147         5.84757         0.46332 
        7.03718         5.80593        0.460657 
         7.0529         5.77204        0.458012 
        7.06863         5.73631        0.455387 
        7.08433         5.69871        0.452786 
        7.10004          5.6717        0.450206 
        7.11575         5.63474        0.447646 
        7.13145         5.60306        0.445105 
        7.14715         5.55889        0.442586 
        7.16284         5.53332        0.440088 
        7.17855         5.50257        0.437605 
        7.19428         5.47371        0.435138 
        7.20998         5.42943        0.432696 
        7.22568         5.40333        0.430272 
        7.24139         5.37468        0.427865 
        7.25711         5.33774        0.425476 
        7.27282         5.31328        0.423106 
        7.28852         5.27761        0.420756 
        7.30423         5.24701        0.418421 
        7.31995         5.21673        0.416104 
        7.33565         5.18348        0.413807 
        7.35135         5.16123        0.411526 
        7.36706         5.12724        0.409263 
        7.38277          5.0924        0.407015 
        7.39847          5.0609        0.404786 
        7.41419         5.03565        0.402572 
         7.4299         5.00912        0.400375 
        7.44561         4.97694        0.398194 
        7.46132          4.9558         0.39603 
        7.47701         4.92121        0.393885 
        7.49272         4.89284        0.391753 
        7.50842          4.8672        0.389637 
         7.5241         4.83886         0.38754 
        7.53981         4.81611        0.385456 
        7.55552         4.78367        0.383386 
        7.57125         4.75207        0.381328 
        7.58698         4.73333        0.379286 
        7.60268         4.70695        0.377263 
         7.6184         4.68239        0.375253 
        7.63411         4.65501        0.373257 
        7.64981          4.6352        0.371277 
        7.66552         4.59776        0.369312 
        7.68123         4.57209         0.36736 
        7.69695         4.54814        0.365421 
        7.71264         4.52016        0.363499 
        7.72834         4.50224        0.361591 
        7.74407         4.48093        0.359693 
        7.75978         4.44645        0.357809 
        7.77546         4.41881        0.355943 
        7.79116         4.40557        0.354089 
         7.8069         4.37471        0.352244 
         7.8226         4.34842        0.350415 
        7.83828         4.32472        0.348602 
        7.85399         4.30675        0.346799 
        7.86972         4.28156        0.345006 
        7.88543         4.25934        0.343228 
        7.90111         4.23185        0.341466 
        7.91681          4.2129        0.339714 
        7.93255         4.18392         0.33797 
        7.94828         4.17177         0.33624 
        7.96397         4.14498        0.334524 
        7.97967         4.12185        0.332821 
        7.99538         4.10091        0.331129 
         8.0111         4.07056        0.329448 
         8.0268         4.04903        0.327779 
        8.04248         4.03777        0.326125 
         8.0582         4.01462        0.324478 
        8.07393         3.99568        0.322841 
        8.08963         3.97275        0.321219 
        8.10533         3.95538        0.319608 
        8.12104          3.9303        0.318007 
        8.13675          3.9082        0.316417 
        8.15245         3.88536        0.314838 
        8.16815         3.86826        0.313271 
        8.18387         3.84498        0.311713 
        8.19959         3.82595        0.310164 
         8.2153         3.80686        0.308628 
        8.23101         3.78795        0.307101 
        8.24672         3.76718        0.305586 
        8.26241         3.74667        0.304082 
         8.2781         3.73488        0.302589 
        8.29381         3.70916        0.301103 
        8.30952         3.69102        0.299628 
        8.32524          3.6716        0.298161 
        8.34095          3.6543        0.296705 
        8.35666         3.63328         0.29526 
        8.37237           3.618        0.293823 
        8.38808         3.59866        0.292396 
        8.40379         3.58143        0.290979 
         8.4195         3.56023        0.289572 
         8.4352         3.54372        0.288174 
        8.45091         3.52746        0.286785 
        8.46662         3.50576        0.285405 
        8.48232         3.49041        0.284035 
        8.49802         3.47109        0.282674 
        8.51374         3.45594         0.28132 
        8.52945         3.43891        0.279976 
        8.54515         3.41999        0.278641 
        8.56086         3.40877        0.277314 
        8.57658         3.38985        0.275996 
        8.59228         3.37101        0.274687 
        8.60799         3.35404        0.273386 
        8.62371         3.33813        0.272093 
        8.63942         3.32119        0.270809 
        8.65512         3.30908        0.269534 
        8.67082         3.28792        0.268267 
        8.68653         3.27487        0.267007 
        8.70224         3.25918        0.265756 
        8.71795         3.24346        0.264513 
        8.73365         3.22332        0.263278 
        8.74936         3.21283        0.262051 
        8.76506          3.1956        0.260832 
        8.78076          3.1834        0.259621 
        8.79646         3.16688        0.258418 
        8.81218         3.15566        0.257221 
        8.82791         3.13364         0.25603 
         8.8436         3.11766         0.25485 
         8.8593         3.10224        0.253677 
        8.87503         3.09352        0.252509 
        8.89076         3.08013        0.251349 
        8.90644          3.0634        0.250199 
        8.92214         3.04497        0.249055 
        8.93786         3.03042        0.247917 
        8.95357           3.021        0.246787 
        8.96928         3.00649        0.245663 
        8.98498         2.99438        0.244548 
        9.00069          2.9779        0.243439 
        9.01639         2.96401        0.242336 
        9.03208         2.94778        0.241242 
        9.04778          2.9383        0.240154 
        9.06351         2.92246        0.239071 
        9.07923         2.91229        0.237995 
        9.09493         2.89587        0.236926 
        9.11062         2.88589        0.235865 
        9.12635         2.86965        0.234809 
        9.14207         2.85769        0.233759 
        9.15777         2.84582        0.232717 
        9.17346         2.83197        0.231681 
        9.18917         2.82256        0.230651 
         9.2049         2.80639        0.229626 
        9.22061         2.79311        0.228609 
        9.23631          2.7828        0.227598 
        9.25201         2.76983        0.226593 
        9.26773         2.76168        0.225594 
        9.28343          2.7461        0.224601 
        9.29913         2.73442        0.223614 
        9.31484         2.72371        0.222633 
        9.33057         2.70739        0.221656 
        9.34627         2.69495        0.220687 
        9.36197         2.68575        0.219724 
        9.37768         2.67706        0.218766 
        9.39338         2.66278        0.217814 
        9.40909         2.65076        0.216867 
        9.42479         2.64134        0.215927 
         9.4405         2.62998        0.214992 
        9.45621         2.61784        0.214062 
        9.47193         2.60712        0.213138 
        9.48763         2.59654         0.21222 
        9.50334         2.58543        0.211307 
        9.51906         2.57275        0.210399 
        9.53476          2.5634        0.209497 
        9.55045         2.55133          0.2086 
        9.56616         2.54062        0.207709 
        9.58188         2.53333        0.206821 
        9.59759         2.52207        0.205939 
         9.6133         2.50964        0.205062 
        9.62901         2.50222         0.20419 
        9.64471         2.48937        0.203323 
        9.66041          2.4841        0.202461 
        9.67612         2.47149        0.201603 
        9.69184         2.46105         0.20075 
        9.70754         2.45202        0.199903 
        9.72324         2.44335         0.19906 
        9.73895         2.43181        0.198223 
        9.75467         2.42237        0.197391 
        9.77038         2.41406        0.196564 
        9.78607         2.40451        0.195744 
        9.80177         2.39324        0.194929 
        9.81749          2.3849        0.194119 
         9.8332         2.37378        0.193315 
         9.8489         2.36946        0.192516 
        9.86463          2.3586        0.191721 
        9.88035         2.34773        0.190931 
        9.89606         2.34174        0.190145 
        9.91175         2.33115        0.189363 
        9.92745         2.32266        0.188584 
        9.94317         2.31266        0.187806 
        9.95888          2.3052         0.18703 
        9.97458         2.29581        0.186256 
        9.99029         2.28615        0.185482 
         10.006         2.27918        0.185004 
        10.0217         2.27272        0.185004 
        10.0374          2.2614        0.185004 
        10.0531         2.25531        0.185004 
        10.0688         2.24754        0.185004 
        10.0845         2.23966        0.185004 
        10.1002         2.23027        0.185004 
        10.1159         2.22151        0.185004 
        10.1317         2.21409        0.185004 
        10.1474         2.20498        0.185004 
        10.1631         2.19905        0.185004 
        10.1788         2.19165        0.185004 
        10.1945         2.18185        0.185004 
        10.2102         2.17698        0.185004 
        10.2259         2.16653        0.185004 
        10.2416         2.15857        0.185004 
        10.2573         2.15281        0.185004 
         10.273          2.1468        0.185004 
        10.2887         2.13779        0.185004 
        10.3044           2.132        0.185004 
        10.3201         2.12302        0.185004 
        10.3359         2.11525        0.185004 
        10.3516         2.10984        0.185004 
        10.3673         2.10302        0.185004 
         10.383         2.09745        0.185004 
        10.3987         2.08802        0.185004 
        10.4144         2.08186        0.185004 
        10.4301         2.07625        0.185004 
        10.4458         2.07018        0.185004 
        10.4615         2.06028        0.185004 
        10.4772         2.05419        0.185004 
        10.4929         2.04808        0.185004 
        10.5086         2.04413        0.185004 
        10.5244         2.03468        0.185004 
        10.5401         2.02918        0.185004 
        10.5558         2.02356        0.185004 
        10.5715         2.01709        0.185004 
        10.5872         2.01261        0.185004 
        10.6029         2.00555        0.185004 
        10.6186         2.00044        0.185004 
        10.6343          1.9934        0.185004 
          10.65         1.98872        0.185004 
        10.6657         1.98176        0.185004 
        10.6814         1.97725        0.185004 
        10.6971         1.97211        0.185004 
        10.7129         1.96644        0.185004 
        10.7286         1.96108        0.185004 
        10.7443         1.95384        0.185004 
          10.76         1.94754        0.185004 
        10.7757         1.94491        0.185004 
        10.7914         1.93885        0.185004 
        10.8071           1.935        0.185004 
        10.8228         1.92756        0.185004 
        10.8385         1.92448        0.185004 
        10.8542         1.91724        0.185004 
        10.8699         1.91287        0.185004 
        10.8856         1.90805        0.185004 
        10.9014         1.90189        0.185004 
        10.9171         1.89796        0.185004 
        10.9328         1.89407        0.185004 
        10.9485         1.88915        0.185004 
        10.9642         1.88275        0.185004 
        10.9799         1.87889        0.185004 
        10.9956          1.8768        0.185004 
        11.0113         1.86866        0.185004 
         11.027         1.86593        0.185004 
        11.0427         1.86106        0.185004 
        11.0584         1.85638        0.185004 
        11.0741          1.8523        0.185004 
        11.0898         1.84842        0.185004 
        11.1055         1.84436        0.185004 
        11.1212         1.84053        0.185004 
         11.137          1.8368        0.185004 
        11.1527         1.83097        0.185004 
        11.1684         1.82992        0.185004 
        11.1841         1.82365        0.185004 
        11.1998         1.81886        0.185004 
        11.2155         1.81672        0.185004 
        11.2312          1.8142        0.185004 
        11.2469         1.81095        0.185004 
        11.2626         1.80738        0.185004 
        11.2783         1.80361        0.185004 
         11.294          1.8014        0.185004 
        11.3097         1.79605        0.185004 
        11.3254         1.79374        0.185004 
        11.3412         1.79152        0.185004 
        11.3569          1.7874        0.185004 
        11.3726         1.78573        0.185004 
        11.3883         1.78164        0.185004 
         11.404         1.78041        0.185004 
        11.4197         1.77429        0.185004 
        11.4354         1.77101        0.185004 
        11.4511          1.7697        0.185004 
        11.4668          1.7654        0.185004 
        11.4825         1.76432        0.185004 
        11.4982         1.76092        0.185004 
         11.514         1.75821        0.185004 
        11.5297         1.75514        0.185004 
        11.5454          1.7553        0.185004 
        11.5611         1.75098        0.185004 
        11.5768         1.75037        0.185004 
        11.5925         1.74635        0.185004 
        11.6082         1.74443        0.185004 
        11.6239         1.74337        0.185004 
        11.6396         1.74002        0.185004 
        11.6553         1.73849        0.185004 
         11.671         1.73502        0.185004 
        11.6867          1.7344        0.185004 
        11.7024         1.73206        0.185004 
        11.7182         1.73209        0.185004 
        11.7339         1.72986        0.185004 
        11.7496         1.72732        0.185004 
        11.7653         1.72577        0.185004 
         11.781         1.72315        0.185004 
        11.7967         1.72394        0.185004 
        11.8124         1.72264        0.185004 
        11.8281         1.72208        0.185004 
        11.8438         1.71866        0.185004 
        11.8595         1.71624        0.185004 
        11.8752         1.71712        0.185004 
         11.891         1.71728        0.185004 
        11.9067         1.71485        0.185004 
        11.9224         1.71357        0.185004 
        11.9381         1.71238        0.185004 
        11.9538         1.71236        0.185004 
        11.9695         1.71238        0.185004 
        11.9852         1.71201        0.185004 
        12.0009         1.71034        0.185004 
        12.0166         1.71031        0.185004 
        12.0323         1.70976        0.185004 
         12.048         1.71019        0.185004 
        12.0637         1.70751        0.185004 
