# k  (h/Mpc)    Pcb(k)  (Mpc/h)^3    Pcb_linear(k) (Mpc/h)^3   ShotnoiseSubtracted = true
      0.0200456         297.256         300.509 
      0.0350414          237.24          235.63 
      0.0492313         186.846         186.691 
      0.0637834          150.89          151.81 
      0.0800726         114.575         114.678 
       0.096163         90.9157         90.2013 
       0.111083         76.9159         76.3553 
       0.126058         63.3368          63.473 
       0.142273         51.6327         51.6503 
       0.158546          44.013              44 
        0.17375         38.5082         38.2815 
       0.188953         33.0505         32.9104 
       0.204907         28.1887         28.4887 
       0.220756         25.1875         25.1795 
        0.23588         22.3708         22.3648 
         0.2514         19.8824          19.817 
       0.267535            17.8         17.6734 
       0.283568         15.9454         15.8811 
       0.299022         14.4246         14.3411 
       0.314451         13.2506         13.0025 
       0.330372         11.9516         11.8224 
       0.346141         10.9121         10.7925 
       0.361624         9.97546         9.89152 
       0.377134         9.14914         9.09471 
       0.392932         8.61681          8.3767 
       0.408854         7.81131         7.72929 
       0.424564         7.35155         7.15586 
       0.440253         6.76374         6.64259 
       0.455999          6.2304         6.17851 
       0.471626         5.81566         5.76111 
        0.48727         5.52583         5.38179 
       0.502856         5.17847         5.03804 
       0.518488         4.78289         4.72345 
       0.534347         4.46928         4.43161 
       0.550082         4.26569         4.16646 
       0.565732         4.06069         3.92433 
       0.581496          3.8007         3.69992 
       0.597222         3.58372         3.49353 
       0.612804         3.38291         3.30463 
       0.628434         3.21557         3.12924 
       0.644267         3.06367         2.96459 
       0.660051         2.90638         2.81229 
       0.675724         2.74077         2.67167 
       0.691403         2.61494         2.54065 
       0.707174         2.48902         2.41776 
       0.722871          2.4185         2.30355 
        0.73838         2.26049         2.19798 
       0.754018         2.15959         2.09826 
       0.769845         2.04488         2.00365 
        0.78569         1.98214         1.91481 
       0.801365         1.89954         1.83224 
       0.817031          1.8263          1.7546 
       0.832809         1.73407         1.68098 
       0.848511         1.67249         1.61193 
       0.864097         1.61327         1.54724 
       0.879701         1.55986         1.48604 
       0.895507         1.48014         1.42745 
       0.911279         1.43524         1.37215 
        0.92691         1.39256         1.32025 
       0.942635         1.32139         1.27075 
       0.958396         1.27822          1.2237 
       0.974128         1.23539         1.17913 
       0.989692         1.19043         1.13723 
        1.00528         1.14426         1.09731 
        1.02113         1.11729          1.0587 
        1.03692         1.08181         1.02209 
        1.05264         1.03479        0.987394 
        1.06832         1.00491        0.954369 
        1.08405        0.966606        0.922773 
        1.09979        0.941789        0.892596 
        1.11537        0.906468        0.864074 
        1.13105        0.872739        0.836634 
        1.14679        0.852823        0.810284 
        1.16256        0.827714        0.785023 
        1.17828        0.806117        0.760926 
        1.19395        0.780526        0.737926 
         1.2097        0.755191        0.715763 
        1.22537        0.730149        0.694621 
          1.241        0.711429          0.6744 
        1.25666        0.696461        0.654936 
        1.27241        0.673154        0.636152 
        1.28819         0.65193        0.618075 
        1.30392        0.636737        0.600756 
        1.31957        0.618702         0.58418 
        1.33529        0.601131         0.56817 
        1.35108        0.584346          0.5527 
        1.36674         0.56825        0.537917 
         1.3824        0.557083        0.523691 
        1.39811        0.539512        0.509933 
        1.41389        0.527937        0.496619 
        1.42964        0.513693        0.483804 
        1.44531        0.500018        0.471505 
        1.46101        0.485395        0.459608 
        1.47667        0.475771        0.448159 
        1.49229        0.461824        0.437132 
        1.50793        0.452782        0.426464 
        1.52367         0.43957        0.416085 
        1.53953        0.429131        0.405982 
        1.55526        0.420006        0.396297 
        1.57092        0.413766        0.386968 
        1.58662        0.403386        0.377919 
        1.60235        0.393269        0.369142 
        1.61809        0.382691        0.360639 
        1.63369        0.373387        0.352481 
        1.64941        0.366475        0.344518 
        1.66519        0.359386        0.336773 
        1.68085        0.349111        0.329321 
        1.69652        0.342149        0.322093 
        1.71228        0.334277        0.315042 
        1.72806        0.328018        0.308196 
        1.74368        0.320738        0.301623 
        1.75933        0.314672        0.295229 
        1.77505        0.308773        0.288991 
        1.79081        0.299816        0.282923 
         1.8065        0.295792        0.277055 
        1.82218        0.287672        0.271359 
        1.83797        0.280751        0.265784 
        1.85367        0.276822        0.260397 
        1.86928        0.270365        0.255192 
        1.88497        0.264463        0.250102 
        1.90073        0.259724        0.245131 
        1.91647        0.255526          0.2403 
        1.93218        0.251275         0.23561 
        1.94787        0.244689        0.231053 
        1.96363        0.240483        0.226598 
        1.97935        0.235793        0.222269 
        1.99499        0.230962        0.218079 
        2.01064        0.227042         0.21399 
         2.0264         0.22272        0.209981 
        2.04216        0.217779        0.206077 
        2.05781        0.214223        0.202297 
        2.07353        0.210731        0.198598 
        2.08928        0.207254        0.194984 
        2.10499        0.202404         0.19147 
        2.12065        0.199185        0.188053 
        2.13633        0.195789        0.184716 
        2.15211        0.192367        0.181439 
        2.16785        0.188474        0.178251 
        2.18349        0.185703        0.175159 
        2.19916        0.181525        0.172135 
        2.21489        0.178468        0.169171 
        2.23063        0.175387        0.166276 
         2.2463        0.172883        0.163462 
        2.26194        0.170248         0.16072 
        2.27765         0.16683        0.158026 
        2.29341        0.163843        0.155388 
        2.30914        0.160791        0.152815 
        2.32486        0.158208        0.150302 
        2.34061        0.155645        0.147841 
        2.35635        0.153056        0.145438 
        2.37203        0.152129        0.143097 
        2.38768        0.148321        0.140812 
        2.40339        0.146237        0.138568 
        2.41914        0.143541        0.136369 
        2.43483        0.141584        0.134225 
         2.4505         0.13895         0.13213 
        2.46622        0.136954        0.130074 
        2.48195        0.134808        0.128061 
        2.49759        0.133149        0.126101 
        2.51328        0.129677        0.124177 
        2.52906        0.128391        0.122281 
        2.54479        0.126524        0.120432 
        2.56049        0.124165        0.118625 
        2.57618        0.123142        0.116857 
        2.59189        0.120584        0.115121 
        2.60758        0.119245        0.113424 
        2.62325        0.116889        0.111763 
        2.63898        0.115882         0.11013 
        2.65468        0.113384        0.108533 
        2.67044        0.111973         0.10696 
        2.68618        0.110249        0.105423 
        2.70184        0.109145        0.103922 
        2.71755        0.107034        0.102446 
        2.73329        0.105808        0.100997 
        2.74897         0.10421       0.0995801 
        2.76462        0.102398       0.0981939 
        2.78034        0.101069       0.0968284 
        2.79607        0.100051       0.0954875 
        2.81179       0.0981395       0.0941734 
        2.82749       0.0970634       0.0928856 
        2.84321       0.0955335       0.0916205 
        2.85893       0.0939996       0.0903793 
        2.87462       0.0931471       0.0891632 
        2.89033       0.0915275       0.0879684 
        2.90605       0.0905513       0.0867945 
        2.92176       0.0894118       0.0856426 
        2.93747       0.0879325       0.0845122 
        2.95318       0.0871223        0.083402 
        2.96891       0.0858141       0.0823112 
        2.98456        0.084605       0.0812447 
        3.00023       0.0838245       0.0801956 
        3.01596       0.0820549       0.0791618 
        3.03164       0.0811287       0.0781492 
        3.04738       0.0802553       0.0771513 
         3.0631       0.0788919       0.0761712 
        3.07883       0.0781249       0.0752081 
        3.09456       0.0773057       0.0742618 
        3.11026       0.0760586       0.0733332 
        3.12596        0.075431       0.0724206 
        3.14163       0.0742234       0.0715256 
        3.15734       0.0736205       0.0706437 
        3.17308       0.0724343       0.0697746 
        3.18879       0.0715433       0.0689224 
        3.20447       0.0706192       0.0680857 
         3.2202        0.069844       0.0672604 
         3.2359       0.0690214       0.0664501 
        3.25157       0.0682675       0.0656552 
        3.26729       0.0673065       0.0648708 
        3.28304       0.0667664       0.0640977 
        3.29877       0.0656709       0.0633383 
        3.31446       0.0649104       0.0625928 
        3.33014       0.0643667       0.0618599 
        3.34585       0.0634079       0.0611377 
        3.36158        0.062752       0.0604259 
        3.37727       0.0620194       0.0597277 
        3.39294       0.0614887       0.0590412 
        3.40867       0.0607411       0.0583629 
        3.42439       0.0600491       0.0576957 
        3.44008       0.0595227       0.0570403 
        3.45578       0.0588954       0.0563945 
        3.47153       0.0583262       0.0557573 
        3.48724       0.0574557       0.0551311 
        3.50292       0.0570981       0.0545159 
        3.51859       0.0563393       0.0539104 
        3.53431       0.0556925       0.0533123 
        3.55007       0.0552081       0.0527218 
        3.56577       0.0545707       0.0521425 
        3.58146       0.0540947       0.0515722 
        3.59719       0.0535021        0.051009 
        3.61292       0.0528033       0.0504545 
        3.62859       0.0523796       0.0499104 
        3.64429       0.0519019       0.0493732 
        3.66003       0.0514861       0.0488423 
        3.67578       0.0510544       0.0483193 
        3.69146        0.050491        0.047806 
        3.70712       0.0500026       0.0473011 
        3.72284       0.0493543       0.0468016 
        3.73853       0.0492079       0.0463102 
        3.75422       0.0483991       0.0458257 
        3.76993       0.0481377       0.0453477 
        3.78564       0.0477096       0.0448766 
        3.80137       0.0472971       0.0444116 
        3.81707       0.0467245        0.043954 
        3.83279        0.046232       0.0435026 
        3.84853       0.0458792       0.0430567 
        3.86424       0.0456593        0.042618 
        3.87992       0.0451662       0.0421861 
        3.89561       0.0446221       0.0417601 
        3.91134       0.0442538       0.0413391 
        3.92704       0.0438445       0.0409244 
        3.94273       0.0434658       0.0405158 
        3.95845       0.0431161        0.040112 
        3.97418       0.0426131       0.0397137 
        3.98988       0.0421034       0.0393213 
        4.00554       0.0418843       0.0389352 
        4.02125       0.0414347       0.0385533 
        4.03698        0.040833       0.0381759 
        4.05268       0.0406193       0.0378043 
        4.06839       0.0399849       0.0374375 
         4.0841       0.0394305       0.0370756 
        4.09983       0.0389303        0.036718 
        4.11555       0.0384876       0.0363653 
        4.13124       0.0379789       0.0360182 
        4.14693       0.0376679       0.0356753 
        4.16266       0.0370403        0.035336 
        4.17839        0.036715       0.0350014 
        4.19408       0.0362829       0.0346719 
        4.20977       0.0359179       0.0343465 
        4.22551       0.0355424       0.0340244 
        4.24123       0.0351483       0.0337069 
        4.25691       0.0348445       0.0333942 
        4.27259       0.0344902       0.0330854 
        4.28831       0.0341898       0.0327799 
        4.30404       0.0338702        0.032478 
        4.31974       0.0335302       0.0321805 
        4.33543       0.0332369       0.0318869 
        4.35116       0.0329708       0.0315963 
        4.36688        0.032737       0.0313094 
        4.38255       0.0324485       0.0310271 
        4.39825       0.0323266       0.0307477 
        4.41398       0.0321049       0.0304712 
         4.4297       0.0319292       0.0301984 
        4.44541       0.0316544        0.029929 
        4.46111       0.0314499        0.029663 
        4.47683       0.0313988       0.0294001 
        4.49251       0.0311824       0.0291409 
        4.50819       0.0310539       0.0288849 
         4.5239       0.0309455       0.0286316 
        4.53962       0.0309547       0.0283811 
        4.55535       0.0307839       0.0281334 
        4.57106       0.0306851        0.027889 
        4.58678       0.0305603       0.0276475 
         4.6025       0.0304466       0.0274087 
        4.61821        0.030471       0.0271729 
        4.63391       0.0304134       0.0269401 
         4.6496       0.0303355       0.0267101 
        4.66532       0.0303372       0.0264825 
        4.68103       0.0304982       0.0262576 
        4.69673       0.0303964       0.0260355 
        4.71241       0.0304658       0.0258162 
        4.72811       0.0304035       0.0255991 
        4.74384       0.0304153       0.0253842 
        4.75955       0.0306043       0.0251721 
        4.77525       0.0306319       0.0249626 
        4.79096       0.0306889       0.0247551 
        4.80669       0.0308616       0.0245499 
         4.8224       0.0310131       0.0243473 
        4.83809       0.0310037       0.0241472 
        4.85379       0.0312619       0.0239492 
         4.8695       0.0313652       0.0237533 
        4.88521       0.0315641       0.0235596 
        4.90093       0.0317396       0.0233681 
        4.91663       0.0319449       0.0231789 
        4.93234       0.0320785       0.0229915 
        4.94807       0.0324239       0.0228061 
        4.96377       0.0324562       0.0226231 
        4.97943       0.0329582       0.0224425 
        4.99514       0.0330821       0.0222634 
        5.01086       0.0333623       0.0220861 
        5.02654       0.0336859       0.0219112 
        5.04227       0.0339465       0.0217377 
          5.058       0.0342868        0.021566 
        5.07371       0.0345527       0.0213964 
        5.08942        0.034902       0.0212287 
        5.10513        0.035273       0.0210627 
        5.12084       0.0357404       0.0208985 
        5.13656         0.03634        0.020736 
        5.15225       0.0364513       0.0205755 
        5.16796       0.0370553       0.0204165 
        5.18369       0.0374727        0.020259 
         5.1994       0.0378844       0.0201034 
        5.21509       0.0385641       0.0199496 
        5.23079       0.0388475       0.0197972 
        5.24649       0.0394565       0.0196466 
        5.26217       0.0399017       0.0194976 
        5.27788       0.0406584         0.01935 
        5.29359       0.0411964       0.0192038 
        5.30933       0.0417403        0.019059 
        5.32504       0.0424187       0.0189159 
        5.34073       0.0430389       0.0187744 
        5.35646       0.0435789       0.0186341 
        5.37218       0.0443838       0.0184951 
        5.38789       0.0450293       0.0183579 
        5.40357       0.0459549       0.0182221 
        5.41929       0.0468054       0.0180875 
        5.43502       0.0474839       0.0179542 
         5.4507       0.0481766       0.0178225 
        5.46639       0.0489579       0.0176922 
        5.48212       0.0498322       0.0175628 
        5.49786        0.051031       0.0174346 
        5.51353         0.05202       0.0173083 
        5.52921       0.0525195       0.0171831 
        5.54495       0.0536058       0.0170588 
        5.56066       0.0547707       0.0169359 
        5.57637       0.0557886       0.0168142 
        5.59207       0.0567257       0.0166938 
        5.60778       0.0576369       0.0165745 
        5.62346       0.0586638       0.0164566 
        5.63916        0.060166       0.0163397 
        5.65487       0.0611958       0.0162238 
         5.6706       0.0621216        0.016109 
        5.68633       0.0632505       0.0159952 
        5.70203       0.0647049       0.0158828 
        5.71773       0.0664517       0.0157714 
        5.73344        0.067865       0.0156611 
        5.74916       0.0692379       0.0155517 
        5.76486       0.0708361       0.0154435 
        5.78054       0.0727158       0.0153365 
        5.79626       0.0735027       0.0152302 
          5.812       0.0756235       0.0151248 
         5.8277       0.0767231       0.0150208 
        5.84339       0.0786176       0.0149177 
        5.85911       0.0801501       0.0148153 
        5.87484       0.0817008        0.014714 
        5.89053       0.0841985       0.0146138 
        5.90623       0.0856317       0.0145145 
        5.92195       0.0874243       0.0144159 
        5.93767       0.0897326       0.0143183 
        5.95336        0.091053       0.0142218 
        5.96905        0.093503       0.0141262 
        5.98476       0.0950433       0.0140313 
        6.00048       0.0976378       0.0139373 
        6.01617        0.100138       0.0138442 
        6.03185        0.102089       0.0137522 
        6.04756        0.104366       0.0136607 
        6.06331        0.107492       0.0135699 
        6.07903        0.109074       0.0134801 
        6.09473        0.111261       0.0133912 
        6.11044        0.114555        0.013303 
        6.12616         0.11727       0.0132156 
        6.14186        0.119643       0.0131291 
        6.15755        0.122828       0.0130434 
        6.17326        0.125126       0.0129583 
        6.18898        0.128997        0.012874 
        6.20467         0.13114       0.0127906 
        6.22036        0.135286       0.0127079 
         6.2361        0.137592       0.0126258 
         6.2518         0.14104       0.0125445 
        6.26748        0.143529       0.0124641 
        6.28319        0.147559       0.0123841 
        6.29893         0.15103       0.0123048 
        6.31463        0.154456       0.0122264 
        6.33033        0.157953       0.0121486 
        6.34604        0.162016       0.0120715 
        6.36177        0.166241       0.0119949 
        6.37747        0.169222       0.0119192 
        6.39316        0.172881       0.0118442 
        6.40888        0.178093       0.0117696 
         6.4246        0.182792       0.0116957 
        6.44031        0.185375       0.0116225 
        6.45601        0.190974         0.01155 
        6.47172        0.193707        0.011478 
        6.48744        0.199538       0.0114066 
        6.50313        0.202881        0.011336 
        6.51882         0.20947       0.0112659 
        6.53452         0.21512       0.0111964 
        6.55025         0.21972       0.0111274 
        6.56597        0.222773        0.011059 
        6.58166        0.225865       0.0109913 
        6.59736        0.234125       0.0109241 
        6.61307        0.240352       0.0108574 
         6.6288        0.242434       0.0107912 
         6.6445         0.25007       0.0107257 
         6.6602        0.253982       0.0106607 
        6.67592        0.260859       0.0105962 
        6.69164        0.267213       0.0105323 
        6.70735        0.273299       0.0104688 
        6.72304        0.280317        0.010406 
        6.73874        0.284192       0.0103437 
        6.75446        0.290798       0.0102818 
        6.77016        0.297528       0.0102205 
        6.78585        0.304025       0.0101597 
        6.80156        0.310911       0.0100994 
        6.81729        0.316702       0.0100395 
        6.83301        0.323244      0.00998001 
         6.8487        0.334021      0.00992119 
         6.8644        0.337937      0.00986281 
        6.88012        0.342789      0.00980483 
        6.89583         0.35121      0.00974738 
        6.91151        0.358368      0.00969046 
        6.92723        0.365353      0.00963385 
        6.94296        0.374267      0.00957768 
        6.95866        0.379375      0.00952205 
        6.97436        0.389773      0.00946686 
        6.99007         0.39442      0.00941209 
        7.00578         0.40197      0.00935775 
        7.02147        0.410656       0.0093039 
        7.03718        0.418717      0.00925042 
         7.0529        0.428373      0.00919731 
        7.06863        0.427896      0.00914459 
        7.08433        0.439439      0.00909236 
        7.10004        0.447832      0.00904056 
        7.11575        0.454397      0.00898914 
        7.13145        0.461183      0.00893813 
        7.14715        0.468323      0.00888753 
        7.16284        0.478659      0.00883738 
        7.17855        0.484339      0.00878751 
        7.19428        0.497475      0.00873798 
        7.20998         0.50244      0.00868893 
        7.22568        0.508778      0.00864026 
        7.24139        0.515796      0.00859193 
        7.25711        0.523828      0.00854396 
        7.27282        0.529208      0.00849635 
        7.28852        0.538032      0.00844917 
        7.30423        0.546328      0.00840228 
        7.31995        0.556336      0.00835576 
        7.33565        0.561838      0.00830962 
        7.35135        0.561508      0.00826382 
        7.36706        0.572361      0.00821838 
        7.38277         0.57927      0.00817324 
        7.39847        0.587816      0.00812848 
        7.41419        0.592245      0.00808402 
         7.4299        0.597379      0.00803989 
        7.44561        0.608498      0.00799611 
        7.46132        0.608842      0.00795265 
        7.47701        0.624275      0.00790957 
        7.49272        0.618199      0.00786676 
        7.50842        0.635774      0.00782428 
         7.5241        0.629493      0.00778217 
        7.53981        0.638349      0.00774031 
        7.55552        0.647065      0.00769874 
        7.57125        0.649327      0.00765743 
        7.58698        0.654934      0.00761642 
        7.60268        0.655099      0.00757579 
         7.6184        0.660506      0.00753542 
        7.63411        0.666563      0.00749535 
        7.64981        0.664865       0.0074556 
        7.66552        0.672386      0.00741613 
        7.68123        0.676817      0.00737693 
        7.69695         0.67656      0.00733799 
        7.71264        0.679174       0.0072994 
        7.72834        0.676029      0.00726108 
        7.74407        0.683509      0.00722296 
        7.75978        0.692179      0.00718513 
        7.77546        0.689138      0.00714767 
        7.79116        0.680028      0.00711044 
         7.8069        0.685642      0.00707338 
         7.8226        0.692079      0.00703665 
        7.83828        0.693184      0.00700025 
        7.85399        0.693399      0.00696405 
        7.86972        0.691418      0.00692803 
        7.88543        0.695603      0.00689234 
        7.90111        0.699406      0.00685695 
        7.91681        0.691237      0.00682176 
        7.93255        0.688237      0.00678676 
        7.94828        0.689634        0.006752 
        7.96397        0.691388      0.00671756 
        7.97967        0.686926      0.00668336 
        7.99538        0.682084      0.00664938 
         8.0111        0.683643      0.00661562 
         8.0268        0.681279      0.00658212 
        8.04248        0.681662      0.00654889 
         8.0582        0.676562      0.00651582 
        8.07393        0.681135      0.00648295 
        8.08963        0.675841      0.00645037 
        8.10533        0.675503      0.00641803 
        8.12104        0.672166      0.00638587 
        8.13675        0.673328      0.00635394 
        8.15245        0.666602      0.00632225 
        8.16815         0.66739      0.00629078 
        8.18387        0.656227      0.00625948 
        8.19959        0.659782      0.00622838 
         8.2153        0.651073      0.00619753 
        8.23101        0.654389      0.00616688 
        8.24672        0.650567      0.00613644 
        8.26241        0.650043      0.00610625 
         8.2781         0.64586      0.00607626 
        8.29381        0.638301      0.00604643 
        8.30952        0.638423      0.00601681 
        8.32524        0.637733      0.00598735 
        8.34095        0.636227      0.00595812 
        8.35666        0.632992      0.00592909 
        8.37237        0.624394      0.00590024 
        8.38808        0.628293      0.00587159 
        8.40379        0.618262      0.00584314 
         8.4195        0.615664      0.00581487 
         8.4352        0.616273       0.0057868 
        8.45091        0.611888      0.00575891 
        8.46662         0.60497       0.0057312 
        8.48232        0.607305      0.00570368 
        8.49802        0.601267      0.00567635 
        8.51374        0.599576      0.00564917 
        8.52945         0.59419      0.00562217 
        8.54515        0.595294      0.00559538 
        8.56086         0.58602      0.00556872 
        8.57658        0.589321      0.00554225 
        8.59228        0.581844      0.00551597 
        8.60799         0.58246      0.00548984 
        8.62371        0.579611      0.00546388 
        8.63942        0.576309       0.0054381 
        8.65512        0.577619      0.00541249 
        8.67082        0.567822      0.00538705 
        8.68653        0.569617      0.00536176 
        8.70224        0.564744      0.00533663 
        8.71795        0.565373      0.00531167 
        8.73365        0.559689      0.00528687 
        8.74936        0.556791      0.00526222 
        8.76506        0.555333      0.00523775 
        8.78076        0.550646      0.00521343 
        8.79646        0.551666      0.00518926 
        8.81218        0.547393      0.00516523 
        8.82791        0.546289      0.00514132 
         8.8436         0.54369      0.00511762 
         8.8593        0.542943      0.00509407 
        8.87503        0.538645      0.00507061 
        8.89076        0.538022      0.00504731 
        8.90644        0.537413      0.00502422 
        8.92214        0.530811      0.00500126 
        8.93786        0.535687       0.0049784 
        8.95357        0.529939       0.0049557 
        8.96928        0.530334      0.00493315 
        8.98498        0.526409      0.00491075 
        9.00069        0.525971      0.00488847 
        9.01639         0.52677      0.00486633 
        9.03208         0.52224      0.00484437 
        9.04778          0.5252      0.00482251 
        9.06351        0.522788      0.00480076 
        9.07923        0.520654      0.00477915 
        9.09493        0.523889       0.0047577 
        9.11062        0.520361      0.00473639 
        9.12635        0.520573      0.00471518 
        9.14207        0.518318       0.0046941 
        9.15777        0.516335      0.00467317 
        9.17346        0.517226      0.00465238 
        9.18917        0.514329      0.00463169 
         9.2049         0.51808      0.00461111 
        9.22061         0.51541      0.00459067 
        9.23631        0.515329      0.00457037 
        9.25201        0.514427       0.0045502 
        9.26773        0.512845      0.00453013 
        9.28343        0.513687      0.00451019 
        9.29913        0.512802      0.00449037 
        9.31484        0.515197      0.00447067 
        9.33057        0.512405      0.00445106 
        9.34627        0.514132      0.00443159 
        9.36197        0.514823      0.00441226 
        9.37768         0.51381      0.00439301 
        9.39338         0.51877       0.0043739 
        9.40909        0.514602       0.0043549 
        9.42479        0.517682      0.00433602 
         9.4405        0.516938      0.00431724 
        9.45621        0.515836      0.00429856 
        9.47193        0.517958      0.00428001 
        9.48763        0.516837      0.00426157 
        9.50334        0.520228      0.00424323 
        9.51906        0.517847        0.004225 
        9.53476        0.519503      0.00420689 
        9.55045        0.523555      0.00418889 
        9.56616        0.519253      0.00417098 
        9.58188        0.526394      0.00415316 
        9.59759        0.523283      0.00413545 
         9.6133        0.525471      0.00411784 
        9.62901         0.52602      0.00410033 
        9.64471        0.524355      0.00408292 
        9.66041        0.532311      0.00406561 
        9.67612        0.528388      0.00404838 
        9.69184        0.532931      0.00403124 
        9.70754        0.532635      0.00401423 
        9.72324        0.531309      0.00399732 
        9.73895        0.538754       0.0039805 
        9.75467        0.534563      0.00396379 
        9.77038        0.543174      0.00394719 
        9.78607        0.539012      0.00393072 
        9.80177        0.540729      0.00391436 
        9.81749        0.545631      0.00389808 
         9.8332        0.538084      0.00388194 
         9.8489        0.550976       0.0038659 
        9.86463        0.544176      0.00384994 
        9.88035        0.552199      0.00383407 
        9.89606        0.550081      0.00381829 
        9.91175        0.550507      0.00380259 
        9.92745         0.55732      0.00378694 
        9.94317        0.551635      0.00377132 
        9.95888        0.560079      0.00375574 
        9.97458          0.5594       0.0037402 
        9.99029         0.56065      0.00372466 
         10.006        0.563954      0.00371506 
        10.0217        0.560486      0.00371506 
        10.0374        0.570129      0.00371506 
        10.0531        0.566883      0.00371506 
        10.0688        0.569084      0.00371506 
        10.0845         0.57437      0.00371506 
        10.1002        0.570361      0.00371506 
        10.1159        0.580299      0.00371506 
        10.1317        0.574053      0.00371506 
        10.1474        0.582592      0.00371506 
        10.1631        0.580822      0.00371506 
        10.1788        0.580862      0.00371506 
        10.1945        0.589328      0.00371506 
        10.2102          0.5825      0.00371506 
        10.2259         0.59354      0.00371506 
        10.2416        0.587993      0.00371506 
        10.2573        0.591272      0.00371506 
         10.273        0.596018      0.00371506 
        10.2887        0.589732      0.00371506 
        10.3044        0.604026      0.00371506 
        10.3201        0.594868      0.00371506 
        10.3359         0.60125      0.00371506 
        10.3516        0.603895      0.00371506 
        10.3673        0.601387      0.00371506 
         10.383        0.610178      0.00371506 
        10.3987        0.601707      0.00371506 
        10.4144        0.614254      0.00371506 
        10.4301        0.609955      0.00371506 
        10.4458        0.612088      0.00371506 
        10.4615        0.615746      0.00371506 
        10.4772        0.609242      0.00371506 
        10.4929        0.623676      0.00371506 
        10.5086        0.616239      0.00371506 
        10.5244        0.619558      0.00371506 
        10.5401        0.624686      0.00371506 
        10.5558        0.617991      0.00371506 
        10.5715        0.628033      0.00371506 
        10.5872        0.619779      0.00371506 
        10.6029        0.629793      0.00371506 
        10.6186        0.629718      0.00371506 
        10.6343        0.626154      0.00371506 
          10.65        0.632387      0.00371506 
        10.6657        0.626421      0.00371506 
        10.6814        0.639441      0.00371506 
        10.6971        0.631196      0.00371506 
        10.7129        0.637971      0.00371506 
        10.7286        0.639958      0.00371506 
        10.7443        0.631002      0.00371506 
          10.76        0.643394      0.00371506 
        10.7757        0.636965      0.00371506 
        10.7914        0.644803      0.00371506 
        10.8071        0.641415      0.00371506 
        10.8228        0.640037      0.00371506 
        10.8385        0.648871      0.00371506 
        10.8542        0.639646      0.00371506 
        10.8699        0.649876      0.00371506 
        10.8856        0.645721      0.00371506 
        10.9014        0.644816      0.00371506 
        10.9171        0.650485      0.00371506 
        10.9328        0.643608      0.00371506 
        10.9485        0.656076      0.00371506 
        10.9642        0.646305      0.00371506 
        10.9799        0.652853      0.00371506 
        10.9956        0.655284      0.00371506 
        11.0113        0.645781      0.00371506 
         11.027        0.658694      0.00371506 
        11.0427        0.649625      0.00371506 
        11.0584        0.657841      0.00371506 
        11.0741        0.654256      0.00371506 
        11.0898        0.652596      0.00371506 
        11.1055        0.660034      0.00371506 
        11.1212        0.650367      0.00371506 
         11.137        0.662704      0.00371506 
        11.1527        0.654848      0.00371506 
        11.1684        0.658156      0.00371506 
        11.1841        0.659695      0.00371506 
        11.1998        0.652275      0.00371506 
        11.2155        0.663458      0.00371506 
        11.2312        0.656172      0.00371506 
        11.2469        0.660407      0.00371506 
        11.2626        0.659549      0.00371506 
        11.2783        0.658158      0.00371506 
         11.294        0.663186      0.00371506 
        11.3097        0.656098      0.00371506 
        11.3254        0.666057      0.00371506 
        11.3412        0.658537      0.00371506 
        11.3569        0.661683      0.00371506 
        11.3726        0.665106      0.00371506 
        11.3883        0.657889      0.00371506 
         11.404        0.667706      0.00371506 
        11.4197        0.660081      0.00371506 
        11.4354        0.664798      0.00371506 
        11.4511        0.664065      0.00371506 
        11.4668        0.661082      0.00371506 
        11.4825         0.66758      0.00371506 
        11.4982        0.659211      0.00371506 
         11.514         0.66705      0.00371506 
        11.5297        0.662205      0.00371506 
        11.5454        0.662451      0.00371506 
        11.5611        0.668397      0.00371506 
        11.5768        0.659019      0.00371506 
        11.5925        0.670141      0.00371506 
        11.6082        0.663912      0.00371506 
        11.6239        0.666809      0.00371506 
        11.6396        0.668898      0.00371506 
        11.6553        0.662193      0.00371506 
         11.671        0.671827      0.00371506 
        11.6867        0.662743      0.00371506 
        11.7024        0.669079      0.00371506 
        11.7182        0.665622      0.00371506 
        11.7339        0.667193      0.00371506 
        11.7496        0.669964      0.00371506 
        11.7653         0.66334      0.00371506 
         11.781        0.671961      0.00371506 
        11.7967        0.667002      0.00371506 
        11.8124        0.666663      0.00371506 
        11.8281        0.670818      0.00371506 
        11.8438        0.665864      0.00371506 
        11.8595        0.672935      0.00371506 
        11.8752        0.666897      0.00371506 
         11.891        0.670269      0.00371506 
        11.9067        0.671533      0.00371506 
        11.9224        0.669731      0.00371506 
        11.9381        0.672675      0.00371506 
        11.9538        0.667663      0.00371506 
        11.9695        0.675124      0.00371506 
        11.9852        0.670463      0.00371506 
        12.0009        0.670861      0.00371506 
        12.0166        0.673358      0.00371506 
        12.0323        0.668988      0.00371506 
         12.048         0.67802      0.00371506 
        12.0637        0.668496      0.00371506 
