# k  (h/Mpc)    Pcb(k)  (Mpc/h)^3    Pcb_linear(k) (Mpc/h)^3   ShotnoiseSubtracted = true
      0.0200456         21840.8         22190.7 
      0.0350414         17862.8         17399.8 
      0.0492313         13351.9           13786 
      0.0637834         10542.5         11210.2 
      0.0800726         7962.03         8468.23 
       0.096163         6783.19          6660.8 
       0.111083         5780.34         5638.36 
       0.126058         4602.02         4687.08 
       0.142273         3962.44         3814.05 
       0.158546         3369.74         3249.13 
        0.17375         3062.01         2826.85 
       0.188953         2870.61         2430.23 
       0.204907            2472         2103.71 
       0.220756         2250.63         1859.35 
        0.23588         2026.07          1651.5 
         0.2514         1842.05         1463.36 
       0.267535         1769.56         1305.07 
       0.283568         1590.22         1172.72 
       0.299022         1521.86            1059 
       0.314451         1582.91          960.15 
       0.330372         1416.83          873.01 
       0.346141         1303.89         796.957 
       0.361624         1252.11         730.427 
       0.377134         1203.17         671.587 
       0.392932         1150.45         618.566 
       0.408854         1103.17          570.76 
       0.424564         1083.71         528.415 
       0.440253         1012.66         490.514 
       0.455999         970.468         456.244 
       0.471626         980.471         425.422 
        0.48727         931.791         397.411 
       0.502856         899.022         372.028 
       0.518488         871.585         348.797 
       0.534347         838.613         327.247 
       0.550082         803.714         307.667 
       0.565732         790.214         289.787 
       0.581496         772.031         273.216 
       0.597222         759.678         257.975 
       0.612804         742.737         244.026 
       0.628434         712.639         231.075 
       0.644267          694.04         218.917 
       0.660051         686.221          207.67 
       0.675724         673.757         197.286 
       0.691403         650.975         187.611 
       0.707174         633.974         178.537 
       0.722871         625.771         170.103 
        0.73838         614.131         162.307 
       0.754018         601.351         154.943 
       0.769845         591.366         147.957 
        0.78569         577.638         141.397 
       0.801365         560.356         135.299 
       0.817031         554.382         129.566 
       0.832809         545.715          124.13 
       0.848511         535.421         119.031 
       0.864097         528.114         114.254 
       0.879701         526.915         109.735 
       0.895507         505.899         105.408 
       0.911279         501.407         101.325 
        0.92691         492.282         97.4919 
       0.942635         486.719         93.8372 
       0.958396         473.553         90.3628 
       0.974128         466.463         87.0715 
       0.989692         453.696         83.9773 
        1.00528         450.071         81.0298 
        1.02113         440.718         78.1782 
        1.03692         434.613         75.4751 
        1.05264         427.422         72.9128 
        1.06832         418.605         70.4741 
        1.08405          416.59          68.141 
        1.09979         406.943         65.9126 
        1.11537          397.11         63.8064 
        1.13105         393.251         61.7801 
        1.14679         385.934         59.8344 
        1.16256         382.454          57.969 
        1.17828         376.652         56.1896 
        1.19395         367.724         54.4912 
         1.2097          364.15         52.8546 
        1.22537         356.743         51.2934 
          1.241         351.848         49.8002 
        1.25666         346.749         48.3629 
        1.27241          342.13         46.9758 
        1.28819         334.608          45.641 
        1.30392         333.081         44.3621 
        1.31957         325.164          43.138 
        1.33529         321.115         41.9558 
        1.35108         319.038         40.8134 
        1.36674         310.865         39.7218 
         1.3824         306.544         38.6713 
        1.39811         302.564         37.6554 
        1.41389         296.907         36.6722 
        1.42964         292.494         35.7259 
        1.44531          287.08         34.8177 
        1.46101         282.183         33.9392 
        1.47667         280.281         33.0937 
        1.49229         275.749         32.2795 
        1.50793         271.188         31.4917 
        1.52367         266.474         30.7253 
        1.53953         262.098         29.9793 
        1.55526         259.101          29.264 
        1.57092         255.403         28.5752 
        1.58662         250.811         27.9069 
        1.60235         247.517         27.2588 
        1.61809         245.478          26.631 
        1.63369         240.837         26.0285 
        1.64941         237.579         25.4405 
        1.66519         233.731         24.8685 
        1.68085         229.517         24.3183 
        1.69652         227.208         23.7845 
        1.71228         223.577         23.2638 
        1.72806          220.24         22.7583 
        1.74368         217.692          22.273 
        1.75933         215.633         21.8008 
        1.77505         211.969         21.3402 
        1.79081         209.481         20.8921 
         1.8065         207.032         20.4587 
        1.82218         202.256         20.0381 
        1.83797         200.662         19.6265 
        1.85367         197.284         19.2287 
        1.86928         194.103         18.8443 
        1.88497         191.976         18.4684 
        1.90073         190.069         18.1014 
        1.91647         186.697         17.7447 
        1.93218         184.404         17.3983 
        1.94787         180.761         17.0618 
        1.96363         179.938         16.7328 
        1.97935         177.435         16.4132 
        1.99499         175.086         16.1037 
        2.01064          171.37         15.8018 
         2.0264         170.324         15.5058 
        2.04216         167.632         15.2175 
        2.05781         165.527         14.9384 
        2.07353         164.511         14.6652 
        2.08928         162.044         14.3983 
        2.10499         159.433         14.1388 
        2.12065         157.306         13.8865 
        2.13633         155.098         13.6401 
        2.15211          153.11         13.3981 
        2.16785         151.498         13.1627 
        2.18349         149.587         12.9344 
        2.19916         147.144         12.7111 
        2.21489         145.665         12.4922 
        2.23063          143.95         12.2785 
         2.2463         141.714         12.0706 
        2.26194           139.7         11.8681 
        2.27765         137.951         11.6692 
        2.29341         136.604         11.4744 
        2.30914         134.984         11.2844 
        2.32486         132.712         11.0989 
        2.34061         130.771         10.9172 
        2.35635         129.833         10.7397 
        2.37203         128.344         10.5668 
        2.38768          127.13         10.3981 
        2.40339         124.508         10.2324 
        2.41914         123.076           10.07 
        2.43483         121.782         9.91166 
         2.4505         120.601           9.757 
        2.46622         118.393         9.60512 
        2.48195         117.764         9.45647 
        2.49759         115.435         9.31176 
        2.51328         114.508          9.1697 
        2.52906         113.315         9.02971 
        2.54479         111.737         8.89317 
        2.56049         110.504         8.75971 
        2.57618         109.132         8.62912 
        2.59189         108.088         8.50099 
        2.60758         106.708         8.37567 
        2.62325         105.129         8.25302 
        2.63898         104.086         8.13241 
        2.65468         102.615         8.01446 
        2.67044         101.927         7.89835 
        2.68618          100.27         7.78481 
        2.70184         99.3162         7.67396 
        2.71755         98.0283         7.56499 
        2.73329         96.7165         7.45797 
        2.74897          95.898         7.35337 
        2.76462         95.0898           7.251 
        2.78034         93.8384         7.15017 
        2.79607         92.5727         7.05115 
        2.81179         91.7533         6.95412 
        2.82749         90.7934         6.85902 
        2.84321         89.4143          6.7656 
        2.85893         88.1913         6.67394 
        2.87462         87.3645         6.58414 
        2.89033          86.442         6.49591 
        2.90605         85.3341         6.40923 
        2.92176         84.4609         6.32417 
        2.93747           83.54         6.24069 
        2.95318         82.5451         6.15871 
        2.96891         81.7004         6.07816 
        2.98456         80.6938         5.99941 
        3.00023         79.8963         5.92194 
        3.01596           79.24          5.8456 
        3.03164         78.4074         5.77083 
        3.04738         77.6223         5.69714 
         3.0631          76.644         5.62476 
        3.07883          75.936         5.55364 
        3.09456         75.0316         5.48376 
        3.11026          74.227         5.41519 
        3.12596         73.2852         5.34781 
        3.14163          72.678         5.28172 
        3.15734         71.8249          5.2166 
        3.17308          71.121         5.15241 
        3.18879         70.5005         5.08949 
        3.20447         69.6517          5.0277 
         3.2202         68.6882         4.96675 
         3.2359         68.1966         4.90692 
        3.25157         67.6312         4.84822 
        3.26729         66.7082          4.7903 
        3.28304         66.1359         4.73321 
        3.29877         65.3095         4.67713 
        3.31446         64.5902         4.62208 
        3.33014         63.9644         4.56797 
        3.34585         63.3758         4.51463 
        3.36158         62.7703         4.46207 
        3.37727         62.1021         4.41051 
        3.39294         61.5194         4.35982 
        3.40867         60.6693         4.30974 
        3.42439         60.1665         4.26047 
        3.44008         59.4374         4.21207 
        3.45578         58.9509         4.16438 
        3.47153         58.3204         4.11733 
        3.48724         57.8905         4.07108 
        3.50292         57.2095         4.02566 
        3.51859         56.6888         3.98095 
        3.53431         56.1079         3.93678 
        3.55007         55.5552         3.89317 
        3.56577         54.9232         3.85039 
        3.58146         54.4422         3.80828 
        3.59719         53.9489          3.7667 
        3.61292         53.4193         3.72575 
        3.62859         52.8122         3.68557 
        3.64429         52.4086          3.6459 
        3.66003         51.7528         3.60669 
        3.67578         51.2554         3.56808 
        3.69146         50.7813         3.53017 
        3.70712         50.3169         3.49289 
        3.72284         49.8403         3.45601 
        3.73853         49.4116         3.41972 
        3.75422         48.9831         3.38394 
        3.76993          48.541         3.34864 
        3.78564         48.0534         3.31386 
        3.80137         47.4925         3.27951 
        3.81707         47.1939         3.24573 
        3.83279         46.7754         3.21239 
        3.84853         46.2893         3.17947 
        3.86424         45.7984         3.14707 
        3.87992         45.3252         3.11517 
        3.89561         45.0255         3.08372 
        3.91134         44.4986         3.05263 
        3.92704         44.2436         3.02201 
        3.94273         43.6463         2.99184 
        3.95845          43.323         2.96202 
        3.97418         42.9054          2.9326 
        3.98988         42.5248         2.90363 
        4.00554         42.0201         2.87512 
        4.02125         41.7325         2.84692 
        4.03698         41.2965         2.81905 
        4.05268         40.9257         2.79161 
        4.06839         40.6262         2.76452 
         4.0841         40.3165          2.7378 
        4.09983         39.9358          2.7114 
        4.11555         39.5294         2.68535 
        4.13124         39.1198         2.65971 
        4.14693         38.8942         2.63439 
        4.16266          38.482         2.60934 
        4.17839         38.0306         2.58464 
        4.19408          37.723          2.5603 
        4.20977          37.483         2.53627 
        4.22551         37.1015         2.51249 
        4.24123         36.7827         2.48904 
        4.25691          36.431         2.46595 
        4.27259         36.1292         2.44315 
        4.28831         35.7934         2.42059 
        4.30404         35.4397          2.3983 
        4.31974         35.1823         2.37633 
        4.33543         34.8575         2.35465 
        4.35116         34.5413         2.33319 
        4.36688         34.2656           2.312 
        4.38255         34.0158         2.29116 
        4.39825         33.7646         2.27053 
        4.41398         33.5206         2.25011 
         4.4297           33.12         2.22996 
        4.44541         32.8694         2.21007 
        4.46111          32.615         2.19043 
        4.47683         32.3802         2.17101 
        4.49251         32.0683         2.15187 
        4.50819         31.7354         2.13297 
         4.5239         31.4709         2.11427 
        4.53962         31.1997         2.09576 
        4.55535          30.895         2.07747 
        4.57106         30.6868         2.05943 
        4.58678         30.4164         2.04159 
         4.6025         30.1881         2.02396 
        4.61821         29.9253         2.00655 
        4.63391         29.7156         1.98936 
         4.6496         29.4029         1.97237 
        4.66532         29.2458         1.95556 
        4.68103         28.8834         1.93896 
        4.69673         28.7171         1.92256 
        4.71241         28.4726         1.90637 
        4.72811         28.2294         1.89033 
        4.74384         28.0322         1.87447 
        4.75955         27.8349          1.8588 
        4.77525         27.5845         1.84333 
        4.79096          27.302         1.82801 
        4.80669         27.0881         1.81286 
         4.8224         26.9021          1.7979 
        4.83809         26.6776         1.78312 
        4.85379         26.5053          1.7685 
         4.8695         26.2091         1.75403 
        4.88521         25.9627         1.73973 
        4.90093         25.8233         1.72559 
        4.91663         25.6591         1.71161 
        4.93234          25.448         1.69778 
        4.94807          25.232         1.68409 
        4.96377          25.035         1.67058 
        4.97943         24.8313         1.65724 
        4.99514         24.6268         1.64401 
        5.01086          24.467         1.63092 
        5.02654          24.278         1.61801 
        5.04227         24.0709         1.60519 
          5.058         23.8858         1.59251 
        5.07371         23.7424         1.57999 
        5.08942         23.5097         1.56761 
        5.10513          23.325         1.55535 
        5.12084         23.1329         1.54322 
        5.13656         22.9556         1.53122 
        5.15225         22.7892         1.51937 
        5.16796         22.6001         1.50763 
        5.18369         22.3938           1.496 
         5.1994         22.2432         1.48451 
        5.21509         22.0253         1.47315 
        5.23079         21.9093          1.4619 
        5.24649         21.7214         1.45078 
        5.26217         21.5669         1.43978 
        5.27788          21.421         1.42887 
        5.29359         21.1957         1.41808 
        5.30933           21.08         1.40739 
        5.32504         20.9293         1.39682 
        5.34073         20.7521         1.38637 
        5.35646         20.6138         1.37601 
        5.37218         20.5004         1.36575 
        5.38789         20.3282         1.35561 
        5.40357         20.1325         1.34559 
        5.41929         19.9992         1.33565 
        5.43502         19.8924          1.3258 
         5.4507         19.6997         1.31608 
        5.46639         19.5412         1.30646 
        5.48212         19.4338          1.2969 
        5.49786         19.3072         1.28744 
        5.51353         19.0817         1.27811 
        5.52921         19.0055         1.26887 
        5.54495          18.851         1.25969 
        5.56066         18.6966         1.25061 
        5.57637          18.574         1.24162 
        5.59207         18.4257         1.23273 
        5.60778         18.3387         1.22392 
        5.62346         18.1842         1.21521 
        5.63916         18.0379         1.20658 
        5.65487         17.9184         1.19803 
         5.6706          17.774         1.18955 
        5.68633         17.6359         1.18115 
        5.70203         17.5273         1.17284 
        5.71773         17.3835         1.16462 
        5.73344          17.255         1.15647 
        5.74916         17.1324         1.14839 
        5.76486         17.0353         1.14041 
        5.78054         16.8688          1.1325 
        5.79626         16.7916         1.12466 
          5.812         16.6302         1.11687 
         5.8277         16.5579         1.10919 
        5.84339         16.3973         1.10158 
        5.85911          16.283         1.09402 
        5.87484          16.161         1.08654 
        5.89053         16.0844         1.07914 
        5.90623         15.9549          1.0718 
        5.92195         15.8069         1.06452 
        5.93767         15.7475         1.05732 
        5.95336         15.5814         1.05019 
        5.96905         15.5122         1.04313 
        5.98476         15.3738         1.03612 
        6.00048         15.3181         1.02918 
        6.01617          15.202         1.02231 
        6.03185         15.0679         1.01551 
        6.04756         14.9958         1.00876 
        6.06331         14.8693         1.00205 
        6.07903         14.7994        0.995419 
        6.09473         14.6575        0.988853 
        6.11044          14.595        0.982341 
        6.12616         14.4651        0.975888 
        6.14186         14.3567          0.9695 
        6.15755         14.2725        0.963169 
        6.17326          14.174         0.95689 
        6.18898         14.0373        0.950664 
        6.20467         13.9781        0.944505 
        6.22036         13.8692          0.9384 
         6.2361          13.782        0.932333 
         6.2518         13.6907        0.926329 
        6.26748         13.5646        0.920392 
        6.28319         13.4957         0.91449 
        6.29893         13.4044        0.908635 
        6.31463         13.3034         0.90284 
        6.33033         13.2322        0.897099 
        6.34604         13.1269        0.891403 
        6.36177         13.0474        0.885751 
        6.37747         12.9724        0.880158 
        6.39316         12.8629        0.874617 
        6.40888         12.7909        0.869113 
         6.4246          12.715        0.863656 
        6.44031         12.6177        0.858249 
        6.45601         12.5216        0.852895 
        6.47172         12.4456         0.84758 
        6.48744         12.3632        0.842308 
        6.50313         12.2855         0.83709 
        6.51882         12.2059        0.831918 
        6.53452         12.1181        0.826785 
        6.55025         12.0376        0.821686 
        6.56597         11.9698        0.816637 
        6.58166         11.8809        0.811636 
        6.59736          11.792        0.806675 
        6.61307         11.7254         0.80175 
         6.6288         11.6641        0.796864 
         6.6445         11.5803        0.792025 
         6.6602         11.5084        0.787227 
        6.67592          11.445        0.782463 
        6.69164         11.3482        0.777741 
        6.70735         11.2894        0.773058 
        6.72304         11.2226        0.768419 
        6.73874         11.1185        0.763817 
        6.75446           11.05        0.759247 
        6.77016         10.9824         0.75472 
        6.78585         10.9397        0.750231 
        6.80156         10.8444        0.745777 
        6.81729         10.7879         0.74135 
        6.83301         10.7395        0.736961 
         6.8487         10.6539        0.732618 
         6.8644         10.5577        0.728306 
        6.88012         10.5192        0.724025 
        6.89583          10.436        0.719782 
        6.91151         10.3812        0.715579 
        6.92723         10.3181        0.711399 
        6.94296          10.247        0.707251 
        6.95866         10.1814        0.703143 
        6.97436         10.1045        0.699068 
        6.99007         10.0334        0.695023 
        7.00578         10.0074        0.691011 
        7.02147         9.93095        0.687034 
        7.03718         9.85379        0.683085 
         7.0529         9.80512        0.679163 
        7.06863          9.7225         0.67527 
        7.08433         9.68454        0.671414 
        7.10004         9.63027        0.667588 
        7.11575          9.5608        0.663791 
        7.13145         9.49222        0.660025 
        7.14715         9.43218        0.656288 
        7.16284         9.36903        0.652585 
        7.17855         9.33113        0.648903 
        7.19428         9.26205        0.645245 
        7.20998         9.19998        0.641623 
        7.22568         9.15096        0.638029 
        7.24139         9.10042         0.63446 
        7.25711          9.0408        0.630918 
        7.27282         8.96702        0.627402 
        7.28852          8.9288        0.623918 
        7.30423         8.88783        0.620456 
        7.31995         8.82625        0.617021 
        7.33565         8.76835        0.613613 
        7.35135         8.71767        0.610231 
        7.36706         8.66471        0.606876 
        7.38277         8.60782        0.603543 
        7.39847         8.54176        0.600237 
        7.41419         8.50142        0.596954 
         7.4299         8.45897        0.593696 
        7.44561         8.41008        0.590462 
        7.46132         8.34979        0.587253 
        7.47701         8.30167        0.584072 
        7.49272         8.26559         0.58091 
        7.50842         8.20471        0.577774 
         7.5241         8.16873        0.574664 
        7.53981         8.10799        0.571573 
        7.55552         8.05669        0.568503 
        7.57125         8.02454        0.565453 
        7.58698          7.9644        0.562425 
        7.60268         7.91877        0.559425 
         7.6184         7.86769        0.556443 
        7.63411          7.8198        0.553484 
        7.64981         7.78745        0.550549 
        7.66552         7.72559        0.547635 
        7.68123         7.69519         0.54474 
        7.69695         7.64357        0.541865 
        7.71264         7.59929        0.539015 
        7.72834         7.55242        0.536185 
        7.74407         7.51906         0.53337 
        7.75978          7.4708        0.530577 
        7.77546         7.43028        0.527811 
        7.79116         7.37971        0.525061 
         7.8069          7.3368        0.522325 
         7.8226         7.30091        0.519612 
        7.83828         7.25635        0.516924 
        7.85399         7.20541        0.514251 
        7.86972         7.17178        0.511592 
        7.88543         7.13703        0.508956 
        7.90111         7.08015        0.506343 
        7.91681         7.05016        0.503744 
        7.93255         7.00468        0.501159 
        7.94828         6.97986        0.498593 
        7.96397         6.93809         0.49605 
        7.97967         6.89064        0.493524 
        7.99538         6.85009        0.491015 
         8.0111          6.8081        0.488522 
         8.0268         6.77484        0.486048 
        8.04248         6.74092        0.483594 
         8.0582         6.70137        0.481153 
        8.07393         6.65387        0.478725 
        8.08963         6.63188         0.47632 
        8.10533         6.59341        0.473931 
        8.12104         6.54557        0.471557 
        8.13675         6.51473        0.469198 
        8.15245          6.4753        0.466858 
        8.16815         6.43405        0.464534 
        8.18387          6.4047        0.462223 
        8.19959         6.36576        0.459927 
         8.2153          6.3354        0.457649 
        8.23101         6.29658        0.455385 
        8.24672         6.25928        0.453138 
        8.26241         6.22243        0.450908 
         8.2781         6.18965        0.448694 
        8.29381         6.15892        0.446491 
        8.30952         6.12729        0.444303 
        8.32524         6.09632        0.442128 
        8.34095         6.06368         0.43997 
        8.35666         6.02824        0.437826 
        8.37237         6.00302        0.435696 
        8.38808         5.95818         0.43358 
        8.40379         5.93302        0.431479 
         8.4195         5.90104        0.429392 
         8.4352         5.87383        0.427319 
        8.45091         5.82946         0.42526 
        8.46662         5.80347        0.423213 
        8.48232         5.76511        0.421181 
        8.49802          5.7427        0.419163 
        8.51374         5.70777        0.417155 
        8.52945         5.67863        0.415162 
        8.54515         5.64952        0.413183 
        8.56086         5.61827        0.411215 
        8.57658         5.58601        0.409261 
        8.59228         5.55231         0.40732 
        8.60799          5.5313         0.40539 
        8.62371         5.50123        0.403473 
        8.63942         5.47491        0.401569 
        8.65512         5.45181        0.399678 
        8.67082         5.42307          0.3978 
        8.68653         5.38025        0.395932 
        8.70224         5.35365        0.394076 
        8.71795         5.32921        0.392233 
        8.73365         5.30345        0.390402 
        8.74936         5.26974        0.388582 
        8.76506          5.2493        0.386775 
        8.78076         5.22063        0.384979 
        8.79646          5.1949        0.383195 
        8.81218         5.16502         0.38142 
        8.82791         5.14035        0.379654 
         8.8436         5.11397        0.377904 
         8.8593         5.08794        0.376165 
        8.87503           5.062        0.374433 
        8.89076         5.02688        0.372712 
        8.90644         5.01502        0.371007 
        8.92214         4.98737        0.369311 
        8.93786         4.95798        0.367624 
        8.95357         4.93089        0.365947 
        8.96928         4.90637        0.364282 
        8.98498         4.88415        0.362628 
        9.00069         4.85427        0.360983 
        9.01639         4.83609        0.359348 
        9.03208         4.80724        0.357726 
        9.04778         4.78674        0.356112 
        9.06351         4.75984        0.354506 
        9.07923         4.73542         0.35291 
        9.09493         4.71397        0.351326 
        9.11062         4.69841        0.349753 
        9.12635          4.6723        0.348186 
        9.14207         4.64147        0.346629 
        9.15777         4.61718        0.345084 
        9.17346         4.60547        0.343549 
        9.18917         4.57192        0.342021 
         9.2049         4.55482        0.340501 
        9.22061         4.53292        0.338992 
        9.23631         4.51158        0.337493 
        9.25201         4.48474        0.336004 
        9.26773         4.46406        0.334521 
        9.28343         4.45014        0.333049 
        9.29913         4.42537        0.331586 
        9.31484         4.39856        0.330131 
        9.33057         4.38119        0.328683 
        9.34627         4.34736        0.327245 
        9.36197         4.33817        0.325818 
        9.37768         4.31527        0.324396 
        9.39338         4.29813        0.322985 
        9.40909         4.27485        0.321582 
        9.42479         4.25806        0.320187 
         9.4405         4.23877        0.318801 
        9.45621         4.21501        0.317422 
        9.47193          4.1983        0.316052 
        9.48763         4.17532         0.31469 
        9.50334         4.15361        0.313336 
        9.51906         4.13632         0.31199 
        9.53476         4.12014        0.310652 
        9.55045         4.09937        0.309323 
        9.56616         4.08407        0.308001 
        9.58188         4.06147        0.306685 
        9.59759         4.04392        0.305377 
         9.6133         4.02499        0.304077 
        9.62901          4.0108        0.302783 
        9.64471         3.98446        0.301498 
        9.66041         3.96936         0.30022 
        9.67612         3.94929        0.298947 
        9.69184         3.93098        0.297682 
        9.70754         3.91929        0.296426 
        9.72324         3.89575        0.295177 
        9.73895          3.8798        0.293935 
        9.75467         3.86371        0.292701 
        9.77038         3.84871        0.291475 
        9.78607         3.82969        0.290259 
        9.80177         3.81091        0.289051 
        9.81749         3.79857        0.287849 
         9.8332         3.77686        0.286657 
         9.8489         3.76528        0.285473 
        9.86463         3.74983        0.284294 
        9.88035         3.72744        0.283122 
        9.89606          3.7161        0.281957 
        9.91175         3.70193        0.280797 
        9.92745         3.68097        0.279642 
        9.94317           3.665        0.278488 
        9.95888         3.64922        0.277338 
        9.97458         3.63544         0.27619 
        9.99029          3.6186        0.275042 
         10.006         3.60791        0.274334 
        10.0217         3.59021        0.274334 
        10.0374         3.57643        0.274334 
        10.0531         3.55856        0.274334 
        10.0688         3.54688        0.274334 
        10.0845            3.53        0.274334 
        10.1002         3.51189        0.274334 
        10.1159         3.50372        0.274334 
        10.1317          3.4818        0.274334 
        10.1474         3.46869        0.274334 
        10.1631         3.45647        0.274334 
        10.1788         3.44334        0.274334 
        10.1945         3.42874        0.274334 
        10.2102         3.41489        0.274334 
        10.2259         3.39901        0.274334 
        10.2416         3.38802        0.274334 
        10.2573         3.37534        0.274334 
         10.273         3.35949        0.274334 
        10.2887         3.35189        0.274334 
        10.3044         3.33617        0.274334 
        10.3201         3.32013        0.274334 
        10.3359         3.30891        0.274334 
        10.3516         3.29613        0.274334 
        10.3673         3.28156        0.274334 
         10.383         3.26537        0.274334 
        10.3987         3.25858        0.274334 
        10.4144         3.24488        0.274334 
        10.4301         3.23222        0.274334 
        10.4458          3.2215        0.274334 
        10.4615         3.20681        0.274334 
        10.4772         3.19323        0.274334 
        10.4929         3.18369        0.274334 
        10.5086         3.17482        0.274334 
        10.5244         3.15741        0.274334 
        10.5401         3.14991        0.274334 
        10.5558         3.13822        0.274334 
        10.5715         3.12454        0.274334 
        10.5872         3.11089        0.274334 
        10.6029         3.10127        0.274334 
        10.6186         3.09153        0.274334 
        10.6343         3.08127        0.274334 
          10.65         3.07053        0.274334 
        10.6657         3.06067        0.274334 
        10.6814         3.04545        0.274334 
        10.6971         3.03795        0.274334 
        10.7129         3.02614        0.274334 
        10.7286         3.01645        0.274334 
        10.7443         3.00609        0.274334 
          10.76         2.99362        0.274334 
        10.7757         2.98757        0.274334 
        10.7914         2.97358        0.274334 
        10.8071         2.96683        0.274334 
        10.8228         2.95815        0.274334 
        10.8385         2.94691        0.274334 
        10.8542         2.93635        0.274334 
        10.8699         2.92783        0.274334 
        10.8856          2.9177        0.274334 
        10.9014         2.90894        0.274334 
        10.9171         2.89836        0.274334 
        10.9328         2.89271        0.274334 
        10.9485         2.88085        0.274334 
        10.9642         2.87136        0.274334 
        10.9799         2.86605        0.274334 
        10.9956         2.85335        0.274334 
        11.0113         2.84751        0.274334 
         11.027         2.83872        0.274334 
        11.0427         2.83057        0.274334 
        11.0584         2.82143        0.274334 
        11.0741         2.81194        0.274334 
        11.0898         2.80297        0.274334 
        11.1055         2.79554        0.274334 
        11.1212         2.79077        0.274334 
         11.137         2.78156        0.274334 
        11.1527         2.77322        0.274334 
        11.1684         2.76771        0.274334 
        11.1841         2.75663        0.274334 
        11.1998         2.75355        0.274334 
        11.2155           2.741        0.274334 
        11.2312         2.73501        0.274334 
        11.2469         2.72844        0.274334 
        11.2626         2.72346        0.274334 
        11.2783         2.71775        0.274334 
         11.294         2.70799        0.274334 
        11.3097         2.70276        0.274334 
        11.3254         2.69583        0.274334 
        11.3412         2.68686        0.274334 
        11.3569         2.68407        0.274334 
        11.3726         2.67836        0.274334 
        11.3883         2.66923        0.274334 
         11.404         2.66321        0.274334 
        11.4197         2.65988        0.274334 
        11.4354         2.65095        0.274334 
        11.4511         2.64395        0.274334 
        11.4668         2.64105        0.274334 
        11.4825           2.634        0.274334 
        11.4982         2.62934        0.274334 
         11.514          2.6201        0.274334 
        11.5297         2.61909        0.274334 
        11.5454         2.61316        0.274334 
        11.5611         2.60615        0.274334 
        11.5768         2.60367        0.274334 
        11.5925         2.59525        0.274334 
        11.6082         2.59281        0.274334 
        11.6239         2.58594        0.274334 
        11.6396         2.58207        0.274334 
        11.6553         2.58003        0.274334 
         11.671         2.57167        0.274334 
        11.6867         2.56966        0.274334 
        11.7024          2.5638        0.274334 
        11.7182          2.5607        0.274334 
        11.7339         2.55542        0.274334 
        11.7496         2.55259        0.274334 
        11.7653         2.55199        0.274334 
         11.781         2.54409        0.274334 
        11.7967         2.54185        0.274334 
        11.8124         2.53795        0.274334 
        11.8281         2.53417        0.274334 
        11.8438         2.53092        0.274334 
        11.8595         2.52837        0.274334 
        11.8752         2.52491        0.274334 
         11.891         2.52343        0.274334 
        11.9067         2.51962        0.274334 
        11.9224         2.51825        0.274334 
        11.9381          2.5146        0.274334 
        11.9538         2.51224        0.274334 
        11.9695         2.51002        0.274334 
        11.9852         2.50762        0.274334 
        12.0009         2.50696        0.274334 
        12.0166         2.50485        0.274334 
        12.0323          2.4998        0.274334 
         12.048         2.49727        0.274334 
        12.0637         2.49744        0.274334 
