# k  (h/Mpc)    Pcb(k)  (Mpc/h)^3    Pcb_linear(k) (Mpc/h)^3   ShotnoiseSubtracted = true
      0.0200456         23141.4         23520.7 
      0.0350414         18939.1         18442.6 
      0.0492313         14125.6         14612.2 
      0.0637834         11150.5         11882.1 
      0.0800726         8419.89         8975.77 
       0.096163         7187.19         7060.02 
       0.111083         6120.65         5976.29 
       0.126058         4876.42            4968 
       0.142273         4207.89         4042.65 
       0.158546         3573.56         3443.86 
        0.17375         3254.66         2996.28 
       0.188953         3062.67         2575.89 
       0.204907         2639.42          2229.8 
       0.220756         2404.86         1970.79 
        0.23588         2165.67         1750.49 
         0.2514         1972.94         1551.07 
       0.267535         1892.99         1383.29 
       0.283568         1705.87         1243.01 
       0.299022          1631.8         1122.47 
       0.314451         1697.94          1017.7 
       0.330372          1528.6         925.334 
       0.346141         1407.67         844.723 
       0.361624         1350.66         774.205 
       0.377134          1300.3         711.839 
       0.392932         1240.71          655.64 
       0.408854         1192.17         604.968 
       0.424564         1171.63         560.086 
       0.440253         1099.07         519.913 
       0.455999         1052.95         483.589 
       0.471626         1060.52          450.92 
        0.48727         1010.49          421.23 
       0.502856         979.625         394.326 
       0.518488         946.112         369.702 
       0.534347         913.042          346.86 
       0.550082         876.758         326.107 
       0.565732          860.14         307.156 
       0.581496          839.46         289.591 
       0.597222          828.82         273.437 
       0.612804         808.991         258.652 
       0.628434         777.009         244.924 
       0.644267         757.463         232.037 
       0.660051         748.239         220.117 
       0.675724         736.219         209.111 
       0.691403         708.764         198.856 
       0.707174         692.132         189.237 
       0.722871         684.304         180.298 
        0.73838         668.917         172.035 
       0.754018         657.562          164.23 
       0.769845         645.498         156.825 
        0.78569         629.997         149.871 
       0.801365         611.927         143.409 
       0.817031         604.481         137.332 
       0.832809         593.962          131.57 
       0.848511         582.176         126.165 
       0.864097         575.598         121.102 
       0.879701          576.14         116.312 
       0.895507         553.467         111.726 
       0.911279         549.372         107.398 
        0.92691         537.668         103.335 
       0.942635         530.786         99.4613 
       0.958396         519.016         95.7787 
       0.974128         510.165         92.2901 
       0.989692         497.594         89.0105 
        1.00528         492.485         85.8863 
        1.02113          482.29         82.8638 
        1.03692         475.362         79.9987 
        1.05264         468.473         77.2829 
        1.06832         458.708          74.698 
        1.08405         455.477         72.2251 
        1.09979         445.037         69.8631 
        1.11537          435.31         67.6307 
        1.13105         430.473         65.4829 
        1.14679         422.532         63.4206 
        1.16256         418.847         61.4434 
        1.17828         412.229         59.5573 
        1.19395         403.273         57.7571 
         1.2097         397.694         56.0225 
        1.22537         390.937         54.3677 
          1.241         384.733          52.785 
        1.25666         379.427         51.2616 
        1.27241         375.191         49.7913 
        1.28819         366.579         48.3765 
        1.30392         364.295         47.0209 
        1.31957         356.603         45.7235 
        1.33529         352.134         44.4705 
        1.35108         350.886         43.2596 
        1.36674         341.499         42.1025 
         1.3824         335.141          40.989 
        1.39811          331.92         39.9122 
        1.41389         326.764         38.8701 
        1.42964         321.293         37.8671 
        1.44531         314.986         36.9045 
        1.46101         308.728         35.9734 
        1.47667         307.779         35.0772 
        1.49229         303.349         34.2141 
        1.50793         297.309         33.3792 
        1.52367         291.638         32.5668 
        1.53953         288.195         31.7761 
        1.55526         283.749          31.018 
        1.57092         279.379         30.2878 
        1.58662         275.021         29.5795 
        1.60235         271.327         28.8925 
        1.61809         268.626         28.2271 
        1.63369         263.732         27.5886 
        1.64941         260.584         26.9653 
        1.66519         256.332          26.359 
        1.68085         251.693         25.7758 
        1.69652         248.691         25.2101 
        1.71228         244.752         24.6582 
        1.72806         241.475         24.1224 
        1.74368         238.268         23.6079 
        1.75933         235.792         23.1075 
        1.77505         231.565         22.6192 
        1.79081         228.988         22.1442 
         1.8065         226.725         21.6849 
        1.82218         221.344         21.2391 
        1.83797         219.484         20.8028 
        1.85367         215.453         20.3812 
        1.86928         211.906         19.9738 
        1.88497         209.645         19.5753 
        1.90073          207.72         19.1863 
        1.91647         204.354         18.8082 
        1.93218         201.227         18.4411 
        1.94787         197.152         18.0844 
        1.96363         196.269         17.7357 
        1.97935         193.207         17.3969 
        1.99499         190.707         17.0689 
        2.01064          186.73         16.7489 
         2.0264         185.792         16.4351 
        2.04216         182.368         16.1296 
        2.05781         180.794         15.8337 
        2.07353         179.342         15.5442 
        2.08928         176.971         15.2613 
        2.10499         173.742         14.9862 
        2.12065         171.604         14.7188 
        2.13633         169.036         14.4576 
        2.15211         167.194         14.2012 
        2.16785         165.029         13.9516 
        2.18349         163.047         13.7096 
        2.19916         161.011         13.4729 
        2.21489         158.746          13.241 
        2.23063         157.089         13.0144 
         2.2463         154.984         12.7941 
        2.26194         152.364         12.5794 
        2.27765         150.713         12.3686 
        2.29341         148.818         12.1621 
        2.30914          146.88         11.9608 
        2.32486         145.163         11.7641 
        2.34061         142.653         11.5715 
        2.35635         140.968         11.3834 
        2.37203         139.931         11.2001 
        2.38768         138.342         11.0213 
        2.40339         135.963         10.8457 
        2.41914         134.099         10.6735 
        2.43483         132.988         10.5057 
         2.4505         131.301         10.3418 
        2.46622          129.05         10.1808 
        2.48195         128.308         10.0232 
        2.49759         125.779         9.86986 
        2.51328         124.744         9.71929 
        2.52906         123.458         9.57091 
        2.54479         121.605         9.42618 
        2.56049         120.413         9.28473 
        2.57618         119.034         9.14631 
        2.59189         117.838          9.0105 
        2.60758         116.452         8.87767 
        2.62325         114.442         8.74767 
        2.63898         112.967         8.61983 
        2.65468         111.774         8.49481 
        2.67044         110.831         8.37174 
        2.68618         109.078          8.2514 
        2.70184         108.208          8.1339 
        2.71755         106.446          8.0184 
        2.73329         105.198         7.90496 
        2.74897         104.226         7.79409 
        2.76462          103.19          7.6856 
        2.78034         102.025         7.57872 
        2.79607         100.806         7.47376 
        2.81179         99.6914         7.37091 
        2.82749         98.7234         7.27012 
        2.84321         97.2209         7.17109 
        2.85893         96.1091         7.07395 
        2.87462         94.8449         6.97876 
        2.89033         94.0218         6.88525 
        2.90605          92.889         6.79337 
        2.92176          91.652         6.70321 
        2.93747         90.9359         6.61473 
        2.95318         89.7777         6.52783 
        2.96891         88.9968         6.44246 
        2.98456         87.6044         6.35899 
        3.00023         86.8803         6.27688 
        3.01596         86.1267         6.19596 
        3.03164         85.1432          6.1167 
        3.04738         84.3755          6.0386 
         3.0631         83.3147         5.96189 
        3.07883         82.3977          5.8865 
        3.09456         81.4473         5.81244 
        3.11026         80.7137         5.73976 
        3.12596         79.4458         5.66833 
        3.14163         78.9618         5.59828 
        3.15734         77.8809         5.52925 
        3.17308         77.0084         5.46123 
        3.18879         76.6072         5.39453 
        3.20447           75.67         5.32904 
         3.2202         74.5277         5.26444 
         3.2359         74.1713         5.20102 
        3.25157         73.5754          5.1388 
        3.26729         72.2813         5.07741 
        3.28304         71.9159          5.0169 
        3.29877         71.0383         4.95746 
        3.31446           70.38         4.89911 
        3.33014         69.7091         4.84175 
        3.34585          68.898         4.78522 
        3.36158         68.2363         4.72951 
        3.37727         67.4265         4.67486 
        3.39294         66.7629         4.62113 
        3.40867         65.8777         4.56804 
        3.42439         65.3107         4.51582 
        3.44008         64.7346         4.46452 
        3.45578         64.2923         4.41397 
        3.47153         63.4307          4.3641 
        3.48724         62.7917         4.31508 
        3.50292         62.3785         4.26694 
        3.51859         61.6577         4.21955 
        3.53431         61.0011         4.17273 
        3.55007         60.4116         4.12651 
        3.56577         59.9133         4.08117 
        3.58146         59.1637         4.03653 
        3.59719          58.733         3.99246 
        3.61292         58.1313         3.94906 
        3.62859         57.4968         3.90646 
        3.64429         57.0792         3.86442 
        3.66003         56.2841         3.82286 
        3.67578         55.7727         3.78193 
        3.69146         55.2636         3.74176 
        3.70712         54.6617         3.70224 
        3.72284          54.221         3.66314 
        3.73853         53.6667         3.62468 
        3.75422         53.3353         3.58675 
        3.76993         52.6773         3.54934 
        3.78564         52.1814         3.51247 
        3.80137         51.5907         3.47607 
        3.81707         51.2196         3.44026 
        3.83279         50.8932         3.40493 
        3.84853         50.2644         3.37003 
        3.86424         49.8902         3.33569 
        3.87992          49.283         3.30188 
        3.89561         48.9517         3.26854 
        3.91134         48.3704         3.23559 
        3.92704         48.0808         3.20313 
        3.94273         47.5872         3.17115 
        3.95845         47.1805         3.13955 
        3.97418         46.6617         3.10837 
        3.98988         46.3733         3.07766 
        4.00554         45.7073         3.04744 
        4.02125         45.2923         3.01755 
        4.03698         44.9482         2.98801 
        4.05268         44.5041         2.95893 
        4.06839         44.1811         2.93022 
         4.0841         43.9005         2.90189 
        4.09983         43.4403          2.8739 
        4.11555         43.0366          2.8463 
        4.13124         42.6158         2.81913 
        4.14693         42.4492         2.79229 
        4.16266         41.8803         2.76574 
        4.17839         41.4628         2.73955 
        4.19408         41.1026         2.71375 
        4.20977         40.7798         2.68828 
        4.22551         40.3888         2.66308 
        4.24123         40.0891         2.63822 
        4.25691         39.5685         2.61375 
        4.27259         39.4486         2.58958 
        4.28831         39.0541         2.56567 
        4.30404         38.7026         2.54204 
        4.31974         38.3239         2.51875 
        4.33543         37.9753         2.49578 
        4.35116         37.6816         2.47303 
        4.36688         37.3948         2.45057 
        4.38255         37.1316         2.42848 
        4.39825         36.7107         2.40661 
        4.41398         36.5553         2.38497 
         4.4297         36.0914         2.36361 
        4.44541         35.8337         2.34253 
        4.46111         35.4865         2.32171 
        4.47683         35.3407         2.30113 
        4.49251         34.9778         2.28085 
        4.50819         34.6052         2.26081 
         4.5239         34.3093         2.24099 
        4.53962         34.0365         2.22137 
        4.55535         33.7158         2.20199 
        4.57106         33.4916         2.18286 
        4.58678          33.138         2.16395 
         4.6025         32.9148         2.14527 
        4.61821          32.699         2.12681 
        4.63391         32.3576         2.10859 
         4.6496         32.1098         2.09059 
        4.66532         31.9074         2.07277 
        4.68103         31.6139         2.05517 
        4.69673         31.2689         2.03779 
        4.71241         31.1449         2.02062 
        4.72811         30.8834         2.00363 
        4.74384         30.5654         1.98681 
        4.75955         30.3109         1.97021 
        4.77525         30.0943         1.95381 
        4.79096         29.8507         1.93757 
        4.80669         29.6181         1.92151 
         4.8224         29.3599         1.90565 
        4.83809         29.1192         1.88999 
        4.85379         28.8877         1.87449 
         4.8695         28.6025         1.85916 
        4.88521         28.3987           1.844 
        4.90093         28.1682         1.82901 
        4.91663         27.9898          1.8142 
        4.93234         27.8187         1.79954 
        4.94807          27.519         1.78503 
        4.96377         27.3499          1.7707 
        4.97943           27.11         1.75657 
        4.99514         26.8539         1.74255 
        5.01086         26.6595         1.72867 
        5.02654         26.4728         1.71498 
        5.04227         26.2024          1.7014 
          5.058         26.0756         1.68796 
        5.07371         25.8683         1.67469 
        5.08942         25.6691         1.66156 
        5.10513         25.4456         1.64857 
        5.12084         25.2766         1.63571 
        5.13656         25.0338           1.623 
        5.15225         24.8752         1.61044 
        5.16796         24.6692         1.59799 
        5.18369         24.4659         1.58566 
         5.1994         24.3062         1.57348 
        5.21509         24.0854         1.56145 
        5.23079          23.909         1.54952 
        5.24649         23.6976         1.53773 
        5.26217         23.5891         1.52607 
        5.27788         23.3645         1.51451 
        5.29359         23.1512         1.50307 
        5.30933         22.9971         1.49174 
        5.32504         22.9081         1.48054 
        5.34073         22.6718         1.46946 
        5.35646         22.5211         1.45848 
        5.37218         22.3617         1.44761 
        5.38789         22.1881         1.43686 
        5.40357         21.9748         1.42624 
        5.41929         21.8436          1.4157 
        5.43502          21.692         1.40527 
         5.4507          21.511         1.39496 
        5.46639         21.3334         1.38476 
        5.48212         21.2065         1.37464 
        5.49786         21.0184          1.3646 
        5.51353         20.8548         1.35471 
        5.52921         20.6956         1.34492 
        5.54495         20.5276         1.33519 
        5.56066         20.4339         1.32557 
        5.57637         20.2674         1.31604 
        5.59207         20.1404         1.30662 
        5.60778         19.9816         1.29728 
        5.62346         19.8095         1.28805 
        5.63916         19.6442          1.2789 
        5.65487         19.5466         1.26983 
         5.6706         19.3575         1.26084 
        5.68633         19.2541         1.25194 
        5.70203         19.1017         1.24314 
        5.71773         18.9727         1.23442 
        5.73344         18.8492         1.22579 
        5.74916         18.6902         1.21722 
        5.76486         18.5751         1.20876 
        5.78054         18.4036         1.20038 
        5.79626         18.3179         1.19206 
          5.812         18.1474         1.18381 
         5.8277         18.0376         1.17567 
        5.84339         17.8847          1.1676 
        5.85911         17.7472         1.15959 
        5.87484         17.6508         1.15166 
        5.89053         17.5067         1.14381 
        5.90623         17.4148         1.13604 
        5.92195         17.2629         1.12833 
        5.93767         17.1264         1.12069 
        5.95336         17.0492         1.11313 
        5.96905         16.8982         1.10565 
        5.98476         16.8058         1.09822 
        6.00048         16.7169         1.09086 
        6.01617         16.5348         1.08358 
        6.03185         16.4569         1.07638 
        6.04756         16.3361         1.06922 
        6.06331         16.2228         1.06211 
        6.07903          16.113         1.05508 
        6.09473          15.993         1.04812 
        6.11044         15.8929         1.04122 
        6.12616         15.7868         1.03438 
        6.14186          15.681         1.02761 
        6.15755          15.604          1.0209 
        6.17326         15.4882         1.01424 
        6.18898         15.3548         1.00764 
        6.20467         15.2692         1.00111 
        6.22036         15.1278        0.994643 
         6.2361         15.0583        0.988213 
         6.2518         14.9595        0.981849 
        6.26748         14.8364        0.975556 
        6.28319         14.7314          0.9693 
        6.29893         14.6306        0.963094 
        6.31463         14.5211        0.956952 
        6.33033         14.4424        0.950866 
        6.34604         14.3608        0.944829 
        6.36177         14.2451        0.938838 
        6.37747         14.1695        0.932911 
        6.39316         14.0388        0.927038 
        6.40888         13.9655        0.921204 
         6.4246         13.8712         0.91542 
        6.44031         13.7866        0.909688 
        6.45601         13.6771        0.904013 
        6.47172          13.584        0.898379 
        6.48744         13.4845        0.892792 
        6.50313         13.3913        0.887261 
        6.51882         13.3297        0.881779 
        6.53452         13.2377        0.876338 
        6.55025         13.1458        0.870934 
        6.56597         13.0711        0.865582 
        6.58166          12.979        0.860282 
        6.59736          12.884        0.855023 
        6.61307          12.791        0.849803 
         6.6288         12.7364        0.844624 
         6.6445         12.6495        0.839495 
         6.6602         12.5512        0.834409 
        6.67592         12.4695         0.82936 
        6.69164         12.3846        0.824355 
        6.70735         12.3067        0.819391 
        6.72304          12.247        0.814474 
        6.73874         12.1641        0.809596 
        6.75446         12.0576        0.804752 
        6.77016         11.9979        0.799955 
        6.78585         11.9211        0.795196 
        6.80156         11.8261        0.790475 
        6.81729         11.7541        0.785783 
        6.83301         11.6961        0.781131 
         6.8487          11.628        0.776527 
         6.8644         11.5391        0.771958 
        6.88012         11.4863         0.76742 
        6.89583         11.3959        0.762923 
        6.91151         11.3352        0.758468 
        6.92723         11.2606        0.754037 
        6.94296         11.1852        0.749641 
        6.95866         11.1109        0.745286 
        6.97436         11.0161        0.740967 
        6.99007         10.9413         0.73668 
        7.00578         10.8999        0.732427 
        7.02147         10.8221        0.728212 
        7.03718         10.7496        0.724026 
         7.0529         10.6872        0.719869 
        7.06863         10.6098        0.715743 
        7.08433         10.5685        0.711655 
        7.10004         10.4851          0.7076 
        7.11575         10.4187        0.703576 
        7.13145         10.3692        0.699583 
        7.14715          10.269        0.695623 
        7.16284         10.2298        0.691698 
        7.17855         10.1605        0.687795 
        7.19428         10.0973        0.683918 
        7.20998         10.0395        0.680079 
        7.22568          9.9628        0.676269 
        7.24139          9.9046        0.672486 
        7.25711          9.8497        0.668732 
        7.27282          9.7693        0.665006 
        7.28852         9.72583        0.661313 
        7.30423         9.67252        0.657643 
        7.31995          9.6122        0.654002 
        7.33565         9.55953         0.65039 
        7.35135         9.49039        0.646806 
        7.36706         9.41638        0.643249 
        7.38277         9.39502        0.639716 
        7.39847         9.31808        0.636212 
        7.41419         9.26384        0.632732 
         7.4299         9.20229        0.629279 
        7.44561         9.14124        0.625852 
        7.46132         9.10983        0.622451 
        7.47701         9.02806        0.619078 
        7.49272         8.98643        0.615727 
        7.50842          8.9291        0.612403 
         7.5241         8.87674        0.609107 
        7.53981         8.81538         0.60583 
        7.55552         8.77087        0.602577 
        7.57125         8.72257        0.599344 
        7.58698         8.66505        0.596134 
        7.60268         8.61569        0.592954 
         7.6184          8.5658        0.589794 
        7.63411         8.51283        0.586658 
        7.64981          8.4642        0.583546 
        7.66552         8.41214        0.580457 
        7.68123         8.36904        0.577389 
        7.69695          8.3075        0.574342 
        7.71264          8.2686        0.571321 
        7.72834           8.224        0.568321 
        7.74407         8.17451        0.565338 
        7.75978         8.11072        0.562377 
        7.77546         8.06978        0.559445 
        7.79116         8.02888        0.556531 
         7.8069         7.97289         0.55363 
         7.8226         7.93791        0.550756 
        7.83828         7.89251        0.547906 
        7.85399         7.83401        0.545073 
        7.86972          7.8045        0.542254 
        7.88543         7.75759         0.53946 
        7.90111         7.70812        0.536691 
        7.91681         7.66563        0.533936 
        7.93255         7.61961        0.531196 
        7.94828         7.57341        0.528476 
        7.96397         7.52619         0.52578 
        7.97967         7.49139        0.523104 
        7.99538         7.44476        0.520444 
         8.0111         7.40506        0.517801 
         8.0268         7.36884        0.515179 
        8.04248         7.31553        0.512579 
         8.0582         7.27723        0.509991 
        8.07393         7.24631        0.507418 
        8.08963         7.20098        0.504868 
        8.10533         7.17106        0.502336 
        8.12104         7.11261        0.499819 
        8.13675         7.07404         0.49732 
        8.15245         7.04441        0.494839 
        8.16815         6.99732        0.492376 
        8.18387         6.97077        0.489927 
        8.19959         6.92128        0.487493 
         8.2153         6.87945        0.485078 
        8.23101          6.8376        0.482679 
        8.24672         6.80633        0.480297 
        8.26241          6.7667        0.477934 
         8.2781         6.72273        0.475586 
        8.29381         6.67691        0.473251 
        8.30952         6.65363        0.470933 
        8.32524         6.61567        0.468628 
        8.34095         6.57278        0.466339 
        8.35666         6.53409        0.464067 
        8.37237         6.50222         0.46181 
        8.38808         6.47557        0.459567 
        8.40379         6.43651         0.45734 
         8.4195         6.39981        0.455128 
         8.4352         6.36086         0.45293 
        8.45091         6.33217        0.450748 
        8.46662         6.29258        0.448578 
        8.48232         6.25738        0.446425 
        8.49802         6.23081        0.444285 
        8.51374         6.19306        0.442158 
        8.52945          6.1554        0.440045 
        8.54515         6.11942        0.437948 
        8.56086         6.10744        0.435862 
        8.57658         6.06383         0.43379 
        8.59228         6.03075        0.431733 
        8.60799         6.00025        0.429687 
        8.62371         5.96218        0.427655 
        8.63942         5.92848        0.425637 
        8.65512         5.89848        0.423633 
        8.67082         5.86777        0.421642 
        8.68653         5.84523        0.419662 
        8.70224         5.80863        0.417695 
        8.71795           5.776        0.415742 
        8.73365         5.75349        0.413801 
        8.74936         5.71104        0.411872 
        8.76506          5.6877        0.409957 
        8.78076         5.65581        0.408053 
        8.79646         5.62305        0.406161 
        8.81218         5.59334         0.40428 
        8.82791         5.56101        0.402409 
         8.8436         5.53622        0.400554 
         8.8593         5.50996        0.398711 
        8.87503          5.4784        0.396875 
        8.89076         5.45301        0.395051 
        8.90644         5.42258        0.393244 
        8.92214         5.39576        0.391446 
        8.93786         5.37252        0.389657 
        8.95357         5.33861        0.387881 
        8.96928         5.31248        0.386115 
        8.98498         5.28769        0.384362 
        9.00069          5.2635        0.382618 
        9.01639         5.22728        0.380886 
        9.03208         5.20737        0.379166 
        9.04778         5.17778        0.377456 
        9.06351         5.15491        0.375753 
        9.07923         5.12249        0.374062 
        9.09493         5.09711        0.372383 
        9.11062         5.07419        0.370716 
        9.12635         5.05245        0.369055 
        9.14207         5.02253        0.367405 
        9.15777         5.00226        0.365767 
        9.17346         4.97127         0.36414 
        9.18917         4.95491         0.36252 
         9.2049         4.92551        0.360909 
        9.22061         4.89514         0.35931 
        9.23631         4.86964        0.357721 
        9.25201         4.85395        0.356142 
        9.26773         4.83053        0.354571 
        9.28343         4.80216         0.35301 
        9.29913         4.78276         0.35146 
        9.31484         4.75967        0.349918 
        9.33057         4.73752        0.348382 
        9.34627         4.71329        0.346859 
        9.36197         4.68631        0.345346 
        9.37768         4.66248        0.343839 
        9.39338         4.64929        0.342343 
        9.40909         4.62398        0.340856 
        9.42479         4.59646        0.339378 
         9.4405         4.57854        0.337908 
        9.45621         4.55476        0.336447 
        9.47193         4.53459        0.334994 
        9.48763         4.51334        0.333551 
        9.50334         4.49073        0.332116 
        9.51906         4.47042        0.330689 
        9.53476         4.45389        0.329271 
        9.55045         4.41939        0.327863 
        9.56616         4.40919        0.326461 
        9.58188         4.38308        0.325066 
        9.59759           4.358         0.32368 
         9.6133         4.34341        0.322302 
        9.62901         4.32366        0.320931 
        9.64471         4.30695        0.319568 
        9.66041          4.2886        0.318213 
        9.67612         4.26523        0.316865 
        9.69184         4.24214        0.315524 
        9.70754         4.22222        0.314192 
        9.72324         4.20577        0.312868 
        9.73895         4.18647        0.311552 
        9.75467         4.16633        0.310244 
        9.77038         4.14834        0.308945 
        9.78607         4.12722        0.307656 
        9.80177         4.10876        0.306375 
        9.81749         4.09151        0.305101 
         9.8332         4.07502        0.303838 
         9.8489         4.05483        0.302583 
        9.86463         4.03308        0.301333 
        9.88035         4.01996        0.300091 
        9.89606         4.00357        0.298856 
        9.91175          3.9844        0.297627 
        9.92745         3.96319        0.296402 
        9.94317         3.94765         0.29518 
        9.95888         3.92974         0.29396 
        9.97458         3.92103        0.292743 
        9.99029         3.89885        0.291527 
         10.006         3.88473        0.290776 
        10.0217         3.86351        0.290776 
        10.0374         3.84393        0.290776 
        10.0531         3.83027        0.290776 
        10.0688         3.81293        0.290776 
        10.0845         3.79558        0.290776 
        10.1002         3.78343        0.290776 
        10.1159         3.76591        0.290776 
        10.1317         3.75084        0.290776 
        10.1474         3.73506        0.290776 
        10.1631         3.72092        0.290776 
        10.1788         3.70507        0.290776 
        10.1945         3.69031        0.290776 
        10.2102         3.66884        0.290776 
        10.2259         3.65415        0.290776 
        10.2416         3.64722        0.290776 
        10.2573         3.63109        0.290776 
         10.273         3.61108        0.290776 
        10.2887          3.6007        0.290776 
        10.3044         3.58886        0.290776 
        10.3201         3.56908        0.290776 
        10.3359         3.55116        0.290776 
        10.3516         3.53846        0.290776 
        10.3673         3.52654        0.290776 
         10.383         3.51494        0.290776 
        10.3987         3.49985        0.290776 
        10.4144         3.48635        0.290776 
        10.4301         3.47306        0.290776 
        10.4458         3.45877        0.290776 
        10.4615         3.44549        0.290776 
        10.4772         3.43036        0.290776 
        10.4929         3.41574        0.290776 
        10.5086         3.40511        0.290776 
        10.5244         3.38976        0.290776 
        10.5401         3.38006        0.290776 
        10.5558         3.36744        0.290776 
        10.5715         3.35538        0.290776 
        10.5872         3.34211        0.290776 
        10.6029         3.33125        0.290776 
        10.6186         3.31736        0.290776 
        10.6343         3.30135        0.290776 
          10.65         3.29461        0.290776 
        10.6657         3.28293        0.290776 
        10.6814         3.26778        0.290776 
        10.6971         3.25787        0.290776 
        10.7129         3.24589        0.290776 
        10.7286         3.23239        0.290776 
        10.7443         3.22267        0.290776 
          10.76         3.20932        0.290776 
        10.7757         3.20041        0.290776 
        10.7914         3.19041        0.290776 
        10.8071          3.1784        0.290776 
        10.8228         3.16667        0.290776 
        10.8385         3.16054        0.290776 
        10.8542         3.14746        0.290776 
        10.8699         3.13494        0.290776 
        10.8856         3.12542        0.290776 
        10.9014         3.11555        0.290776 
        10.9171          3.1056        0.290776 
        10.9328         3.09278        0.290776 
        10.9485         3.08414        0.290776 
        10.9642         3.07464        0.290776 
        10.9799         3.06528        0.290776 
        10.9956          3.0559        0.290776 
        11.0113         3.04391        0.290776 
         11.027         3.03671        0.290776 
        11.0427         3.02759        0.290776 
        11.0584         3.01601        0.290776 
        11.0741         3.00757        0.290776 
        11.0898         2.99735        0.290776 
        11.1055         2.99276        0.290776 
        11.1212         2.98022        0.290776 
         11.137         2.97066        0.290776 
        11.1527         2.96453        0.290776 
        11.1684         2.95418        0.290776 
        11.1841         2.94851        0.290776 
        11.1998         2.94286        0.290776 
        11.2155          2.9309        0.290776 
        11.2312         2.92538        0.290776 
        11.2469         2.91428        0.290776 
        11.2626         2.91054        0.290776 
        11.2783         2.90267        0.290776 
         11.294         2.89262        0.290776 
        11.3097         2.88392        0.290776 
        11.3254         2.87922        0.290776 
        11.3412          2.8707        0.290776 
        11.3569         2.86389        0.290776 
        11.3726         2.85742        0.290776 
        11.3883         2.84916        0.290776 
         11.404         2.84442        0.290776 
        11.4197           2.838        0.290776 
        11.4354         2.82809        0.290776 
        11.4511         2.82204        0.290776 
        11.4668         2.81424        0.290776 
        11.4825         2.80945        0.290776 
        11.4982         2.80314        0.290776 
         11.514         2.79589        0.290776 
        11.5297         2.79315        0.290776 
        11.5454         2.78564        0.290776 
        11.5611         2.78188        0.290776 
        11.5768         2.77382        0.290776 
        11.5925         2.76793        0.290776 
        11.6082         2.76409        0.290776 
        11.6239         2.75969        0.290776 
        11.6396         2.75187        0.290776 
        11.6553         2.74931        0.290776 
         11.671         2.74255        0.290776 
        11.6867         2.73664        0.290776 
        11.7024         2.73174        0.290776 
        11.7182         2.72699        0.290776 
        11.7339         2.72266        0.290776 
        11.7496         2.71684        0.290776 
        11.7653          2.7164        0.290776 
         11.781         2.71277        0.290776 
        11.7967         2.70902        0.290776 
        11.8124         2.70188        0.290776 
        11.8281         2.69963        0.290776 
        11.8438         2.69648        0.290776 
        11.8595         2.69225        0.290776 
        11.8752         2.69078        0.290776 
         11.891         2.68237        0.290776 
        11.9067         2.68105        0.290776 
        11.9224         2.67509        0.290776 
        11.9381         2.67404        0.290776 
        11.9538         2.66956        0.290776 
        11.9695         2.66641        0.290776 
        11.9852         2.66372        0.290776 
        12.0009         2.66311        0.290776 
        12.0166         2.66135        0.290776 
        12.0323         2.65881        0.290776 
         12.048         2.65442        0.290776 
        12.0637         2.65203        0.290776 
